#XDI/1.1
# X-ray Monochromator Darwin Width from xrayweb  Wed Dec 10 08:21:34 2025
# Monochromator.xtal        : Si
# Monochromator.hkl         : 1 1 1
# Monochromator.polarization: 's'
# Monochromator.theta       : 10.647969 (deg)
# Monochromator.theta_width : 25.088985 (microrad)
# Monochromator.energy_width: 1.427849 (eV)
# Monochromator.theta_fwhm  : 26.610887 (microrad)
# Monochromator.rocking_fwhm: 35.124579 (microrad)
# Monochromator.energy_fwhm : 1.514462 (eV)
# Xray.Energy               : 10700 (eV)
# Column.1: dtheta (microrad)
# Column.2: denergy (eV)
# Column.3: zeta (delta_lambda / lambda)
# Column.4: intensity
# Column.5: rocking_curve
#---------------------
# {' '.join(array_names)}
-58.67699200   3.339388778  -3.120924e-4   0.005898679   0.007710446
-58.42610215   3.325110289  -3.107580e-4   0.005935307   0.007853929
-58.17521230   3.310831801  -3.094235e-4   0.005972279   0.007998438
-57.92432246   3.296553313  -3.080891e-4   0.006009598   0.008143984
-57.67343261   3.282274825  -3.067547e-4   0.006047270   0.008290575
-57.42254276   3.267996336  -3.054202e-4   0.006085299   0.008438223
-57.17165291   3.253717848  -3.040858e-4   0.006123689   0.008586939
-56.92076307   3.239439360  -3.027513e-4   0.006162445   0.008736731
-56.66987322   3.225160872  -3.014169e-4   0.006201571   0.008887612
-56.41898337   3.210882383  -3.000825e-4   0.006241073   0.009039590
-56.16809352   3.196603895  -2.987480e-4   0.006280955   0.009192678
-55.91720368   3.182325407  -2.974136e-4   0.006321222   0.009346886
-55.66631383   3.168046919  -2.960792e-4   0.006361880   0.009502223
-55.41542398   3.153768430  -2.947447e-4   0.006402932   0.009658702
-55.16453413   3.139489942  -2.934103e-4   0.006444385   0.009816331
-54.91364429   3.125211454  -2.920758e-4   0.006486244   0.009975124
-54.66275444   3.110932966  -2.907414e-4   0.006528513   0.010135088
-54.41186459   3.096654477  -2.894070e-4   0.006571199   0.010296237
-54.16097474   3.082375989  -2.880725e-4   0.006614307   0.010458578
-53.91008490   3.068097501  -2.867381e-4   0.006657843   0.010622124
-53.65919505   3.053819013  -2.854036e-4   0.006701811   0.010786884
-53.40830520   3.039540524  -2.840692e-4   0.006746219   0.010952869
-53.15741535   3.025262036  -2.827348e-4   0.006791071   0.011120087
-52.90652551   3.010983548  -2.814003e-4   0.006836374   0.011288548
-52.65563566   2.996705060  -2.800659e-4   0.006882134   0.011458262
-52.40474581   2.982426571  -2.787315e-4   0.006928357   0.011629237
-52.15385596   2.968148083  -2.773970e-4   0.006975050   0.011801481
-51.90296612   2.953869595  -2.760626e-4   0.007022219   0.011975002
-51.65207627   2.939591107  -2.747281e-4   0.007069870   0.012149807
-51.40118642   2.925312618  -2.733937e-4   0.007118010   0.012325901
-51.15029658   2.911034130  -2.720593e-4   0.007166645   0.012503288
-50.89940673   2.896755642  -2.707248e-4   0.007215784   0.012681973
-50.64851688   2.882477154  -2.693904e-4   0.007265432   0.012861957
-50.39762703   2.868198665  -2.680560e-4   0.007315596   0.013043240
-50.14673719   2.853920177  -2.667215e-4   0.007366285   0.013225820
-49.89584734   2.839641689  -2.653871e-4   0.007417505   0.013409690
-49.64495749   2.825363201  -2.640526e-4   0.007469263   0.013594842
-49.39406764   2.811084712  -2.627182e-4   0.007521568   0.013781261
-49.14317780   2.796806224  -2.613838e-4   0.007574427   0.013968929
-48.89228795   2.782527736  -2.600493e-4   0.007627849   0.014157816
-48.64139810   2.768249248  -2.587149e-4   0.007681840   0.014347887
-48.39050825   2.753970759  -2.573804e-4   0.007736410   0.014539090
-48.13961841   2.739692271  -2.560460e-4   0.007791566   0.014731355
-47.88872856   2.725413783  -2.547116e-4   0.007847317   0.014924590
-47.63783871   2.711135295  -2.533771e-4   0.007903672   0.015118662
-47.38694886   2.696856806  -2.520427e-4   0.007960640   0.015313384
-47.13605902   2.682578318  -2.507083e-4   0.008018229   0.015508483
-46.88516917   2.668299830  -2.493738e-4   0.008076448   0.015703544
-46.63427932   2.654021342  -2.480394e-4   0.008135308   0.015897915
-46.38338947   2.639742853  -2.467049e-4   0.008194817   0.016090565
-46.13249963   2.625464365  -2.453705e-4   0.008254984   0.016280047
-45.88160978   2.611185877  -2.440361e-4   0.008315821   0.016465137
-45.63071993   2.596907389  -2.427016e-4   0.008377336   0.016645795
-45.37983008   2.582628900  -2.413672e-4   0.008439541   0.016822834
-45.12894024   2.568350412  -2.400327e-4   0.008502445   0.016997168
-44.87805039   2.554071924  -2.386983e-4   0.008566059   0.017169553
-44.62716054   2.539793435  -2.373639e-4   0.008630393   0.017340582
-44.37627069   2.525514947  -2.360294e-4   0.008695460   0.017510721
-44.12538085   2.511236459  -2.346950e-4   0.008761269   0.017680342
-43.87449100   2.496957971  -2.333606e-4   0.008827833   0.017849748
-43.62360115   2.482679482  -2.320261e-4   0.008895163   0.018019190
-43.37271130   2.468400994  -2.306917e-4   0.008963270   0.018188882
-43.12182146   2.454122506  -2.293572e-4   0.009032168   0.018359007
-42.87093161   2.439844018  -2.280228e-4   0.009101868   0.018529727
-42.62004176   2.425565529  -2.266884e-4   0.009172383   0.018701182
-42.36915191   2.411287041  -2.253539e-4   0.009243726   0.018873500
-42.11826207   2.397008553  -2.240195e-4   0.009315910   0.019046795
-41.86737222   2.382730065  -2.226851e-4   0.009388947   0.019221174
-41.61648237   2.368451576  -2.213506e-4   0.009462853   0.019396734
-41.36559252   2.354173088  -2.200162e-4   0.009537640   0.019573563
-41.11470268   2.339894600  -2.186817e-4   0.009613324   0.019751749
-40.86381283   2.325616112  -2.173473e-4   0.009689917   0.019931369
-40.61292298   2.311337623  -2.160129e-4   0.009767436   0.020112502
-40.36203313   2.297059135  -2.146784e-4   0.009845895   0.020295219
-40.11114329   2.282780647  -2.133440e-4   0.009925309   0.020479590
-39.86025344   2.268502159  -2.120095e-4   0.010005695   0.020665684
-39.60936359   2.254223670  -2.106751e-4   0.010087068   0.020853566
-39.35847374   2.239945182  -2.093407e-4   0.010169444   0.021043301
-39.10758390   2.225666694  -2.080062e-4   0.010252841   0.021234951
-38.85669405   2.211388206  -2.066718e-4   0.010337275   0.021428579
-38.60580420   2.197109717  -2.053374e-4   0.010422763   0.021624245
-38.35491435   2.182831229  -2.040029e-4   0.010509324   0.021822010
-38.10402451   2.168552741  -2.026685e-4   0.010596976   0.022021935
-37.85313466   2.154274253  -2.013340e-4   0.010685737   0.022224078
-37.60224481   2.139995764  -1.999996e-4   0.010775626   0.022428500
-37.35135496   2.125717276  -1.986652e-4   0.010866662   0.022635260
-37.10046512   2.111438788  -1.973307e-4   0.010958865   0.022844418
-36.84957527   2.097160300  -1.959963e-4   0.011052256   0.023056035
-36.59868542   2.082881811  -1.946619e-4   0.011146854   0.023270169
-36.34779557   2.068603323  -1.933274e-4   0.011242682   0.023486883
-36.09690573   2.054324835  -1.919930e-4   0.011339760   0.023706238
-35.84601588   2.040046347  -1.906585e-4   0.011438111   0.023928295
-35.59512603   2.025767858  -1.893241e-4   0.011537757   0.024153117
-35.34423618   2.011489370  -1.879897e-4   0.011638721   0.024380767
-35.09334634   1.997210882  -1.866552e-4   0.011741027   0.024611310
-34.84245649   1.982932394  -1.853208e-4   0.011844698   0.024844811
-34.59156664   1.968653905  -1.839863e-4   0.011949760   0.025081336
-34.34067680   1.954375417  -1.826519e-4   0.012056237   0.025320952
-34.08978695   1.940096929  -1.813175e-4   0.012164156   0.025563728
-33.83889710   1.925818441  -1.799830e-4   0.012273542   0.025809732
-33.58800725   1.911539952  -1.786486e-4   0.012384423   0.026059038
-33.33711741   1.897261464  -1.773142e-4   0.012496826   0.026311715
-33.08622756   1.882982976  -1.759797e-4   0.012610779   0.026567838
-32.83533771   1.868704488  -1.746453e-4   0.012726312   0.026827482
-32.58444786   1.854425999  -1.733108e-4   0.012843453   0.027090724
-32.33355802   1.840147511  -1.719764e-4   0.012962234   0.027357642
-32.08266817   1.825869023  -1.706420e-4   0.013082684   0.027628316
-31.83177832   1.811590535  -1.693075e-4   0.013204837   0.027902827
-31.58088847   1.797312046  -1.679731e-4   0.013328724   0.028181260
-31.32999863   1.783033558  -1.666387e-4   0.013454378   0.028463699
-31.07910878   1.768755070  -1.653042e-4   0.013581835   0.028750233
-30.82821893   1.754476581  -1.639698e-4   0.013711128   0.029040950
-30.57732908   1.740198093  -1.626353e-4   0.013842293   0.029335943
-30.32643924   1.725919605  -1.613009e-4   0.013975368   0.029635305
-30.07554939   1.711641117  -1.599665e-4   0.014110389   0.029939133
-29.82465954   1.697362628  -1.586320e-4   0.014247396   0.030247525
-29.57376969   1.683084140  -1.572976e-4   0.014386427   0.030560583
-29.32287985   1.668805652  -1.559631e-4   0.014527524   0.030878410
-29.07199000   1.654527164  -1.546287e-4   0.014670727   0.031201113
-28.82110015   1.640248675  -1.532943e-4   0.014816079   0.031528800
-28.57021030   1.625970187  -1.519598e-4   0.014963625   0.031861585
-28.31932046   1.611691699  -1.506254e-4   0.015113408   0.032199582
-28.06843061   1.597413211  -1.492910e-4   0.015265475   0.032542909
-27.81754076   1.583134722  -1.479565e-4   0.015419873   0.032891688
-27.56665091   1.568856234  -1.466221e-4   0.015576651   0.033246044
-27.31576107   1.554577746  -1.452876e-4   0.015735857   0.033606105
-27.06487122   1.540299258  -1.439532e-4   0.015897543   0.033972003
-26.81398137   1.526020769  -1.426188e-4   0.016061761   0.034343873
-26.56309152   1.511742281  -1.412843e-4   0.016228565   0.034721856
-26.31220168   1.497463793  -1.399499e-4   0.016398010   0.035106094
-26.06131183   1.483185305  -1.386154e-4   0.016570154   0.035496735
-25.81042198   1.468906816  -1.372810e-4   0.016745053   0.035893932
-25.55953213   1.454628328  -1.359466e-4   0.016922768   0.036297841
-25.30864229   1.440349840  -1.346121e-4   0.017103360   0.036708623
-25.05775244   1.426071352  -1.332777e-4   0.017286893   0.037126444
-24.80686259   1.411792863  -1.319433e-4   0.017473432   0.037551476
-24.55597274   1.397514375  -1.306088e-4   0.017663042   0.037983894
-24.30508290   1.383235887  -1.292744e-4   0.017855794   0.038423881
-24.05419305   1.368957399  -1.279399e-4   0.018051757   0.038871624
-23.80330320   1.354678910  -1.266055e-4   0.018251005   0.039327317
-23.55241335   1.340400422  -1.252711e-4   0.018453611   0.039791159
-23.30152351   1.326121934  -1.239366e-4   0.018659653   0.040263356
-23.05063366   1.311843446  -1.226022e-4   0.018869210   0.040744121
-22.79974381   1.297564957  -1.212678e-4   0.019082363   0.041233673
-22.54885396   1.283286469  -1.199333e-4   0.019299196   0.041732238
-22.29796412   1.269007981  -1.185989e-4   0.019519796   0.042240051
-22.04707427   1.254729493  -1.172644e-4   0.019744251   0.042757355
-21.79618442   1.240451004  -1.159300e-4   0.019972653   0.043284398
-21.54529457   1.226172516  -1.145956e-4   0.020205097   0.043821440
-21.29440473   1.211894028  -1.132611e-4   0.020441679   0.044368749
-21.04351488   1.197615540  -1.119267e-4   0.020682500   0.044926600
-20.79262503   1.183337051  -1.105922e-4   0.020927663   0.045495281
-20.54173518   1.169058563  -1.092578e-4   0.021177275   0.046075087
-20.29084534   1.154780075  -1.079234e-4   0.021431445   0.046666326
-20.03995549   1.140501587  -1.065889e-4   0.021690287   0.047269317
-19.78906564   1.126223098  -1.052545e-4   0.021953918   0.047884387
-19.53817579   1.111944610  -1.039201e-4   0.022222458   0.048511880
-19.28728595   1.097666122  -1.025856e-4   0.022496033   0.049152148
-19.03639610   1.083387634  -1.012512e-4   0.022774769   0.049805560
-18.78550625   1.069109145  -9.991674e-5   0.023058801   0.050472496
-18.53461640   1.054830657  -9.858230e-5   0.023348266   0.051153352
-18.28372656   1.040552169  -9.724787e-5   0.023643304   0.051848539
-18.03283671   1.026273681  -9.591343e-5   0.023944063   0.052558483
-17.78194686   1.011995192  -9.457899e-5   0.024250694   0.053283628
-17.53105702   0.997716704  -9.324455e-5   0.024563352   0.054024434
-17.28016717   0.983438216  -9.191011e-5   0.024882201   0.054781380
-17.02927732   0.969159728  -9.057568e-5   0.025207407   0.055554966
-16.77838747   0.954881239  -8.924124e-5   0.025539143   0.056345709
-16.52749763   0.940602751  -8.790680e-5   0.025877588   0.057154151
-16.27660778   0.926324263  -8.657236e-5   0.026222928   0.057980852
-16.02571793   0.912045774  -8.523792e-5   0.026575355   0.058826401
-15.77482808   0.897767286  -8.390348e-5   0.026935067   0.059691409
-15.52393824   0.883488798  -8.256905e-5   0.027302271   0.060576512
-15.27304839   0.869210310  -8.123461e-5   0.027677180   0.061482376
-15.02215854   0.854931821  -7.990017e-5   0.028060015   0.062409696
-14.77126869   0.840653333  -7.856573e-5   0.028451006   0.063359198
-14.52037885   0.826374845  -7.723129e-5   0.028850390   0.064331640
-14.26948900   0.812096357  -7.589686e-5   0.029258414   0.065327815
-14.01859915   0.797817868  -7.456242e-5   0.029675335   0.066348554
-13.76770930   0.783539380  -7.322798e-5   0.030101417   0.067394725
-13.51681946   0.769260892  -7.189354e-5   0.030536938   0.068467237
-13.26592961   0.754982404  -7.055910e-5   0.030982185   0.069567045
-13.01503976   0.740703915  -6.922466e-5   0.031437454   0.070695150
-12.76414991   0.726425427  -6.789023e-5   0.031903056   0.071852601
-12.51326007   0.712146939  -6.655579e-5   0.032379312   0.073040500
-12.26237022   0.697868451  -6.522135e-5   0.032866559   0.074260007
-12.01148037   0.683589962  -6.388691e-5   0.033365143   0.075512339
-11.76059052   0.669311474  -6.255247e-5   0.033875429   0.076798779
-11.50970068   0.655032986  -6.121804e-5   0.034397793   0.078120679
-11.25881083   0.640754498  -5.988360e-5   0.034932629   0.079479460
-11.00792098   0.626476009  -5.854916e-5   0.035480347   0.080876625
-10.75703113   0.612197521  -5.721472e-5   0.036041375   0.082313761
-10.50614129   0.597919033  -5.588028e-5   0.036616158   0.083792542
-10.25525144   0.583640545  -5.454585e-5   0.037205160   0.085314741
-10.00436159   0.569362056  -5.321141e-5   0.037808868   0.086882236
-9.753471744   0.555083568  -5.187697e-5   0.038427788   0.088497015
-9.502581896   0.540805080  -5.054253e-5   0.039062448   0.090161189
-9.251692049   0.526526592  -4.920809e-5   0.039713403   0.091877000
-9.000802201   0.512248103  -4.787365e-5   0.040381229   0.093646833
-8.749912354   0.497969615  -4.653922e-5   0.041066532   0.095473226
-8.499022507   0.483691127  -4.520478e-5   0.041769945   0.097358885
-8.248132659   0.469412639  -4.387034e-5   0.042492131   0.099306700
-7.997242812   0.455134150  -4.253590e-5   0.043233782   0.101319761
-7.746352964   0.440855662  -4.120146e-5   0.043995628   0.103401375
-7.495463117   0.426577174  -3.986703e-5   0.044778429   0.105555089
-7.244573269   0.412298686  -3.853259e-5   0.045582987   0.107784716
-6.993683422   0.398020197  -3.719815e-5   0.046410141   0.110094357
-6.742793574   0.383741709  -3.586371e-5   0.047260772   0.112488435
-6.491903727   0.369463221  -3.452927e-5   0.048135809   0.114971731
-6.241013879   0.355184733  -3.319483e-5   0.049036225   0.117549423
-5.990124032   0.340906244  -3.186040e-5   0.049963046   0.120227132
-5.739234184   0.326627756  -3.052596e-5   0.050917351   0.123010975
-5.488344337   0.312349268  -2.919152e-5   0.051900276   0.125907633
-5.237454490   0.298070780  -2.785708e-5   0.052913021   0.128924418
-4.986564642   0.283792291  -2.652264e-5   0.053956849   0.132069364
-4.735674795   0.269513803  -2.518821e-5   0.055033094   0.135351332
-4.484784947   0.255235315  -2.385377e-5   0.056143166   0.138780131
-4.233895100   0.240956827  -2.251933e-5   0.057288555   0.142366671
-3.983005252   0.226678338  -2.118489e-5   0.058470835   0.146123148
-3.732115405   0.212399850  -1.985045e-5   0.059691675   0.150063271
-3.481225557   0.198121362  -1.851602e-5   0.060952842   0.154202550
-3.230335710   0.183842874  -1.718158e-5   0.062256210   0.158558652
-2.979445862   0.169564385  -1.584714e-5   0.063603768   0.163151864
-2.728556015   0.155285897  -1.451270e-5   0.064997626   0.168005674
-2.477666167   0.141007409  -1.317826e-5   0.066440032   0.173147494
-2.226776320   0.126728920  -1.184382e-5   0.067933373   0.178609446
-1.975886472   0.112450432  -1.050939e-5   0.069480195   0.184428646
-1.724996625   0.098171944  -9.174948e-6   0.071083211   0.190643365
-1.474106778   0.083893456  -7.840510e-6   0.072745318   0.197256446
-1.223216930   0.069614967  -6.506072e-6   0.074469608   0.204153307
-0.972327083   0.055336479  -5.171634e-6   0.076259392   0.211157345
-0.721437235   0.041057991  -3.837195e-6   0.078118214   0.218209245
-0.470547388   0.026779503  -2.502757e-6   0.080049874   0.225286149
-0.219657540   0.012501014  -1.168319e-6   0.082058451   0.232376606
 0.031232307  -0.001777474   1.661190e-7   0.084148329   0.239473854
 0.282122155  -0.016055962   1.500557e-6   0.086324229   0.246573468
 0.533012002  -0.030334450   2.834995e-6   0.088591238   0.253672335
 0.783901850  -0.044612939   4.169434e-6   0.090954847   0.260768141
 1.034791697  -0.058891427   5.503872e-6   0.093420994   0.267859094
 1.285681545  -0.073169915   6.838310e-6   0.095996109   0.274943757
 1.536571392  -0.087448403   8.172748e-6   0.098687167   0.282020941
 1.787461239  -0.101726892   9.507186e-6   0.101501746   0.289089641
 2.038351087  -0.116005380   1.084162e-5   0.104448100   0.296148983
 2.289240934  -0.130283868   1.217606e-5   0.107535229   0.303198195
 2.540130782  -0.144562356   1.351050e-5   0.110772974   0.310236582
 2.791020629  -0.158840845   1.484494e-5   0.114172116   0.317263508
 3.041910477  -0.173119333   1.617938e-5   0.117744492   0.324278385
 3.292800324  -0.187397821   1.751382e-5   0.121503133   0.331280657
 3.543690172  -0.201676309   1.884825e-5   0.125462421   0.338269796
 3.794580019  -0.215954798   2.018269e-5   0.129638270   0.345245298
 4.045469867  -0.230233286   2.151713e-5   0.134048347   0.352206670
 4.296359714  -0.244511774   2.285157e-5   0.138712321   0.359153434
 4.547249562  -0.258790262   2.418601e-5   0.143652168   0.366085116
 4.798139409  -0.273068751   2.552044e-5   0.148892529   0.373001249
 5.049029256  -0.287347239   2.685488e-5   0.154461138   0.379901367
 5.299919104  -0.301625727   2.818932e-5   0.160389347   0.386785003
 5.550808951  -0.315904215   2.952376e-5   0.166712756   0.393651688
 5.801698799  -0.330182704   3.085820e-5   0.173471987   0.400500948
 6.052588646  -0.344461192   3.219263e-5   0.180713648   0.407332304
 6.303478494  -0.358739680   3.352707e-5   0.188491528   0.414145266
 6.554368341  -0.373018168   3.486151e-5   0.196868110   0.420939339
 6.805258189  -0.387296657   3.619595e-5   0.205916500   0.427714014
 7.056148036  -0.401575145   3.753039e-5   0.215722918   0.434468771
 7.307037884  -0.415853633   3.886483e-5   0.226389974   0.441203079
 7.557927731  -0.430132121   4.019926e-5   0.238041016   0.447916388
 7.808817579  -0.444410610   4.153370e-5   0.250826050   0.454608134
 8.059707426  -0.458689098   4.286814e-5   0.264929916   0.461277737
 8.310597273  -0.472967586   4.420258e-5   0.280583909   0.467924597
 8.561487121  -0.487246074   4.553702e-5   0.298082712   0.474548092
 8.812376968  -0.501524563   4.687145e-5   0.317809933   0.481147581
 9.063266816  -0.515803051   4.820589e-5   0.340278145   0.487722400
 9.314156663  -0.530081539   4.954033e-5   0.366194793   0.494271858
 9.565046511  -0.544360027   5.087477e-5   0.396577449   0.500795239
 9.815936358  -0.558638516   5.220921e-5   0.432971829   0.507291801
 10.06682621  -0.572917004   5.354365e-5   0.477910139   0.513760768
 10.31771605  -0.587195492   5.487808e-5   0.536031527   0.520201334
 10.56860590  -0.601473980   5.621252e-5   0.617539224   0.526612661
 10.81949575  -0.615752469   5.754696e-5   0.753316953   0.532993873
 11.07038560  -0.630030957   5.888140e-5   0.909420899   0.539344055
 11.32127544  -0.644309445   6.021584e-5   0.939587922   0.545662253
 11.57216529  -0.658587934   6.155027e-5   0.949976844   0.551947467
 11.82305514  -0.672866422   6.288471e-5   0.955343733   0.558198652
 12.07394499  -0.687144910   6.421915e-5   0.958608002   0.564414714
 12.32483483  -0.701423398   6.555359e-5   0.960769373   0.570594503
 12.57572468  -0.715701887   6.688803e-5   0.962271851   0.576736816
 12.82661453  -0.729980375   6.822246e-5   0.963345563   0.582840386
 13.07750438  -0.744258863   6.955690e-5   0.964122755   0.588903882
 13.32839422  -0.758537351   7.089134e-5   0.964685269   0.594925904
 13.57928407  -0.772815840   7.222578e-5   0.965086670   0.600904977
 13.83017392  -0.787094328   7.356022e-5   0.965363578   0.606839543
 14.08106377  -0.801372816   7.489466e-5   0.965541922   0.612727961
 14.33195361  -0.815651304   7.622909e-5   0.965640595   0.618568494
 14.58284346  -0.829929793   7.756353e-5   0.965673692   0.624359305
 14.83373331  -0.844208281   7.889797e-5   0.965651945   0.630098447
 15.08462315  -0.858486769   8.023241e-5   0.965583660   0.635783858
 15.33551300  -0.872765257   8.156685e-5   0.965475361   0.641413344
 15.58640285  -0.887043746   8.290128e-5   0.965332236   0.646984574
 15.83729270  -0.901322234   8.423572e-5   0.965158454   0.652495066
 16.08818254  -0.915600722   8.557016e-5   0.964957391   0.657942171
 16.33907239  -0.929879210   8.690460e-5   0.964731805   0.663323061
 16.58996224  -0.944157699   8.823904e-5   0.964483960   0.668634709
 16.84085209  -0.958436187   8.957348e-5   0.964215722   0.673873871
 17.09174193  -0.972714675   9.090791e-5   0.963928635   0.679037065
 17.34263178  -0.986993163   9.224235e-5   0.963623976   0.684120542
 17.59352163  -1.001271652   9.357679e-5   0.963302803   0.689120261
 17.84441148  -1.015550140   9.491123e-5   0.962965988   0.694031858
 18.09530132  -1.029828628   9.624567e-5   0.962614246   0.698850604
 18.34619117  -1.044107116   9.758010e-5   0.962248159   0.703571365
 18.59708102  -1.058385605   9.891454e-5   0.961868192   0.708188552
 18.84797087  -1.072664093   1.002490e-4   0.961474711   0.712696064
 19.09886071  -1.086942581   1.015834e-4   0.961067993   0.717087216
 19.34975056  -1.101221069   1.029179e-4   0.960648235   0.721354663
 19.60064041  -1.115499558   1.042523e-4   0.960215564   0.725490305
 19.85153026  -1.129778046   1.055867e-4   0.959770044   0.729485167
 20.10242010  -1.144056534   1.069212e-4   0.959311677   0.733329272
 20.35330995  -1.158335022   1.082556e-4   0.958840411   0.737011464
 20.60419980  -1.172613511   1.095900e-4   0.958356143   0.740519213
 20.85508965  -1.186891999   1.109245e-4   0.957858720   0.743838359
 21.10597949  -1.201170487   1.122589e-4   0.957347940   0.746952796
 21.35686934  -1.215448975   1.135934e-4   0.956823556   0.749844082
 21.60775919  -1.229727464   1.149278e-4   0.956285275   0.752490932
 21.85864904  -1.244005952   1.162622e-4   0.955732756   0.754868582
 22.10953888  -1.258284440   1.175967e-4   0.955165615   0.756947977
 22.36042873  -1.272562928   1.189311e-4   0.954583418   0.758694767
 22.61131858  -1.286841417   1.202656e-4   0.953985685   0.760068152
 22.86220843  -1.301119905   1.216000e-4   0.953371882   0.761019897
 23.11309827  -1.315398393   1.229344e-4   0.952741426   0.761494658
 23.36398812  -1.329676881   1.242689e-4   0.952093678   0.761435038
 23.61487797  -1.343955370   1.256033e-4   0.951427939   0.760796989
 23.86576782  -1.358233858   1.269377e-4   0.950743449   0.759576460
 24.11665766  -1.372512346   1.282722e-4   0.950039382   0.757816018
 24.36754751  -1.386790834   1.296066e-4   0.949314837   0.755582068
 24.61843736  -1.401069323   1.309411e-4   0.948568839   0.752940280
 24.86932721  -1.415347811   1.322755e-4   0.947800328   0.749946685
 25.12021705  -1.429626299   1.336099e-4   0.947008150   0.746647165
 25.37110690  -1.443904788   1.349444e-4   0.946191053   0.743079143
 25.62199675  -1.458183276   1.362788e-4   0.945347674   0.739273394
 25.87288660  -1.472461764   1.376132e-4   0.944476528   0.735255521
 26.12377644  -1.486740252   1.389477e-4   0.943575998   0.731047075
 26.37466629  -1.501018741   1.402821e-4   0.942644315   0.726666402
 26.62555614  -1.515297229   1.416166e-4   0.941679547   0.722129273
 26.87644599  -1.529575717   1.429510e-4   0.940679576   0.717449369
 27.12733583  -1.543854205   1.442854e-4   0.939642078   0.712638654
 27.37822568  -1.558132694   1.456199e-4   0.938564494   0.707707662
 27.62911553  -1.572411182   1.469543e-4   0.937444004   0.702665732
 27.88000538  -1.586689670   1.482888e-4   0.936277491   0.697521190
 28.13089522  -1.600968158   1.496232e-4   0.935061497   0.692281495
 28.38178507  -1.615246647   1.509576e-4   0.933792182   0.686953365
 28.63267492  -1.629525135   1.522921e-4   0.932465260   0.681542875
 28.88356477  -1.643803623   1.536265e-4   0.931075935   0.676055542
 29.13445461  -1.658082111   1.549609e-4   0.929618824   0.670496391
 29.38534446  -1.672360600   1.562954e-4   0.928087855   0.664870019
 29.63623431  -1.686639088   1.576298e-4   0.926476155   0.659180645
 29.88712416  -1.700917576   1.589643e-4   0.924775908   0.653432147
 30.13801400  -1.715196064   1.602987e-4   0.922978181   0.647628106
 30.38890385  -1.729474553   1.616331e-4   0.921072712   0.641771835
 30.63979370  -1.743753041   1.629676e-4   0.919047644   0.635866406
 30.89068354  -1.758031529   1.643020e-4   0.916889193   0.629914674
 31.14157339  -1.772310017   1.656365e-4   0.914581224   0.623919300
 31.39246324  -1.786588506   1.669709e-4   0.912104711   0.617882771
 31.64335309  -1.800866994   1.683053e-4   0.909437037   0.611807412
 31.89424293  -1.815145482   1.696398e-4   0.906551070   0.605695404
 32.14513278  -1.829423970   1.709742e-4   0.903413942   0.599548795
 32.39602263  -1.843702459   1.723086e-4   0.899985393   0.593369515
 32.64691248  -1.857980947   1.736431e-4   0.896215490   0.587159384
 32.89780232  -1.872259435   1.749775e-4   0.892041445   0.580920119
 33.14869217  -1.886537923   1.763120e-4   0.887383041   0.574653349
 33.39958202  -1.900816412   1.776464e-4   0.882135947   0.568360616
 33.65047187  -1.915094900   1.789808e-4   0.876161641   0.562043387
 33.90136171  -1.929373388   1.803153e-4   0.869271775   0.555703058
 34.15225156  -1.943651876   1.816497e-4   0.861203079   0.549340958
 34.40314141  -1.957930365   1.829841e-4   0.851575519   0.542958359
 34.65403126  -1.972208853   1.843186e-4   0.839819677   0.536556476
 34.90492110  -1.986487341   1.856530e-4   0.825045770   0.530136476
 35.15581095  -2.000765829   1.869875e-4   0.805802212   0.523699478
 35.40670080  -2.015044318   1.883219e-4   0.779652545   0.517246560
 35.65759065  -2.029322806   1.896563e-4   0.742695459   0.510778760
 35.90848049  -2.043601294   1.909908e-4   0.690697349   0.504297084
 36.15937034  -2.057879782   1.923252e-4   0.626036771   0.497802502
 36.41026019  -2.072158271   1.936597e-4   0.561101269   0.491295958
 36.66115004  -2.086436759   1.949941e-4   0.504733871   0.484778368
 36.91203988  -2.100715247   1.963285e-4   0.457909123   0.478250626
 37.16292973  -2.114993735   1.976630e-4   0.418959598   0.471713604
 37.41381958  -2.129272224   1.989974e-4   0.386128810   0.465168157
 37.66470943  -2.143550712   2.003318e-4   0.358050059   0.458615123
 37.91559927  -2.157829200   2.016663e-4   0.333717405   0.452055327
 38.16648912  -2.172107688   2.030007e-4   0.312390631   0.445489584
 38.41737897  -2.186386177   2.043352e-4   0.293516826   0.438918698
 38.66826882  -2.200664665   2.056696e-4   0.276675250   0.432343471
 38.91915866  -2.214943153   2.070040e-4   0.261539786   0.425764696
 39.17004851  -2.229221642   2.083385e-4   0.247853331   0.419183168
 39.42093836  -2.243500130   2.096729e-4   0.235410054   0.412599681
 39.67182821  -2.257778618   2.110073e-4   0.224042902   0.406015036
 39.92271805  -2.272057106   2.123418e-4   0.213614631   0.399430037
 40.17360790  -2.286335595   2.136762e-4   0.204011251   0.392845499
 40.42449775  -2.300614083   2.150107e-4   0.195137161   0.386262249
 40.67538760  -2.314892571   2.163451e-4   0.186911474   0.379681130
 40.92627744  -2.329171059   2.176795e-4   0.179265213   0.373103003
 41.17716729  -2.343449548   2.190140e-4   0.172139133   0.366528755
 41.42805714  -2.357728036   2.203484e-4   0.165482018   0.359959297
 41.67894699  -2.372006524   2.216829e-4   0.159249324   0.353395575
 41.92983683  -2.386285012   2.230173e-4   0.153402106   0.346838572
 42.18072668  -2.400563501   2.243517e-4   0.147906136   0.340289312
 42.43161653  -2.414841989   2.256862e-4   0.142731198   0.333748874
 42.68250638  -2.429120477   2.270206e-4   0.137850500   0.327218389
 42.93339622  -2.443398965   2.283550e-4   0.133240194   0.320699061
 43.18428607  -2.457677454   2.296895e-4   0.128878974   0.314192165
 43.43517592  -2.471955942   2.310239e-4   0.124747735   0.307699069
 43.68606577  -2.486234430   2.323584e-4   0.120829299   0.301221241
 43.93695561  -2.500512918   2.336928e-4   0.117108165   0.294760271
 44.18784546  -2.514791407   2.350272e-4   0.113570312   0.288317884
 44.43873531  -2.529069895   2.363617e-4   0.110203021   0.281895970
 44.68962516  -2.543348383   2.376961e-4   0.106994725   0.275496608
 44.94051500  -2.557626871   2.390305e-4   0.103934881   0.269122100
 45.19140485  -2.571905360   2.403650e-4   0.101013857   0.262775017
 45.44229470  -2.586183848   2.416994e-4   0.098222835   0.256458249
 45.69318455  -2.600462336   2.430339e-4   0.095553724   0.250175071
 45.94407439  -2.614740824   2.443683e-4   0.092999090   0.243929225
 46.19496424  -2.629019313   2.457027e-4   0.090552086   0.237725028
 46.44585409  -2.643297801   2.470372e-4   0.088206395   0.231567508
 46.69674394  -2.657576289   2.483716e-4   0.085956182   0.225462579
 46.94763378  -2.671854777   2.497061e-4   0.083796048   0.219417270
 47.19852363  -2.686133266   2.510405e-4   0.081720987   0.213440019
 47.44941348  -2.700411754   2.523749e-4   0.079726353   0.207541038
 47.70030332  -2.714690242   2.537094e-4   0.077807830   0.201732747
 47.95119317  -2.728968730   2.550438e-4   0.075961398   0.196030184
 48.20208302  -2.743247219   2.563782e-4   0.074183313   0.190451198
 48.45297287  -2.757525707   2.577127e-4   0.072470080   0.185015954
 48.70386271  -2.771804195   2.590471e-4   0.070818436   0.179745165
 48.95475256  -2.786082683   2.603816e-4   0.069225328   0.174657013
 49.20564241  -2.800361172   2.617160e-4   0.067687897   0.169764008
 49.45653226  -2.814639660   2.630504e-4   0.066203467   0.165071637
 49.70742210  -2.828918148   2.643849e-4   0.064769523   0.160579143
 49.95831195  -2.843196636   2.657193e-4   0.063383705   0.156281381
 50.20920180  -2.857475125   2.670537e-4   0.062043796   0.152170607
 50.46009165  -2.871753613   2.683882e-4   0.060747708   0.148237791
 50.71098149  -2.886032101   2.697226e-4   0.059493475   0.144473454
 50.96187134  -2.900310589   2.710571e-4   0.058279245   0.140868162
 51.21276119  -2.914589078   2.723915e-4   0.057103270   0.137412790
 51.46365104  -2.928867566   2.737259e-4   0.055963900   0.134098668
 51.71454088  -2.943146054   2.750604e-4   0.054859577   0.130917639
 51.96543073  -2.957424542   2.763948e-4   0.053788826   0.127862073
 52.21632058  -2.971703031   2.777293e-4   0.052750253   0.124924858
 52.46721043  -2.985981519   2.790637e-4   0.051742537   0.122099378
 52.71810027  -3.000260007   2.803981e-4   0.050764426   0.119379483
 52.96899012  -3.014538496   2.817326e-4   0.049814734   0.116759455
 53.21987997  -3.028816984   2.830670e-4   0.048892334   0.114233980
 53.47076982  -3.043095472   2.844014e-4   0.047996158   0.111798111
 53.72165966  -3.057373960   2.857359e-4   0.047125190   0.109447241
 53.97254951  -3.071652449   2.870703e-4   0.046278464   0.107177077
 54.22343936  -3.085930937   2.884048e-4   0.045455062   0.104983614
 54.47432921  -3.100209425   2.897392e-4   0.044654109   0.102863107
 54.72521905  -3.114487913   2.910736e-4   0.043874773   0.100812058
 54.97610890  -3.128766402   2.924081e-4   0.043116261   0.098827189
 55.22699875  -3.143044890   2.937425e-4   0.042377817   0.096905430
 55.47788860  -3.157323378   2.950770e-4   0.041658720   0.095043898
 55.72877844  -3.171601866   2.964114e-4   0.040958281   0.093239887
 55.97966829  -3.185880355   2.977458e-4   0.040275842   0.091490852
 56.23055814  -3.200158843   2.990803e-4   0.039610777   0.089794397
 56.48144799  -3.214437331   3.004147e-4   0.038962486   0.088148266
 56.73233783  -3.228715819   3.017491e-4   0.038330394   0.086550330
 56.98322768  -3.242994308   3.030836e-4   0.037713953   0.084998580
 57.23411753  -3.257272796   3.044180e-4   0.037112637   0.083491118
 57.48500738  -3.271551284   3.057525e-4   0.036525945   0.082026149
 57.73589722  -3.285829772   3.070869e-4   0.035953393   0.080601973
 57.98678707  -3.300108261   3.084213e-4   0.035394522   0.079216982
 58.23767692  -3.314386749   3.097558e-4   0.034848888   0.077869649
 58.48856677  -3.328665237   3.110902e-4   0.034316067   0.076558529
 58.73945661  -3.342943725   3.124246e-4   0.033795653   0.075282247
 58.99034646  -3.357222214   3.137591e-4   0.033287253   0.074039497
 59.24123631  -3.371500702   3.150935e-4   0.032790494   0.072829039
 59.49212616  -3.385779190   3.164280e-4   0.032305015   0.071649691
 59.74301600  -3.400057678   3.177624e-4   0.031830470   0.070500329
 59.99390585  -3.414336167   3.190968e-4   0.031366526   0.069379883
 60.24479570  -3.428614655   3.204313e-4   0.030912864   0.068287331
 60.49568555  -3.442893143   3.217657e-4   0.030469175   0.067221699
 60.74657539  -3.457171631   3.231002e-4   0.030035163   0.066182058
 60.99746524  -3.471450120   3.244346e-4   0.029610545   0.065167521
 61.24835509  -3.485728608   3.257690e-4   0.029195044   0.064177240
 61.49924494  -3.500007096   3.271035e-4   0.028788398   0.063210403
 61.75013478  -3.514285584   3.284379e-4   0.028390351   0.062266236
 62.00102463  -3.528564073   3.297723e-4   0.028000659   0.061343997
 62.25191448  -3.542842561   3.311068e-4   0.027619084   0.060442974
 62.50280433  -3.557121049   3.324412e-4   0.027245400   0.059562488
 62.75369417  -3.571399537   3.337757e-4   0.026879385   0.058701886
 63.00458402  -3.585678026   3.351101e-4   0.026520828   0.057860543
 63.25547387  -3.599956514   3.364445e-4   0.026169525   0.057037859
 63.50636372  -3.614235002   3.377790e-4   0.025825277   0.056233257
 63.75725356  -3.628513490   3.391134e-4   0.025487893   0.055446186
 64.00814341  -3.642791979   3.404478e-4   0.025157189   0.054676115
 64.25903326  -3.657070467   3.417823e-4   0.024832988   0.053922532
 64.50992310  -3.671348955   3.431167e-4   0.024515117   0.053184949
 64.76081295  -3.685627443   3.444512e-4   0.024203409   0.052462892
 65.01170280  -3.699905932   3.457856e-4   0.023897704   0.051755909
 65.26259265  -3.714184420   3.471200e-4   0.023597846   0.051063562
 65.51348249  -3.728462908   3.484545e-4   0.023303685   0.050385432
 65.76437234  -3.742741396   3.497889e-4   0.023015076   0.049721114
 66.01526219  -3.757019885   3.511234e-4   0.022731876   0.049070216
 66.26615204  -3.771298373   3.524578e-4   0.022453950   0.048432364
 66.51704188  -3.785576861   3.537922e-4   0.022181167   0.047807195
 66.76793173  -3.799855349   3.551267e-4   0.021913397   0.047194359
 67.01882158  -3.814133838   3.564611e-4   0.021650517   0.046593520
 67.26971143  -3.828412326   3.577955e-4   0.021392407   0.046004351
 67.52060127  -3.842690814   3.591300e-4   0.021138950   0.045426538
 67.77149112  -3.856969303   3.604644e-4   0.020890035   0.044859778
 68.02238097  -3.871247791   3.617989e-4   0.020645551   0.044303779
 68.27327082  -3.885526279   3.631333e-4   0.020405393   0.043758256
 68.52416066  -3.899804767   3.644677e-4   0.020169458   0.043222936
 68.77505051  -3.914083256   3.658022e-4   0.019937645   0.042697554
 69.02594036  -3.928361744   3.671366e-4   0.019709859   0.042181855
 69.27683021  -3.942640232   3.684710e-4   0.019486005   0.041675591
 69.52772005  -3.956918720   3.698055e-4   0.019265993   0.041178523
 69.77860990  -3.971197209   3.711399e-4   0.019049733   0.040690417
 70.02949975  -3.985475697   3.724744e-4   0.018837140   0.040211051
 70.28038960  -3.999754185   3.738088e-4   0.018628131   0.039740207
 70.53127944  -4.014032673   3.751432e-4   0.018422624   0.039277674
 70.78216929  -4.028311162   3.764777e-4   0.018220540   0.038823247
 71.03305914  -4.042589650   3.778121e-4   0.018021803   0.038376730
 71.28394899  -4.056868138   3.791466e-4   0.017826339   0.037937931
 71.53483883  -4.071146626   3.804810e-4   0.017634076   0.037506663
 71.78572868  -4.085425115   3.818154e-4   0.017444942   0.037082747
 72.03661853  -4.099703603   3.831499e-4   0.017258870   0.036666008
 72.28750838  -4.113982091   3.844843e-4   0.017075793   0.036256275
 72.53839822  -4.128260579   3.858187e-4   0.016895647   0.035853384
 72.78928807  -4.142539068   3.871532e-4   0.016718368   0.035457175
 73.04017792  -4.156817556   3.884876e-4   0.016543896   0.035067492
 73.29106777  -4.171096044   3.898221e-4   0.016372171   0.034684186
 73.54195761  -4.185374532   3.911565e-4   0.016203134   0.034307109
 73.79284746  -4.199653021   3.924909e-4   0.016036730   0.033936119
 74.04373731  -4.213931509   3.938254e-4   0.015872904   0.033571076
 74.29462716  -4.228209997   3.951598e-4   0.015711601   0.033211848
 74.54551700  -4.242488485   3.964943e-4   0.015552771   0.032858302
 74.79640685  -4.256766974   3.978287e-4   0.015396361   0.032510312
 75.04729670  -4.271045462   3.991631e-4   0.015242323   0.032167753
 75.29818655  -4.285323950   4.004976e-4   0.015090609   0.031830504
 75.54907639  -4.299602438   4.018320e-4   0.014941171   0.031498449
 75.79996624  -4.313880927   4.031664e-4   0.014793964   0.031171473
 76.05085609  -4.328159415   4.045009e-4   0.014648943   0.030849465
 76.30174594  -4.342437903   4.058353e-4   0.014506064   0.030532315
 76.55263578  -4.356716391   4.071698e-4   0.014365286   0.030219919
 76.80352563  -4.370994880   4.085042e-4   0.014226567   0.029912173
 77.05441548  -4.385273368   4.098386e-4   0.014089866   0.029608977
 77.30530533  -4.399551856   4.111731e-4   0.013955145   0.029310232
 77.55619517  -4.413830344   4.125075e-4   0.013822364   0.029015844
 77.80708502  -4.428108833   4.138419e-4   0.013691487   0.028725718
 78.05797487  -4.442387321   4.151764e-4   0.013562476   0.028439764
 78.30886472  -4.456665809   4.165108e-4   0.013435297   0.028157892
 78.55975456  -4.470944297   4.178453e-4   0.013309914   0.027880016
 78.81064441  -4.485222786   4.191797e-4   0.013186294   0.027606051
 79.06153426  -4.499501274   4.205141e-4   0.013064403   0.027335914
 79.31242411  -4.513779762   4.218486e-4   0.012944209   0.027069523
 79.56331395  -4.528058250   4.231830e-4   0.012825680   0.026806799
 79.81420380  -4.542336739   4.245175e-4   0.012708786   0.026547665
 80.06509365  -4.556615227   4.258519e-4   0.012593496   0.026292044
 80.31598349  -4.570893715   4.271863e-4   0.012479780   0.026039861
 80.56687334  -4.585172203   4.285208e-4   0.012367611   0.025791044
 80.81776319  -4.599450692   4.298552e-4   0.012256959   0.025545520
 81.06865304  -4.613729180   4.311896e-4   0.012147798   0.025303220
 81.31954288  -4.628007668   4.325241e-4   0.012040101   0.025064075
 81.57043273  -4.642286157   4.338585e-4   0.011933840   0.024828016
 81.82132258  -4.656564645   4.351930e-4   0.011828992   0.024594976
 82.07221243  -4.670843133   4.365274e-4   0.011725529   0.024364891
 82.32310227  -4.685121621   4.378618e-4   0.011623429   0.024137696
 82.57399212  -4.699400110   4.391963e-4   0.011522667   0.023913326
 82.82488197  -4.713678598   4.405307e-4   0.011423219   0.023691719
 83.07577182  -4.727957086   4.418651e-4   0.011325063   0.023472813
 83.32666166  -4.742235574   4.431996e-4   0.011228177   0.023256547
 83.57755151  -4.756514063   4.445340e-4   0.011132537   0.023042861
 83.82844136  -4.770792551   4.458685e-4   0.011038123   0.022831693
 84.07933121  -4.785071039   4.472029e-4   0.010944914   0.022622984
 84.33022105  -4.799349527   4.485373e-4   0.010852889   0.022416676
 84.58111090  -4.813628016   4.498718e-4   0.010762028   0.022212708
 84.83200075  -4.827906504   4.512062e-4   0.010672312   0.022011023
 85.08289060  -4.842184992   4.525407e-4   0.010583721   0.021811561
 85.33378044  -4.856463480   4.538751e-4   0.010496236   0.021614265
 85.58467029  -4.870741969   4.552095e-4   0.010409838   0.021419074
 85.83556014  -4.885020457   4.565440e-4   0.010324511   0.021225929
 86.08644999  -4.899298945   4.578784e-4   0.010240235   0.021034771
 86.33733983  -4.913577433   4.592128e-4   0.010156994   0.020845539
 86.58822968  -4.927855922   4.605473e-4   0.010074771   0.020658171
 86.83911953  -4.942134410   4.618817e-4   0.009993549   0.020472605
 87.09000938  -4.956412898   4.632162e-4   0.009913311   0.020288777
 87.34089922  -4.970691386   4.645506e-4   0.009834043   0.020106621
 87.59178907  -4.984969875   4.658850e-4   0.009755727   0.019926069
 87.84267892  -4.999248363   4.672195e-4   0.009678349   0.019747051
 88.09356877  -5.013526851   4.685539e-4   0.009601895   0.019569495
 88.34445861  -5.027805339   4.698883e-4   0.009526348   0.019393322
 88.59534846  -5.042083828   4.712228e-4   0.009451695   0.019218452
 88.84623831  -5.056362316   4.725572e-4   0.009377921   0.019044799
 89.09712816  -5.070640804   4.738917e-4   0.009305014   0.018872271
 89.34801800  -5.084919292   4.752261e-4   0.009232958   0.018700769
 89.59890785  -5.099197781   4.765605e-4   0.009161741   0.018530184
 89.84979770  -5.113476269   4.778950e-4   0.009091350   0.018360397
 90.10068755  -5.127754757   4.792294e-4   0.009021772   0.018191277
 90.35157739  -5.142033245   4.805639e-4   0.008952995   0.018022673
 90.60246724  -5.156311734   4.818983e-4   0.008885006   0.017854417
 90.85335709  -5.170590222   4.832327e-4   0.008817792   0.017686312
 91.10424694  -5.184868710   4.845672e-4   0.008751343   0.017518124
 91.35513678  -5.199147198   4.859016e-4   0.008685647   0.017349576
 91.60602663  -5.213425687   4.872360e-4   0.008620692   0.017180320
 91.85691648  -5.227704175   4.885705e-4   0.008556467   0.017009915
 92.10780633  -5.241982663   4.899049e-4   0.008492961   0.016837775
 92.35869617  -5.256261151   4.912394e-4   0.008430163   0.016663073
 92.60958602  -5.270539640   4.925738e-4   0.008368064   0.016484539
 92.86047587  -5.284818128   4.939082e-4   0.008306651   0.016299932
 93.11136572  -5.299096616   4.952427e-4   0.008245916   0.016104051
 93.36225556  -5.313375104   4.965771e-4   0.008185849   0.015894993
 93.61314541  -5.327653593   4.979116e-4   0.008126438   0.015684948
 93.86403526  -5.341932081   4.992460e-4   0.008067676   0.015475814
 94.11492511  -5.356210569   5.005804e-4   0.008009552   0.015268054
 94.36581495  -5.370489057   5.019149e-4   0.007952058   0.015061848
 94.61670480  -5.384767546   5.032493e-4   0.007895183   0.014857279
 94.86759465  -5.399046034   5.045837e-4   0.007838920   0.014654388
 95.11848450  -5.413324522   5.059182e-4   0.007783259   0.014453193
 95.36937434  -5.427603011   5.072526e-4   0.007728192   0.014253699
 95.62026419  -5.441881499   5.085871e-4   0.007673710   0.014055905
 95.87115404  -5.456159987   5.099215e-4   0.007619805   0.013859803
 96.12204389  -5.470438475   5.112559e-4   0.007566469   0.013665384
 96.37293373  -5.484716964   5.125904e-4   0.007513694   0.013472634
 96.62382358  -5.498995452   5.139248e-4   0.007461472   0.013281540
 96.87471343  -5.513273940   5.152592e-4   0.007409795   0.013092087
 97.12560327  -5.527552428   5.165937e-4   0.007358656   0.012904260
 97.37649312  -5.541830917   5.179281e-4   0.007308046   0.012718042
 97.62738297  -5.556109405   5.192626e-4   0.007257960   0.012533416
 97.87827282  -5.570387893   5.205970e-4   0.007208389   0.012350367
 98.12916266  -5.584666381   5.219314e-4   0.007159327   0.012168877
 98.38005251  -5.598944870   5.232659e-4   0.007110767   0.011988930
 98.63094236  -5.613223358   5.246003e-4   0.007062701   0.011810509
 98.88183221  -5.627501846   5.259348e-4   0.007015123   0.011633597
 99.13272205  -5.641780334   5.272692e-4   0.006968026   0.011458178
 99.38361190  -5.656058823   5.286036e-4   0.006921405   0.011284236
 99.63450175  -5.670337311   5.299381e-4   0.006875252   0.011111754
 99.88539160  -5.684615799   5.312725e-4   0.006829561   0.010940717
 100.1362814  -5.698894287   5.326069e-4   0.006784326   0.010771108
 100.3871713  -5.713172776   5.339414e-4   0.006739541   0.010602911
 100.6380611  -5.727451264   5.352758e-4   0.006695200   0.010436113
 100.8889510  -5.741729752   5.366103e-4   0.006651297   0.010270696
 101.1398408  -5.756008240   5.379447e-4   0.006607826   0.010106646
 101.3907307  -5.770286729   5.392791e-4   0.006564782   0.009943949
 101.6416205  -5.784565217   5.406136e-4   0.006522159   0.009782590
 101.8925104  -5.798843705   5.419480e-4   0.006479952   0.009622555
 102.1434002  -5.813122193   5.432824e-4   0.006438155   0.009463828
 102.3942901  -5.827400682   5.446169e-4   0.006396762   0.009306398
 102.6451799  -5.841679170   5.459513e-4   0.006355769   0.009150249
 102.8960698  -5.855957658   5.472858e-4   0.006315171   0.008995368
 103.1469596  -5.870236146   5.486202e-4   0.006274962   0.008841743
 103.3978495  -5.884514635   5.499546e-4   0.006235137   0.008689360
 103.6487393  -5.898793123   5.512891e-4   0.006195692   0.008538207
 103.8996292  -5.913071611   5.526235e-4   0.006156622   0.008388271
 104.1505190  -5.927350099   5.539580e-4   0.006117921   0.008239540
 104.4014089  -5.941628588   5.552924e-4   0.006079586   0.008092001
 104.6522987  -5.955907076   5.566268e-4   0.006041611   0.007945644
 104.9031885  -5.970185564   5.579613e-4   0.006003993   0.007800456
 105.1540784  -5.984464052   5.592957e-4   0.005966726   0.007656426
 105.4049682  -5.998742541   5.606301e-4   0.005929806   0.007513543