#XDI/1.1
# X-ray Monochromator Darwin Width from xrayweb  Fri Dec 12 07:27:52 2025
# Monochromator.xtal        : Si
# Monochromator.hkl         : 1 1 1
# Monochromator.polarization: 's'
# Monochromator.theta       : 17.396605 (deg)
# Monochromator.theta_width : 42.345219 (microrad)
# Monochromator.energy_width: 0.893714 (eV)
# Monochromator.theta_fwhm  : 44.913887 (microrad)
# Monochromator.rocking_fwhm: 60.553663 (microrad)
# Monochromator.energy_fwhm : 0.947927 (eV)
# Xray.Energy               : 6612.67 (eV)
# Column.1: dtheta (microrad)
# Column.2: denergy (eV)
# Column.3: zeta (delta_lambda / lambda)
# Column.4: intensity
# Column.5: rocking_curve
#---------------------
# {' '.join(array_names)}
-98.66992813   2.082472035  -3.149215e-4   0.005942354   0.008048303
-98.24647594   2.073534891  -3.135700e-4   0.005979390   0.008195084
-97.82302376   2.064597747  -3.122185e-4   0.006016775   0.008342826
-97.39957157   2.055660604  -3.108670e-4   0.006054513   0.008491534
-96.97611938   2.046723460  -3.095154e-4   0.006092609   0.008641218
-96.55266720   2.037786316  -3.081639e-4   0.006131066   0.008791884
-96.12921501   2.028849172  -3.068124e-4   0.006169891   0.008943539
-95.70576282   2.019912028  -3.054609e-4   0.006209087   0.009096189
-95.28231064   2.010974885  -3.041094e-4   0.006248659   0.009249844
-94.85885845   2.002037741  -3.027578e-4   0.006288613   0.009404507
-94.43540627   1.993100597  -3.014063e-4   0.006328952   0.009560188
-94.01195408   1.984163453  -3.000548e-4   0.006369683   0.009716891
-93.58850189   1.975226309  -2.987033e-4   0.006410810   0.009874624
-93.16504971   1.966289166  -2.973518e-4   0.006452338   0.010033392
-92.74159752   1.957352022  -2.960003e-4   0.006494272   0.010193202
-92.31814533   1.948414878  -2.946487e-4   0.006536619   0.010354057
-91.89469315   1.939477734  -2.932972e-4   0.006579383   0.010515964
-91.47124096   1.930540590  -2.919457e-4   0.006622570   0.010678927
-91.04778878   1.921603447  -2.905942e-4   0.006666185   0.010842951
-90.62433659   1.912666303  -2.892427e-4   0.006710235   0.011008038
-90.20088440   1.903729159  -2.878911e-4   0.006754724   0.011174191
-89.77743222   1.894792015  -2.865396e-4   0.006799660   0.011341414
-89.35398003   1.885854871  -2.851881e-4   0.006845047   0.011509708
-88.93052784   1.876917728  -2.838366e-4   0.006890893   0.011679072
-88.50707566   1.867980584  -2.824851e-4   0.006937203   0.011849506
-88.08362347   1.859043440  -2.811336e-4   0.006983983   0.012021009
-87.66017128   1.850106296  -2.797820e-4   0.007031240   0.012193578
-87.23671910   1.841169152  -2.784305e-4   0.007078981   0.012367207
-86.81326691   1.832232009  -2.770790e-4   0.007127213   0.012541890
-86.38981473   1.823294865  -2.757275e-4   0.007175941   0.012717618
-85.96636254   1.814357721  -2.743760e-4   0.007225173   0.012894379
-85.54291035   1.805420577  -2.730244e-4   0.007274916   0.013072161
-85.11945817   1.796483433  -2.716729e-4   0.007325177   0.013250945
-84.69600598   1.787546290  -2.703214e-4   0.007375963   0.013430709
-84.27255379   1.778609146  -2.689699e-4   0.007427282   0.013611428
-83.84910161   1.769672002  -2.676184e-4   0.007479141   0.013793069
-83.42564942   1.760734858  -2.662669e-4   0.007531547   0.013975594
-83.00219723   1.751797714  -2.649153e-4   0.007584510   0.014158958
-82.57874505   1.742860571  -2.635638e-4   0.007638035   0.014343103
-82.15529286   1.733923427  -2.622123e-4   0.007692133   0.014527963
-81.73184068   1.724986283  -2.608608e-4   0.007746810   0.014713455
-81.30838849   1.716049139  -2.595093e-4   0.007802075   0.014899482
-80.88493630   1.707111995  -2.581577e-4   0.007857937   0.015085922
-80.46148412   1.698174852  -2.568062e-4   0.007914404   0.015272630
-80.03803193   1.689237708  -2.554547e-4   0.007971485   0.015459431
-79.61457974   1.680300564  -2.541032e-4   0.008029190   0.015646113
-79.19112756   1.671363420  -2.527517e-4   0.008087526   0.015832427
-78.76767537   1.662426276  -2.514002e-4   0.008146504   0.016018089
-78.34422318   1.653489133  -2.500486e-4   0.008206134   0.016202794
-77.92077100   1.644551989  -2.486971e-4   0.008266424   0.016386252
-77.49731881   1.635614845  -2.473456e-4   0.008327384   0.016568231
-77.07386663   1.626677701  -2.459941e-4   0.008389025   0.016748617
-76.65041444   1.617740557  -2.446426e-4   0.008451357   0.016927430
-76.22696225   1.608803414  -2.432910e-4   0.008514391   0.017104811
-75.80351007   1.599866270  -2.419395e-4   0.008578136   0.017280982
-75.38005788   1.590929126  -2.405880e-4   0.008642604   0.017456204
-74.95660569   1.581991982  -2.392365e-4   0.008707806   0.017630741
-74.53315351   1.573054838  -2.378850e-4   0.008773752   0.017804848
-74.10970132   1.564117695  -2.365335e-4   0.008840455   0.017978758
-73.68624914   1.555180551  -2.351819e-4   0.008907927   0.018152686
-73.26279695   1.546243407  -2.338304e-4   0.008976178   0.018326821
-72.83934476   1.537306263  -2.324789e-4   0.009045222   0.018501339
-72.41589258   1.528369120  -2.311274e-4   0.009115070   0.018676393
-71.99244039   1.519431976  -2.297759e-4   0.009185735   0.018852127
-71.56898820   1.510494832  -2.284243e-4   0.009257230   0.019028669
-71.14553602   1.501557688  -2.270728e-4   0.009329569   0.019206137
-70.72208383   1.492620544  -2.257213e-4   0.009402764   0.019384641
-70.29863164   1.483683401  -2.243698e-4   0.009476829   0.019564282
-69.87517946   1.474746257  -2.230183e-4   0.009551779   0.019745155
-69.45172727   1.465809113  -2.216668e-4   0.009627627   0.019927350
-69.02827509   1.456871969  -2.203152e-4   0.009704388   0.020110952
-68.60482290   1.447934825  -2.189637e-4   0.009782077   0.020296040
-68.18137071   1.438997682  -2.176122e-4   0.009860709   0.020482692
-67.75791853   1.430060538  -2.162607e-4   0.009940299   0.020670982
-67.33446634   1.421123394  -2.149092e-4   0.010020863   0.020860982
-66.91101415   1.412186250  -2.135576e-4   0.010102417   0.021052760
-66.48756197   1.403249106  -2.122061e-4   0.010184977   0.021246386
-66.06410978   1.394311963  -2.108546e-4   0.010268561   0.021441925
-65.64065759   1.385374819  -2.095031e-4   0.010353185   0.021639443
-65.21720541   1.376437675  -2.081516e-4   0.010438867   0.021839003
-64.79375322   1.367500531  -2.068001e-4   0.010525624   0.022040669
-64.37030104   1.358563387  -2.054485e-4   0.010613475   0.022244503
-63.94684885   1.349626244  -2.040970e-4   0.010702439   0.022450569
-63.52339666   1.340689100  -2.027455e-4   0.010792534   0.022658929
-63.09994448   1.331751956  -2.013940e-4   0.010883780   0.022869644
-62.67649229   1.322814812  -2.000425e-4   0.010976197   0.023082778
-62.25304010   1.313877668  -1.986909e-4   0.011069804   0.023298391
-61.82958792   1.304940525  -1.973394e-4   0.011164624   0.023516548
-61.40613573   1.296003381  -1.959879e-4   0.011260675   0.023737311
-60.98268355   1.287066237  -1.946364e-4   0.011357982   0.023960743
-60.55923136   1.278129093  -1.932849e-4   0.011456565   0.024186909
-60.13577917   1.269191949  -1.919334e-4   0.011556447   0.024415872
-59.71232699   1.260254806  -1.905818e-4   0.011657651   0.024647700
-59.28887480   1.251317662  -1.892303e-4   0.011760201   0.024882458
-58.86542261   1.242380518  -1.878788e-4   0.011864121   0.025120213
-58.44197043   1.233443374  -1.865273e-4   0.011969435   0.025361033
-58.01851824   1.224506230  -1.851758e-4   0.012076170   0.025604988
-57.59506605   1.215569087  -1.838242e-4   0.012184351   0.025852148
-57.17161387   1.206631943  -1.824727e-4   0.012294003   0.026102585
-56.74816168   1.197694799  -1.811212e-4   0.012405155   0.026356371
-56.32470950   1.188757655  -1.797697e-4   0.012517835   0.026613581
-55.90125731   1.179820511  -1.784182e-4   0.012632069   0.026874290
-55.47780512   1.170883368  -1.770667e-4   0.012747888   0.027138575
-55.05435294   1.161946224  -1.757151e-4   0.012865321   0.027406515
-54.63090075   1.153009080  -1.743636e-4   0.012984399   0.027678191
-54.20744856   1.144071936  -1.730121e-4   0.013105152   0.027953684
-53.78399638   1.135134792  -1.716606e-4   0.013227612   0.028233078
-53.36054419   1.126197649  -1.703091e-4   0.013351813   0.028516458
-52.93709200   1.117260505  -1.689575e-4   0.013477787   0.028803913
-52.51363982   1.108323361  -1.676060e-4   0.013605568   0.029095532
-52.09018763   1.099386217  -1.662545e-4   0.013735193   0.029391406
-51.66673545   1.090449073  -1.649030e-4   0.013866696   0.029691630
-51.24328326   1.081511930  -1.635515e-4   0.014000115   0.029996299
-50.81983107   1.072574786  -1.622000e-4   0.014135487   0.030305513
-50.39637889   1.063637642  -1.608484e-4   0.014272852   0.030619372
-49.97292670   1.054700498  -1.594969e-4   0.014412248   0.030937979
-49.54947451   1.045763354  -1.581454e-4   0.014553716   0.031261442
-49.12602233   1.036826211  -1.567939e-4   0.014697298   0.031589868
-48.70257014   1.027889067  -1.554424e-4   0.014843037   0.031923369
-48.27911795   1.018951923  -1.540908e-4   0.014990976   0.032262060
-47.85566577   1.010014779  -1.527393e-4   0.015141162   0.032606059
-47.43221358   1.001077635  -1.513878e-4   0.015293638   0.032955487
-47.00876140   0.992140492  -1.500363e-4   0.015448454   0.033310467
-46.58530921   0.983203348  -1.486848e-4   0.015605658   0.033671128
-46.16185702   0.974266204  -1.473333e-4   0.015765299   0.034037600
-45.73840484   0.965329060  -1.459817e-4   0.015927429   0.034410019
-45.31495265   0.956391916  -1.446302e-4   0.016092100   0.034788522
-44.89150046   0.947454773  -1.432787e-4   0.016259367   0.035173253
-44.46804828   0.938517629  -1.419272e-4   0.016429284   0.035564358
-44.04459609   0.929580485  -1.405757e-4   0.016601909   0.035961988
-43.62114391   0.920643341  -1.392241e-4   0.016777300   0.036366298
-43.19769172   0.911706197  -1.378726e-4   0.016955518   0.036777449
-42.77423953   0.902769054  -1.365211e-4   0.017136623   0.037195605
-42.35078735   0.893831910  -1.351696e-4   0.017320680   0.037620935
-41.92733516   0.884894766  -1.338181e-4   0.017507753   0.038053615
-41.50388297   0.875957622  -1.324666e-4   0.017697911   0.038493824
-41.08043079   0.867020478  -1.311150e-4   0.017891221   0.038941749
-40.65697860   0.858083335  -1.297635e-4   0.018087755   0.039397581
-40.23352641   0.849146191  -1.284120e-4   0.018287585   0.039861516
-39.81007423   0.840209047  -1.270605e-4   0.018490787   0.040333760
-39.38662204   0.831271903  -1.257090e-4   0.018697438   0.040814523
-38.96316986   0.822334759  -1.243574e-4   0.018907618   0.041304020
-38.53971767   0.813397616  -1.230059e-4   0.019121408   0.041802477
-38.11626548   0.804460472  -1.216544e-4   0.019338892   0.042310125
-37.69281330   0.795523328  -1.203029e-4   0.019560158   0.042827202
-37.26936111   0.786586184  -1.189514e-4   0.019785295   0.043353956
-36.84590892   0.777649041  -1.175999e-4   0.020014394   0.043890643
-36.42245674   0.768711897  -1.162483e-4   0.020247550   0.044437526
-35.99900455   0.759774753  -1.148968e-4   0.020484862   0.044994877
-35.57555236   0.750837609  -1.135453e-4   0.020726430   0.045562981
-35.15210018   0.741900465  -1.121938e-4   0.020972358   0.046142128
-34.72864799   0.732963322  -1.108423e-4   0.021222752   0.046732621
-34.30519581   0.724026178  -1.094907e-4   0.021477724   0.047334774
-33.88174362   0.715089034  -1.081392e-4   0.021737387   0.047948910
-33.45829143   0.706151890  -1.067877e-4   0.022001858   0.048575367
-33.03483925   0.697214746  -1.054362e-4   0.022271260   0.049214492
-32.61138706   0.688277603  -1.040847e-4   0.022545716   0.049866647
-32.18793487   0.679340459  -1.027332e-4   0.022825357   0.050532206
-31.76448269   0.670403315  -1.013816e-4   0.023110316   0.051211557
-31.34103050   0.661466171  -1.000301e-4   0.023400730   0.051905105
-30.91757831   0.652529027  -9.867860e-5   0.023696742   0.052613267
-30.49412613   0.643591884  -9.732708e-5   0.023998499   0.053336479
-30.07067394   0.634654740  -9.597557e-5   0.024306154   0.054075193
-29.64722176   0.625717596  -9.462405e-5   0.024619863   0.054829877
-29.22376957   0.616780452  -9.327253e-5   0.024939790   0.055601021
-28.80031738   0.607843308  -9.192101e-5   0.025266101   0.056389132
-28.37686520   0.598906165  -9.056949e-5   0.025598973   0.057194739
-27.95341301   0.589969021  -8.921797e-5   0.025938583   0.058018392
-27.52996082   0.581031877  -8.786646e-5   0.026285120   0.058860663
-27.10650864   0.572094733  -8.651494e-5   0.026638775   0.059722150
-26.68305645   0.563157589  -8.516342e-5   0.026999749   0.060603476
-26.25960427   0.554220446  -8.381190e-5   0.027368250   0.061505288
-25.83615208   0.545283302  -8.246038e-5   0.027744491   0.062428264
-25.41269989   0.536346158  -8.110886e-5   0.028128695   0.063373112
-24.98924771   0.527409014  -7.975735e-5   0.028521093   0.064340569
-24.56579552   0.518471870  -7.840583e-5   0.028921924   0.065331406
-24.14234333   0.509534727  -7.705431e-5   0.029331437   0.066346429
-23.71889115   0.500597583  -7.570279e-5   0.029749888   0.067386483
-23.29543896   0.491660439  -7.435127e-5   0.030177546   0.068452450
-22.87198677   0.482723295  -7.299976e-5   0.030614688   0.069545255
-22.44853459   0.473786151  -7.164824e-5   0.031061603   0.070665865
-22.02508240   0.464849008  -7.029672e-5   0.031518590   0.071815296
-21.60163022   0.455911864  -6.894520e-5   0.031985961   0.072994614
-21.17817803   0.446974720  -6.759368e-5   0.032464040   0.074204937
-20.75472584   0.438037576  -6.624216e-5   0.032953164   0.075447440
-20.33127366   0.429100432  -6.489065e-5   0.033453684   0.076723357
-19.90782147   0.420163289  -6.353913e-5   0.033965965   0.078033988
-19.48436928   0.411226145  -6.218761e-5   0.034490387   0.079380700
-19.06091710   0.402289001  -6.083609e-5   0.035027345   0.080764934
-18.63746491   0.393351857  -5.948457e-5   0.035577253   0.082188209
-18.21401272   0.384414713  -5.813306e-5   0.036140540   0.083652127
-17.79056054   0.375477570  -5.678154e-5   0.036717655   0.085158380
-17.36710835   0.366540426  -5.543002e-5   0.037309067   0.086708760
-16.94365617   0.357603282  -5.407850e-5   0.037915262   0.088305158
-16.52020398   0.348666138  -5.272698e-5   0.038536753   0.089949579
-16.09675179   0.339728994  -5.137546e-5   0.039174070   0.091644149
-15.67329961   0.330791851  -5.002395e-5   0.039827771   0.093391123
-15.24984742   0.321854707  -4.867243e-5   0.040498439   0.095192897
-14.82639523   0.312917563  -4.732091e-5   0.041186682   0.097052019
-14.40294305   0.303980419  -4.596939e-5   0.041893137   0.098971204
-13.97949086   0.295043275  -4.461787e-5   0.042618472   0.100953345
-13.55603867   0.286106132  -4.326636e-5   0.043363385   0.103001530
-13.13258649   0.277168988  -4.191484e-5   0.044128609   0.105119062
-12.70913430   0.268231844  -4.056332e-5   0.044914913   0.107309476
-12.28568212   0.259294700  -3.921180e-5   0.045723102   0.109576564
-11.86222993   0.250357556  -3.786028e-5   0.046554022   0.111924397
-11.43877774   0.241420413  -3.650876e-5   0.047408562   0.114357355
-11.01532556   0.232483269  -3.515725e-5   0.048287655   0.116880160
-10.59187337   0.223546125  -3.380573e-5   0.049192284   0.119497910
-10.16842118   0.214608981  -3.245421e-5   0.050123481   0.122216123
-9.744968998   0.205671837  -3.110269e-5   0.051082335   0.125040780
-9.321516812   0.196734694  -2.975117e-5   0.052069991   0.127978382
-8.898064625   0.187797550  -2.839966e-5   0.053087657   0.131036015
-8.474612439   0.178860406  -2.704814e-5   0.054136607   0.134221412
-8.051160252   0.169923262  -2.569662e-5   0.055218187   0.137543048
-7.627708066   0.160986118  -2.434510e-5   0.056333816   0.141010224
-7.204255880   0.152048975  -2.299358e-5   0.057484998   0.144633184
-6.780803693   0.143111831  -2.164206e-5   0.058673320   0.148423236
-6.357351507   0.134174687  -2.029055e-5   0.059900465   0.152392898
-5.933899321   0.125237543  -1.893903e-5   0.061168215   0.156556043
-5.510447134   0.116300399  -1.758751e-5   0.062478460   0.160928057
-5.086994948   0.107363256  -1.623599e-5   0.063833207   0.165525951
-4.663542762   0.098426112  -1.488447e-5   0.065234586   0.170368353
-4.240090575   0.089488968  -1.353296e-5   0.066684862   0.175475151
-3.816638389   0.080551824  -1.218144e-5   0.068186447   0.180866176
-3.393186203   0.071614680  -1.082992e-5   0.069741909   0.186557287
-2.969734016   0.062677537  -9.478401e-6   0.071353987   0.192549898
-2.546281830   0.053740393  -8.126883e-6   0.073025603   0.198811246
-2.122829644   0.044803249  -6.775364e-6   0.074759883   0.205271684
-1.699377457   0.035866105  -5.423846e-6   0.076560168   0.211859363
-1.275925271   0.026928961  -4.072328e-6   0.078430036   0.218526217
-0.852473085   0.017991818  -2.720810e-6   0.080373327   0.225243196
-0.429020898   0.009054674  -1.369292e-6   0.082394161   0.231992131
-0.005568712   1.175301e-4  -1.777347e-8   0.084496968   0.238760955
 0.417883474  -0.008819614   1.333745e-6   0.086686517   0.245541205
 0.841335661  -0.017756757   2.685263e-6   0.088967950   0.252326674
 1.264787847  -0.026693901   4.036781e-6   0.091346819   0.259112633
 1.688240033  -0.035631045   5.388299e-6   0.093829125   0.265895366
 2.111692220  -0.044568189   6.739817e-6   0.096421372   0.272671876
 2.535144406  -0.053505333   8.091336e-6   0.099130613   0.279439689
 2.958596592  -0.062442476   9.442854e-6   0.101964516   0.286196721
 3.382048779  -0.071379620   1.079437e-5   0.104931430   0.292941182
 3.805500965  -0.080316764   1.214589e-5   0.108040466   0.299671512
 4.228953151  -0.089253908   1.349741e-5   0.111301585   0.306386328
 4.652405338  -0.098191052   1.484893e-5   0.114725703   0.313084390
 5.075857524  -0.107128195   1.620044e-5   0.118324807   0.319764567
 5.499309710  -0.116065339   1.755196e-5   0.122112099   0.326425821
 5.922761897  -0.125002483   1.890348e-5   0.126102151   0.333067184
 6.346214083  -0.133939627   2.025500e-5   0.130311094   0.339687746
 6.769666269  -0.142876771   2.160652e-5   0.134756841   0.346286643
 7.193118456  -0.151813914   2.295804e-5   0.139459340   0.352863049
 7.616570642  -0.160751058   2.430955e-5   0.144440887   0.359416165
 8.040022828  -0.169688202   2.566107e-5   0.149726489   0.365945216
 8.463475015  -0.178625346   2.701259e-5   0.155344303   0.372449444
 8.886927201  -0.187562490   2.836411e-5   0.161326172   0.378928101
 9.310379387  -0.196499633   2.971563e-5   0.167708266   0.385380448
 9.733831574  -0.205436777   3.106714e-5   0.174531876   0.391805750
 10.15728376  -0.214373921   3.241866e-5   0.181844398   0.398203272
 10.58073595  -0.223311065   3.377018e-5   0.189700553   0.404572277
 11.00418813  -0.232248209   3.512170e-5   0.198163939   0.410912022
 11.42764032  -0.241185352   3.647322e-5   0.207308997   0.417221759
 11.85109251  -0.250122496   3.782474e-5   0.217223571   0.423500726
 12.27454469  -0.259059640   3.917625e-5   0.228012248   0.429748153
 12.69799688  -0.267996784   4.052777e-5   0.239800813   0.435963253
 13.12144906  -0.276933928   4.187929e-5   0.252742296   0.442145222
 13.54490125  -0.285871071   4.323081e-5   0.267025332   0.448293241
 13.96835344  -0.294808215   4.458233e-5   0.282886003   0.454406467
 14.39180562  -0.303745359   4.593385e-5   0.300625072   0.460484036
 14.81525781  -0.312682503   4.728536e-5   0.320633858   0.466525060
 15.23871000  -0.321619647   4.863688e-5   0.343434564   0.472528624
 15.66216218  -0.330556790   4.998840e-5   0.369745982   0.478493784
 16.08561437  -0.339493934   5.133992e-5   0.400596489   0.484419567
 16.50906656  -0.348431078   5.269144e-5   0.437531509   0.490304963
 16.93251874  -0.357368222   5.404295e-5   0.483025270   0.496148932
 17.35597093  -0.366305366   5.539447e-5   0.541364688   0.501950394
 17.77942311  -0.375242509   5.674599e-5   0.620467585   0.507708226
 18.20287530  -0.384179653   5.809751e-5   0.729308564   0.513421268
 18.62632749  -0.393116797   5.944903e-5   0.823394371   0.519088310
 19.04977967  -0.402053941   6.080055e-5   0.864338180   0.524708094
 19.47323186  -0.410991085   6.215206e-5   0.883517581   0.530279311
 19.89668405  -0.419928228   6.350358e-5   0.894383958   0.535800598
 20.32013623  -0.428865372   6.485510e-5   0.901272698   0.541270531
 20.74358842  -0.437802516   6.620662e-5   0.905937429   0.546687625
 21.16704061  -0.446739660   6.755814e-5   0.909223204   0.552050327
 21.59049279  -0.455676804   6.890965e-5   0.911589630   0.557357015
 22.01394498  -0.464613947   7.026117e-5   0.913309349   0.562605988
 22.43739716  -0.473551091   7.161269e-5   0.914554935   0.567795468
 22.86084935  -0.482488235   7.296421e-5   0.915441243   0.572923586
 23.28430154  -0.491425379   7.431573e-5   0.916047825   0.577988385
 23.70775372  -0.500362523   7.566725e-5   0.916431595   0.582987806
 24.13120591  -0.509299666   7.701876e-5   0.916634373   0.587919684
 24.55465810  -0.518236810   7.837028e-5   0.916687585   0.592781741
 24.97811028  -0.527173954   7.972180e-5   0.916615293   0.597571577
 25.40156247  -0.536111098   8.107332e-5   0.916436226   0.602286661
 25.82501465  -0.545048242   8.242484e-5   0.916165158   0.606924319
 26.24846684  -0.553985385   8.377635e-5   0.915813884   0.611481728
 26.67191903  -0.562922529   8.512787e-5   0.915391913   0.615955897
 27.09537121  -0.571859673   8.647939e-5   0.914906980   0.620343660
 27.51882340  -0.580796817   8.783091e-5   0.914365417   0.624641661
 27.94227559  -0.589733961   8.918243e-5   0.913772438   0.628846333
 28.36572777  -0.598671104   9.053395e-5   0.913132358   0.632953887
 28.78917996  -0.607608248   9.188546e-5   0.912448754   0.636960287
 29.21263215  -0.616545392   9.323698e-5   0.911724597   0.640861233
 29.63608433  -0.625482536   9.458850e-5   0.910962353   0.644652136
 30.05953652  -0.634419680   9.594002e-5   0.910164067   0.648328089
 30.48298870  -0.643356823   9.729154e-5   0.909331424   0.651883842
 30.90644089  -0.652293967   9.864305e-5   0.908465801   0.655313768
 31.32989308  -0.661231111   9.999457e-5   0.907568312   0.658611826
 31.75334526  -0.670168255   1.013461e-4   0.906639839   0.661771524
 32.17679745  -0.679105399   1.026976e-4   0.905681062   0.664785872
 32.60024964  -0.688042542   1.040491e-4   0.904692480   0.667647339
 33.02370182  -0.696979686   1.054006e-4   0.903674431   0.670347795
 33.44715401  -0.705916830   1.067522e-4   0.902627105   0.672878459
 33.87060620  -0.714853974   1.081037e-4   0.901550558   0.675229836
 34.29405838  -0.723791118   1.094552e-4   0.900444722   0.677391658
 34.71751057  -0.732728261   1.108067e-4   0.899309411   0.679352822
 35.14096275  -0.741665405   1.121582e-4   0.898144329   0.681101334
 35.56441494  -0.750602549   1.135098e-4   0.896949072   0.682624272
 35.98786713  -0.759539693   1.148613e-4   0.895723132   0.683907776
 36.41131931  -0.768476836   1.162128e-4   0.894465903   0.684937086
 36.83477150  -0.777413980   1.175643e-4   0.893176673   0.685696676
 37.25822369  -0.786351124   1.189158e-4   0.891854633   0.686170520
 37.68167587  -0.795288268   1.202673e-4   0.890498869   0.686342574
 38.10512806  -0.804225412   1.216189e-4   0.889108362   0.686197553
 38.52858024  -0.813162555   1.229704e-4   0.887681987   0.685722065
 38.95203243  -0.822099699   1.243219e-4   0.886218505   0.684906091
 39.37548462  -0.831036843   1.256734e-4   0.884716559   0.683744587
 39.79893680  -0.839973987   1.270249e-4   0.883174669   0.682238160
 40.22238899  -0.848911131   1.283765e-4   0.881591224   0.680395374
 40.64584118  -0.857848274   1.297280e-4   0.879964473   0.678230196
 41.06929336  -0.866785418   1.310795e-4   0.878292515   0.675761023
 41.49274555  -0.875722562   1.324310e-4   0.876573288   0.673008761
 41.91619774  -0.884659706   1.337825e-4   0.874804557   0.669995123
 42.33964992  -0.893596850   1.351340e-4   0.872983895   0.666741410
 42.76310211  -0.902533993   1.364856e-4   0.871108675   0.663267776
 43.18655429  -0.911471137   1.378371e-4   0.869176041   0.659592871
 43.61000648  -0.920408281   1.391886e-4   0.867182893   0.655733728
 44.03345867  -0.929345425   1.405401e-4   0.865125861   0.651705781
 44.45691085  -0.938282569   1.418916e-4   0.863001276   0.647522973
 44.88036304  -0.947219712   1.432432e-4   0.860805139   0.643197878
 45.30381523  -0.956156856   1.445947e-4   0.858533084   0.638741843
 45.72726741  -0.965094000   1.459462e-4   0.856180340   0.634165122
 46.15071960  -0.974031144   1.472977e-4   0.853741676   0.629476995
 46.57417179  -0.982968288   1.486492e-4   0.851211353   0.624685886
 46.99762397  -0.991905431   1.500007e-4   0.848583057   0.619799454
 47.42107616  -1.000842575   1.513523e-4   0.845849826   0.614824688
 47.84452834  -1.009779719   1.527038e-4   0.843003965   0.609767977
 48.26798053  -1.018716863   1.540553e-4   0.840036946   0.604635179
 48.69143272  -1.027654007   1.554068e-4   0.836939289   0.599431680
 49.11488490  -1.036591150   1.567583e-4   0.833700426   0.594162442
 49.53833709  -1.045528294   1.581099e-4   0.830308540   0.588832050
 49.96178928  -1.054465438   1.594614e-4   0.826750365   0.583444751
 50.38524146  -1.063402582   1.608129e-4   0.823010964   0.578004487
 50.80869365  -1.072339726   1.621644e-4   0.819073442   0.572514926
 51.23214584  -1.081276869   1.635159e-4   0.814918621   0.566979489
 51.65559802  -1.090214013   1.648674e-4   0.810524629   0.561401373
 52.07905021  -1.099151157   1.662190e-4   0.805866407   0.555783573
 52.50250239  -1.108088301   1.675705e-4   0.800915105   0.550128899
 52.92595458  -1.117025445   1.689220e-4   0.795637332   0.544439996
 53.34940677  -1.125962588   1.702735e-4   0.789994225   0.538719355
 53.77285895  -1.134899732   1.716250e-4   0.783940297   0.532969331
 54.19631114  -1.143836876   1.729766e-4   0.777421976   0.527192152
 54.61976333  -1.152774020   1.743281e-4   0.770375778   0.521389929
 55.04321551  -1.161711164   1.756796e-4   0.762725988   0.515564670
 55.46666770  -1.170648307   1.770311e-4   0.754381735   0.509718287
 55.89011988  -1.179585451   1.783826e-4   0.745233309   0.503852602
 56.31357207  -1.188522595   1.797341e-4   0.735147584   0.497969360
 56.73702426  -1.197459739   1.810857e-4   0.723962468   0.492070229
 57.16047644  -1.206396883   1.824372e-4   0.711480558   0.486156814
 57.58392863  -1.215334026   1.837887e-4   0.697462729   0.480230655
 58.00738082  -1.224271170   1.851402e-4   0.681623789   0.474293239
 58.43083300  -1.233208314   1.864917e-4   0.663635153   0.468346002
 58.85428519  -1.242145458   1.878433e-4   0.643144752   0.462390334
 59.27773738  -1.251082602   1.891948e-4   0.619831908   0.456427582
 59.70118956  -1.260019745   1.905463e-4   0.593518751   0.450459059
 60.12464175  -1.268956889   1.918978e-4   0.564340387   0.444486042
 60.54809393  -1.277894033   1.932493e-4   0.532907213   0.438509779
 60.97154612  -1.286831177   1.946008e-4   0.500308334   0.432531492
 61.39499831  -1.295768321   1.959524e-4   0.467855928   0.426552382
 61.81845049  -1.304705464   1.973039e-4   0.436705372   0.420573627
 62.24190268  -1.313642608   1.986554e-4   0.407611157   0.414596392
 62.66535487  -1.322579752   2.000069e-4   0.380912263   0.408621826
 63.08880705  -1.331516896   2.013584e-4   0.356648586   0.402651071
 63.51225924  -1.340454040   2.027100e-4   0.334691340   0.396685260
 63.93571143  -1.349391183   2.040615e-4   0.314836963   0.390725521
 64.35916361  -1.358328327   2.054130e-4   0.296861798   0.384772983
 64.78261580  -1.367265471   2.067645e-4   0.280549581   0.378828773
 65.20606798  -1.376202615   2.081160e-4   0.265703214   0.372894027
 65.62952017  -1.385139759   2.094675e-4   0.252148354   0.366969886
 66.05297236  -1.394076902   2.108191e-4   0.239733106   0.361057502
 66.47642454  -1.403014046   2.121706e-4   0.228326069   0.355158042
 66.89987673  -1.411951190   2.135221e-4   0.217813857   0.349272690
 67.32332892  -1.420888334   2.148736e-4   0.208098602   0.343402651
 67.74678110  -1.429825478   2.162251e-4   0.199095678   0.337549153
 68.17023329  -1.438762621   2.175767e-4   0.190731706   0.331713456
 68.59368548  -1.447699765   2.189282e-4   0.182942848   0.325896849
 69.01713766  -1.456636909   2.202797e-4   0.175673370   0.320100660
 69.44058985  -1.465574053   2.216312e-4   0.168874431   0.314326258
 69.86404203  -1.474511197   2.229827e-4   0.162503073   0.308575057
 70.28749422  -1.483448340   2.243342e-4   0.156521379   0.302848526
 70.71094641  -1.492385484   2.256858e-4   0.150895757   0.297148190
 71.13439859  -1.501322628   2.270373e-4   0.145596352   0.291475637
 71.55785078  -1.510259772   2.283888e-4   0.140596538   0.285832529
 71.98130297  -1.519196915   2.297403e-4   0.135872498   0.280220603
 72.40475515  -1.528134059   2.310918e-4   0.131402860   0.274641685
 72.82820734  -1.537071203   2.324434e-4   0.127168397   0.269097693
 73.25165952  -1.546008347   2.337949e-4   0.123151758   0.263590653
 73.67511171  -1.554945491   2.351464e-4   0.119337251   0.258122703
 74.09856390  -1.563882634   2.364979e-4   0.115710643   0.252696107
 74.52201608  -1.572819778   2.378494e-4   0.112258998   0.247313268
 74.94546827  -1.581756922   2.392009e-4   0.108970532   0.241976737
 75.36892046  -1.590694066   2.405525e-4   0.105834485   0.236689229
 75.79237264  -1.599631210   2.419040e-4   0.102841015   0.231453633
 76.21582483  -1.608568353   2.432555e-4   0.099981101   0.226273029
 76.63927702  -1.617505497   2.446070e-4   0.097246457   0.221150697
 77.06272920  -1.626442641   2.459585e-4   0.094629462   0.216090126
 77.48618139  -1.635379785   2.473101e-4   0.092123092   0.211095025
 77.90963357  -1.644316929   2.486616e-4   0.089720864   0.206169323
 78.33308576  -1.653254072   2.500131e-4   0.087416784   0.201317159
 78.75653795  -1.662191216   2.513646e-4   0.085205304   0.196542870
 79.17999013  -1.671128360   2.527161e-4   0.083081276   0.191850954
 79.60344232  -1.680065504   2.540676e-4   0.081039924   0.187246016
 80.02689451  -1.689002648   2.554192e-4   0.079076806   0.182732694
 80.45034669  -1.697939791   2.567707e-4   0.077187787   0.178315554
 80.87379888  -1.706876935   2.581222e-4   0.075369011   0.173998963
 81.29725107  -1.715814079   2.594737e-4   0.073616881   0.169786935
 81.72070325  -1.724751223   2.608252e-4   0.071928038   0.165682984
 82.14415544  -1.733688367   2.621768e-4   0.070299338   0.161689970
 82.56760762  -1.742625510   2.635283e-4   0.068727838   0.157809981
 82.99105981  -1.751562654   2.648798e-4   0.067210778   0.154044264
 83.41451200  -1.760499798   2.662313e-4   0.065745572   0.150393199
 83.83796418  -1.769436942   2.675828e-4   0.064329788   0.146856334
 84.26141637  -1.778374086   2.689343e-4   0.062961141   0.143432461
 84.68486856  -1.787311229   2.702859e-4   0.061637483   0.140119719
 85.10832074  -1.796248373   2.716374e-4   0.060356788   0.136915714
 85.53177293  -1.805185517   2.729889e-4   0.059117149   0.133817637
 85.95522512  -1.814122661   2.743404e-4   0.057916765   0.130822378
 86.37867730  -1.823059805   2.756919e-4   0.056753939   0.127926620
 86.80212949  -1.831996948   2.770435e-4   0.055627065   0.125126924
 87.22558167  -1.840934092   2.783950e-4   0.054534625   0.122419795
 87.64903386  -1.849871236   2.797465e-4   0.053475185   0.119801731
 88.07248605  -1.858808380   2.810980e-4   0.052447383   0.117269272
 88.49593823  -1.867745524   2.824495e-4   0.051449932   0.114819019
 88.91939042  -1.876682667   2.838010e-4   0.050481612   0.112447666
 89.34284261  -1.885619811   2.851526e-4   0.049541262   0.110152007
 89.76629479  -1.894556955   2.865041e-4   0.048627784   0.107928949
 90.18974698  -1.903494099   2.878556e-4   0.047740132   0.105775518
 90.61319916  -1.912431243   2.892071e-4   0.046877313   0.103688863
 91.03665135  -1.921368386   2.905586e-4   0.046038382   0.101666252
 91.46010354  -1.930305530   2.919102e-4   0.045222441   0.099705075
 91.88355572  -1.939242674   2.932617e-4   0.044428633   0.097802840
 92.30700791  -1.948179818   2.946132e-4   0.043656143   0.095957169
 92.73046010  -1.957116962   2.959647e-4   0.042904194   0.094165795
 93.15391228  -1.966054105   2.973162e-4   0.042172045   0.092426559
 93.57736447  -1.974991249   2.986677e-4   0.041458987   0.090737401
 94.00081666  -1.983928393   3.000193e-4   0.040764347   0.089096362
 94.42426884  -1.992865537   3.013708e-4   0.040087479   0.087501573
 94.84772103  -2.001802681   3.027223e-4   0.039427766   0.085951255
 95.27117321  -2.010739824   3.040738e-4   0.038784620   0.084443713
 95.69462540  -2.019676968   3.054253e-4   0.038157477   0.082977332
 96.11807759  -2.028614112   3.067769e-4   0.037545797   0.081550570
 96.54152977  -2.037551256   3.081284e-4   0.036949066   0.080161961
 96.96498196  -2.046488400   3.094799e-4   0.036366787   0.078810103
 97.38843415  -2.055425543   3.108314e-4   0.035798488   0.077493661
 97.81188633  -2.064362687   3.121829e-4   0.035243715   0.076211360
 98.23533852  -2.073299831   3.135344e-4   0.034702032   0.074961983
 98.65879071  -2.082236975   3.148860e-4   0.034173022   0.073744368
 99.08224289  -2.091174119   3.162375e-4   0.033656283   0.072557402
 99.50569508  -2.100111262   3.175890e-4   0.033151432   0.071400027
 99.92914726  -2.109048406   3.189405e-4   0.032658099   0.070271225
 100.3525995  -2.117985550   3.202920e-4   0.032175929   0.069170027
 100.7760516  -2.126922694   3.216436e-4   0.031704581   0.068095503
 101.1995038  -2.135859838   3.229951e-4   0.031243726   0.067046764
 101.6229560  -2.144796981   3.243466e-4   0.030793051   0.066022959
 102.0464082  -2.153734125   3.256981e-4   0.030352250   0.065023271
 102.4698604  -2.162671269   3.270496e-4   0.029921033   0.064046920
 102.8933126  -2.171608413   3.284011e-4   0.029499118   0.063093154
 103.3167648  -2.180545557   3.297527e-4   0.029086235   0.062161255
 103.7402169  -2.189482700   3.311042e-4   0.028682123   0.061250533
 104.1636691  -2.198419844   3.324557e-4   0.028286530   0.060360326
 104.5871213  -2.207356988   3.338072e-4   0.027899215   0.059489998
 105.0105735  -2.216294132   3.351587e-4   0.027519945   0.058638938
 105.4340257  -2.225231276   3.365103e-4   0.027148493   0.057806559
 105.8574779  -2.234168419   3.378618e-4   0.026784644   0.056992298
 106.2809301  -2.243105563   3.392133e-4   0.026428187   0.056195611
 106.7043822  -2.252042707   3.405648e-4   0.026078921   0.055415976
 107.1278344  -2.260979851   3.419163e-4   0.025736649   0.054652893
 107.5512866  -2.269916994   3.432678e-4   0.025401183   0.053905877
 107.9747388  -2.278854138   3.446194e-4   0.025072342   0.053174462
 108.3981910  -2.287791282   3.459709e-4   0.024749949   0.052458202
 108.8216432  -2.296728426   3.473224e-4   0.024433834   0.051756664
 109.2450954  -2.305665570   3.486739e-4   0.024123832   0.051069431
 109.6685476  -2.314602713   3.500254e-4   0.023819785   0.050396102
 110.0919997  -2.323539857   3.513770e-4   0.023521539   0.049736291
 110.5154519  -2.332477001   3.527285e-4   0.023228944   0.049089623
 110.9389041  -2.341414145   3.540800e-4   0.022941857   0.048455739
 111.3623563  -2.350351289   3.554315e-4   0.022660139   0.047834291
 111.7858085  -2.359288432   3.567830e-4   0.022383654   0.047224943
 112.2092607  -2.368225576   3.581345e-4   0.022112271   0.046627371
 112.6327129  -2.377162720   3.594861e-4   0.021845865   0.046041260
 113.0561650  -2.386099864   3.608376e-4   0.021584313   0.045466310
 113.4796172  -2.395037008   3.621891e-4   0.021327496   0.044902226
 113.9030694  -2.403974151   3.635406e-4   0.021075298   0.044348726
 114.3265216  -2.412911295   3.648921e-4   0.020827608   0.043805536
 114.7499738  -2.421848439   3.662437e-4   0.020584318   0.043272391
 115.1734260  -2.430785583   3.675952e-4   0.020345323   0.042749035
 115.5968782  -2.439722727   3.689467e-4   0.020110521   0.042235220
 116.0203303  -2.448659870   3.702982e-4   0.019879813   0.041730706
 116.4437825  -2.457597014   3.716497e-4   0.019653103   0.041235261
 116.8672347  -2.466534158   3.730012e-4   0.019430299   0.040748658
 117.2906869  -2.475471302   3.743528e-4   0.019211311   0.040270681
 117.7141391  -2.484408446   3.757043e-4   0.018996049   0.039801116
 118.1375913  -2.493345589   3.770558e-4   0.018784430   0.039339760
 118.5610435  -2.502282733   3.784073e-4   0.018576370   0.038886413
 118.9844956  -2.511219877   3.797588e-4   0.018371790   0.038440883
 119.4079478  -2.520157021   3.811104e-4   0.018170611   0.038002982
 119.8314000  -2.529094165   3.824619e-4   0.017972757   0.037572530
 120.2548522  -2.538031308   3.838134e-4   0.017778155   0.037149350
 120.6783044  -2.546968452   3.851649e-4   0.017586733   0.036733270
 121.1017566  -2.555905596   3.865164e-4   0.017398421   0.036324126
 121.5252088  -2.564842740   3.878679e-4   0.017213152   0.035921755
 121.9486610  -2.573779884   3.892195e-4   0.017030859   0.035526002
 122.3721131  -2.582717027   3.905710e-4   0.016851479   0.035136713
 122.7955653  -2.591654171   3.919225e-4   0.016674949   0.034753742
 123.2190175  -2.600591315   3.932740e-4   0.016501208   0.034376944
 123.6424697  -2.609528459   3.946255e-4   0.016330197   0.034006179
 124.0659219  -2.618465603   3.959771e-4   0.016161860   0.033641312
 124.4893741  -2.627402746   3.973286e-4   0.015996139   0.033282210
 124.9128263  -2.636339890   3.986801e-4   0.015832980   0.032928744
 125.3362784  -2.645277034   4.000316e-4   0.015672331   0.032580790
 125.7597306  -2.654214178   4.013831e-4   0.015514139   0.032238225
 126.1831828  -2.663151322   4.027346e-4   0.015358355   0.031900931
 126.6066350  -2.672088465   4.040862e-4   0.015204928   0.031568792
 127.0300872  -2.681025609   4.054377e-4   0.015053812   0.031241695
 127.4535394  -2.689962753   4.067892e-4   0.014904959   0.030919531
 127.8769916  -2.698899897   4.081407e-4   0.014758325   0.030602193
 128.3004437  -2.707837041   4.094922e-4   0.014613864   0.030289576
 128.7238959  -2.716774184   4.108438e-4   0.014471534   0.029981578
 129.1473481  -2.725711328   4.121953e-4   0.014331293   0.029678101
 129.5708003  -2.734648472   4.135468e-4   0.014193100   0.029379047
 129.9942525  -2.743585616   4.148983e-4   0.014056915   0.029084323
 130.4177047  -2.752522760   4.162498e-4   0.013922697   0.028793835
 130.8411569  -2.761459903   4.176013e-4   0.013790411   0.028507495
 131.2646091  -2.770397047   4.189529e-4   0.013660018   0.028225212
 131.6880612  -2.779334191   4.203044e-4   0.013531481   0.027946903
 132.1115134  -2.788271335   4.216559e-4   0.013404767   0.027672482
 132.5349656  -2.797208479   4.230074e-4   0.013279839   0.027401868
 132.9584178  -2.806145622   4.243589e-4   0.013156665   0.027134979
 133.3818700  -2.815082766   4.257105e-4   0.013035211   0.026871738
 133.8053222  -2.824019910   4.270620e-4   0.012915446   0.026612067
 134.2287744  -2.832957054   4.284135e-4   0.012797337   0.026355890
 134.6522265  -2.841894198   4.297650e-4   0.012680855   0.026103134
 135.0756787  -2.850831341   4.311165e-4   0.012565969   0.025853725
 135.4991309  -2.859768485   4.324680e-4   0.012452649   0.025607593
 135.9225831  -2.868705629   4.338196e-4   0.012340868   0.025364668
 136.3460353  -2.877642773   4.351711e-4   0.012230598   0.025124882
 136.7694875  -2.886579917   4.365226e-4   0.012121810   0.024888165
 137.1929397  -2.895517060   4.378741e-4   0.012014479   0.024654454
 137.6163918  -2.904454204   4.392256e-4   0.011908579   0.024423681
 138.0398440  -2.913391348   4.405772e-4   0.011804083   0.024195782
 138.4632962  -2.922328492   4.419287e-4   0.011700967   0.023970695
 138.8867484  -2.931265636   4.432802e-4   0.011599207   0.023748356
 139.3102006  -2.940202779   4.446317e-4   0.011498778   0.023528705
 139.7336528  -2.949139923   4.459832e-4   0.011399658   0.023311678
 140.1571050  -2.958077067   4.473347e-4   0.011301823   0.023097217
 140.5805572  -2.967014211   4.486863e-4   0.011205252   0.022885261
 141.0040093  -2.975951355   4.500378e-4   0.011109922   0.022675751
 141.4274615  -2.984888498   4.513893e-4   0.011015812   0.022468627
 141.8509137  -2.993825642   4.527408e-4   0.010922902   0.022263830
 142.2743659  -3.002762786   4.540923e-4   0.010831170   0.022061302
 142.6978181  -3.011699930   4.554439e-4   0.010740598   0.021860984
 143.1212703  -3.020637073   4.567954e-4   0.010651164   0.021662818
 143.5447225  -3.029574217   4.581469e-4   0.010562851   0.021466743
 143.9681746  -3.038511361   4.594984e-4   0.010475639   0.021272701
 144.3916268  -3.047448505   4.608499e-4   0.010389510   0.021080632
 144.8150790  -3.056385649   4.622014e-4   0.010304446   0.020890475
 145.2385312  -3.065322792   4.635530e-4   0.010220429   0.020702170
 145.6619834  -3.074259936   4.649045e-4   0.010137443   0.020515652
 146.0854356  -3.083197080   4.662560e-4   0.010055470   0.020330859
 146.5088878  -3.092134224   4.676075e-4   0.009974494   0.020147725
 146.9323399  -3.101071368   4.689590e-4   0.009894498   0.019966182
 147.3557921  -3.110008511   4.703106e-4   0.009815467   0.019786160
 147.7792443  -3.118945655   4.716621e-4   0.009737385   0.019607587
 148.2026965  -3.127882799   4.730136e-4   0.009660237   0.019430386
 148.6261487  -3.136819943   4.743651e-4   0.009584008   0.019254477
 149.0496009  -3.145757087   4.757166e-4   0.009508683   0.019079775
 149.4730531  -3.154694230   4.770681e-4   0.009434248   0.018906189
 149.8965053  -3.163631374   4.784197e-4   0.009360690   0.018733623
 150.3199574  -3.172568518   4.797712e-4   0.009287993   0.018561970
 150.7434096  -3.181505662   4.811227e-4   0.009216145   0.018391116
 151.1668618  -3.190442806   4.824742e-4   0.009145133   0.018220932
 151.5903140  -3.199379949   4.838257e-4   0.009074943   0.018051278
 152.0137662  -3.208317093   4.851773e-4   0.009005563   0.017881991
 152.4372184  -3.217254237   4.865288e-4   0.008936980   0.017712889
 152.8606706  -3.226191381   4.878803e-4   0.008869182   0.017543758
 153.2841227  -3.235128525   4.892318e-4   0.008802157   0.017374343
 153.7075749  -3.244065668   4.905833e-4   0.008735894   0.017204341
 154.1310271  -3.253002812   4.919348e-4   0.008670380   0.017033373
 154.5544793  -3.261939956   4.932864e-4   0.008605604   0.016860955
 154.9779315  -3.270877100   4.946379e-4   0.008541556   0.016686446
 155.4013837  -3.279814244   4.959894e-4   0.008478224   0.016508951
 155.8248359  -3.288751387   4.973409e-4   0.008415598   0.016327134
 156.2482880  -3.297688531   4.986924e-4   0.008353666   0.016138840
 156.6717402  -3.306625675   5.000440e-4   0.008292420   0.015940990
 157.0951924  -3.315562819   5.013955e-4   0.008231849   0.015735170
 157.5186446  -3.324499963   5.027470e-4   0.008171942   0.015526962
 157.9420968  -3.333437106   5.040985e-4   0.008112690   0.015318637
 158.3655490  -3.342374250   5.054500e-4   0.008054084   0.015111050
 158.7890012  -3.351311394   5.068015e-4   0.007996114   0.014904600
 159.2124534  -3.360248538   5.081531e-4   0.007938770   0.014699497
 159.6359055  -3.369185682   5.095046e-4   0.007882045   0.014495864
 160.0593577  -3.378122825   5.108561e-4   0.007825928   0.014293777
 160.4828099  -3.387059969   5.122076e-4   0.007770412   0.014093280
 160.9062621  -3.395997113   5.135591e-4   0.007715487   0.013894402
 161.3297143  -3.404934257   5.149107e-4   0.007661146   0.013697157
 161.7531665  -3.413871401   5.162622e-4   0.007607379   0.013501555
 162.1766187  -3.422808544   5.176137e-4   0.007554180   0.013307596
 162.6000708  -3.431745688   5.189652e-4   0.007501539   0.013115278
 163.0235230  -3.440682832   5.203167e-4   0.007449449   0.012924595
 163.4469752  -3.449619976   5.216682e-4   0.007397902   0.012735542
 163.8704274  -3.458557120   5.230198e-4   0.007346891   0.012548107
 164.2938796  -3.467494263   5.243713e-4   0.007296409   0.012362280
 164.7173318  -3.476431407   5.257228e-4   0.007246447   0.012178051
 165.1407840  -3.485368551   5.270743e-4   0.007197000   0.011995406
 165.5642361  -3.494305695   5.284258e-4   0.007148059   0.011814333
 165.9876883  -3.503242839   5.297774e-4   0.007099618   0.011634818
 166.4111405  -3.512179982   5.311289e-4   0.007051670   0.011456849
 166.8345927  -3.521117126   5.324804e-4   0.007004208   0.011280412
 167.2580449  -3.530054270   5.338319e-4   0.006957226   0.011105493
 167.6814971  -3.538991414   5.351834e-4   0.006910717   0.010932077
 168.1049493  -3.547928558   5.365349e-4   0.006864676   0.010760153
 168.5284015  -3.556865701   5.378865e-4   0.006819095   0.010589705
 168.9518536  -3.565802845   5.392380e-4   0.006773968   0.010420720
 169.3753058  -3.574739989   5.405895e-4   0.006729290   0.010253184
 169.7987580  -3.583677133   5.419410e-4   0.006685054   0.010087085
 170.2222102  -3.592614277   5.432925e-4   0.006641255   0.009922409
 170.6456624  -3.601551420   5.446441e-4   0.006597887   0.009759142
 171.0691146  -3.610488564   5.459956e-4   0.006554944   0.009597272
 171.4925668  -3.619425708   5.473471e-4   0.006512421   0.009436786
 171.9160189  -3.628362852   5.486986e-4   0.006470312   0.009277672
 172.3394711  -3.637299996   5.500501e-4   0.006428611   0.009119917
 172.7629233  -3.646237139   5.514016e-4   0.006387315   0.008963509
 173.1863755  -3.655174283   5.527532e-4   0.006346416   0.008808436
 173.6098277  -3.664111427   5.541047e-4   0.006305911   0.008654687
 174.0332799  -3.673048571   5.554562e-4   0.006265794   0.008502250
 174.4567321  -3.681985715   5.568077e-4   0.006226060   0.008351114
 174.8801842  -3.690922858   5.581592e-4   0.006186704   0.008201268
 175.3036364  -3.699860002   5.595108e-4   0.006147722   0.008052702
 175.7270886  -3.708797146   5.608623e-4   0.006109109   0.007905405
 176.1505408  -3.717734290   5.622138e-4   0.006070859   0.007759367
 176.5739930  -3.726671434   5.635653e-4   0.006032970   0.007614579
 176.9974452  -3.735608577   5.649168e-4   0.005995435   0.007471030
 177.4208974  -3.744545721   5.662683e-4   0.005958251   0.007328711