#XDI/1.1
# X-ray Monochromator Darwin Width from xrayweb  Wed Dec 10 08:15:12 2025
# Monochromator.xtal        : Si
# Monochromator.hkl         : 1 1 1
# Monochromator.polarization: 's'
# Monochromator.theta       : 25.877113 (deg)
# Monochromator.theta_width : 66.289438 (microrad)
# Monochromator.energy_width: 0.619054 (eV)
# Monochromator.theta_fwhm  : 70.310567 (microrad)
# Monochromator.rocking_fwhm: 96.119685 (microrad)
# Monochromator.energy_fwhm : 0.656606 (eV)
# Xray.Energy               : 4530 (eV)
# Column.1: dtheta (microrad)
# Column.2: denergy (eV)
# Column.3: zeta (delta_lambda / lambda)
# Column.4: intensity
# Column.5: rocking_curve
#---------------------
# {' '.join(array_names)}
-153.7310539   1.435641822  -3.169187e-4   0.005997698   0.008389380
-153.0681595   1.429451277  -3.155522e-4   0.006035250   0.008538867
-152.4052651   1.423260733  -3.141856e-4   0.006073157   0.008689192
-151.7423707   1.417070189  -3.128190e-4   0.006111424   0.008840358
-151.0794763   1.410879645  -3.114525e-4   0.006150055   0.008992369
-150.4165820   1.404689100  -3.100859e-4   0.006189055   0.009145227
-149.7536876   1.398498556  -3.087193e-4   0.006228429   0.009298936
-149.0907932   1.392308012  -3.073528e-4   0.006268181   0.009453499
-148.4278988   1.386117468  -3.059862e-4   0.006308317   0.009608917
-147.7650044   1.379926923  -3.046196e-4   0.006348841   0.009765193
-147.1021101   1.373736379  -3.032531e-4   0.006389758   0.009922328
-146.4392157   1.367545835  -3.018865e-4   0.006431074   0.010080324
-145.7763213   1.361355290  -3.005199e-4   0.006472794   0.010239183
-145.1134269   1.355164746  -2.991534e-4   0.006514922   0.010398903
-144.4505325   1.348974202  -2.977868e-4   0.006557465   0.010559486
-143.7876382   1.342783658  -2.964202e-4   0.006600428   0.010720932
-143.1247438   1.336593113  -2.950537e-4   0.006643817   0.010883238
-142.4618494   1.330402569  -2.936871e-4   0.006687636   0.011046403
-141.7989550   1.324212025  -2.923205e-4   0.006731892   0.011210424
-141.1360606   1.318021481  -2.909540e-4   0.006776591   0.011375299
-140.4731663   1.311830936  -2.895874e-4   0.006821739   0.011541022
-139.8102719   1.305640392  -2.882208e-4   0.006867342   0.011707590
-139.1473775   1.299449848  -2.868543e-4   0.006913405   0.011874994
-138.4844831   1.293259303  -2.854877e-4   0.006959935   0.012043229
-137.8215887   1.287068759  -2.841211e-4   0.007006939   0.012212284
-137.1586944   1.280878215  -2.827546e-4   0.007054423   0.012382150
-136.4958000   1.274687671  -2.813880e-4   0.007102394   0.012552815
-135.8329056   1.268497126  -2.800214e-4   0.007150858   0.012724264
-135.1700112   1.262306582  -2.786549e-4   0.007199822   0.012896483
-134.5071168   1.256116038  -2.772883e-4   0.007249292   0.013069452
-133.8442225   1.249925494  -2.759217e-4   0.007299277   0.013243152
-133.1813281   1.243734949  -2.745552e-4   0.007349784   0.013417559
-132.5184337   1.237544405  -2.731886e-4   0.007400819   0.013592648
-131.8555393   1.231353861  -2.718220e-4   0.007452389   0.013768388
-131.1926449   1.225163316  -2.704555e-4   0.007504504   0.013944748
-130.5297506   1.218972772  -2.690889e-4   0.007557170   0.014121690
-129.8668562   1.212782228  -2.677223e-4   0.007610394   0.014299172
-129.2039618   1.206591684  -2.663558e-4   0.007664186   0.014477149
-128.5410674   1.200401139  -2.649892e-4   0.007718554   0.014655571
-127.8781730   1.194210595  -2.636226e-4   0.007773504   0.014834382
-127.2152787   1.188020051  -2.622561e-4   0.007829047   0.015013521
-126.5523843   1.181829507  -2.608895e-4   0.007885190   0.015192921
-125.8894899   1.175638962  -2.595229e-4   0.007941943   0.015372513
-125.2265955   1.169448418  -2.581564e-4   0.007999313   0.015552222
-124.5637011   1.163257874  -2.567898e-4   0.008057311   0.015731970
-123.9008068   1.157067329  -2.554233e-4   0.008115945   0.015911681
-123.2379124   1.150876785  -2.540567e-4   0.008175225   0.016091281
-122.5750180   1.144686241  -2.526901e-4   0.008235160   0.016270701
-121.9121236   1.138495697  -2.513236e-4   0.008295761   0.016449884
-121.2492292   1.132305152  -2.499570e-4   0.008357036   0.016628788
-120.5863349   1.126114608  -2.485904e-4   0.008418997   0.016807391
-119.9234405   1.119924064  -2.472239e-4   0.008481653   0.016985693
-119.2605461   1.113733519  -2.458573e-4   0.008545016   0.017163719
-118.5976517   1.107542975  -2.444907e-4   0.008609095   0.017341517
-117.9347573   1.101352431  -2.431242e-4   0.008673901   0.017519156
-117.2718630   1.095161887  -2.417576e-4   0.008739447   0.017696722
-116.6089686   1.088971342  -2.403910e-4   0.008805742   0.017874316
-115.9460742   1.082780798  -2.390245e-4   0.008872799   0.018052045
-115.2831798   1.076590254  -2.376579e-4   0.008940630   0.018230025
-114.6202854   1.070399710  -2.362913e-4   0.009009245   0.018408371
-113.9573911   1.064209165  -2.349248e-4   0.009078659   0.018587197
-113.2944967   1.058018621  -2.335582e-4   0.009148883   0.018766618
-112.6316023   1.051828077  -2.321916e-4   0.009219929   0.018946742
-111.9687079   1.045637532  -2.308251e-4   0.009291812   0.019127677
-111.3058135   1.039446988  -2.294585e-4   0.009364544   0.019309524
-110.6429192   1.033256444  -2.280919e-4   0.009438138   0.019492382
-109.9800248   1.027065900  -2.267254e-4   0.009512609   0.019676344
-109.3171304   1.020875355  -2.253588e-4   0.009587970   0.019861501
-108.6542360   1.014684811  -2.239922e-4   0.009664236   0.020047939
-107.9913416   1.008494267  -2.226257e-4   0.009741421   0.020235741
-107.3284473   1.002303723  -2.212591e-4   0.009819541   0.020424989
-106.6655529   0.996113178  -2.198925e-4   0.009898611   0.020615759
-106.0026585   0.989922634  -2.185260e-4   0.009978645   0.020808128
-105.3397641   0.983732090  -2.171594e-4   0.010059661   0.021002168
-104.6768697   0.977541545  -2.157928e-4   0.010141674   0.021197952
-104.0139754   0.971351001  -2.144263e-4   0.010224701   0.021395548
-103.3510810   0.965160457  -2.130597e-4   0.010308759   0.021595027
-102.6881866   0.958969913  -2.116931e-4   0.010393864   0.021796455
-102.0252922   0.952779368  -2.103266e-4   0.010480035   0.021999899
-101.3623978   0.946588824  -2.089600e-4   0.010567290   0.022205426
-100.6995035   0.940398280  -2.075934e-4   0.010655647   0.022413099
-100.0366091   0.934207736  -2.062269e-4   0.010745124   0.022622985
-99.37371470   0.928017191  -2.048603e-4   0.010835741   0.022835148
-98.71082032   0.921826647  -2.034937e-4   0.010927518   0.023049652
-98.04792594   0.915636103  -2.021272e-4   0.011020474   0.023266562
-97.38503156   0.909445558  -2.007606e-4   0.011114630   0.023485942
-96.72213718   0.903255014  -1.993940e-4   0.011210007   0.023707858
-96.05924280   0.897064470  -1.980275e-4   0.011306626   0.023932374
-95.39634842   0.890873926  -1.966609e-4   0.011404509   0.024159555
-94.73345404   0.884683381  -1.952943e-4   0.011503678   0.024389469
-94.07055966   0.878492837  -1.939278e-4   0.011604157   0.024622180
-93.40766528   0.872302293  -1.925612e-4   0.011705967   0.024857758
-92.74477090   0.866111749  -1.911946e-4   0.011809134   0.025096269
-92.08187652   0.859921204  -1.898281e-4   0.011913682   0.025337784
-91.41898214   0.853730660  -1.884615e-4   0.012019636   0.025582370
-90.75608776   0.847540116  -1.870949e-4   0.012127020   0.025830101
-90.09319338   0.841349571  -1.857284e-4   0.012235862   0.026081046
-89.43029900   0.835159027  -1.843618e-4   0.012346188   0.026335280
-88.76740462   0.828968483  -1.829953e-4   0.012458024   0.026592878
-88.10451024   0.822777939  -1.816287e-4   0.012571401   0.026853913
-87.44161586   0.816587394  -1.802621e-4   0.012686345   0.027118464
-86.77872148   0.810396850  -1.788956e-4   0.012802886   0.027386610
-86.11582710   0.804206306  -1.775290e-4   0.012921054   0.027658429
-85.45293272   0.798015761  -1.761624e-4   0.013040880   0.027934005
-84.79003835   0.791825217  -1.747959e-4   0.013162395   0.028213419
-84.12714397   0.785634673  -1.734293e-4   0.013285631   0.028496757
-83.46424959   0.779444129  -1.720627e-4   0.013410622   0.028784107
-82.80135521   0.773253584  -1.706962e-4   0.013537401   0.029075556
-82.13846083   0.767063040  -1.693296e-4   0.013666002   0.029371197
-81.47556645   0.760872496  -1.679630e-4   0.013796462   0.029671120
-80.81267207   0.754681952  -1.665965e-4   0.013928816   0.029975423
-80.14977769   0.748491407  -1.652299e-4   0.014063102   0.030284201
-79.48688331   0.742300863  -1.638633e-4   0.014199357   0.030597555
-78.82398893   0.736110319  -1.624968e-4   0.014337621   0.030915587
-78.16109455   0.729919774  -1.611302e-4   0.014477934   0.031238401
-77.49820017   0.723729230  -1.597636e-4   0.014620337   0.031566105
-76.83530579   0.717538686  -1.583971e-4   0.014764872   0.031898808
-76.17241141   0.711348142  -1.570305e-4   0.014911583   0.032236624
-75.50951703   0.705157597  -1.556639e-4   0.015060513   0.032579667
-74.84662265   0.698967053  -1.542974e-4   0.015211708   0.032928057
-74.18372827   0.692776509  -1.529308e-4   0.015365214   0.033281915
-73.52083389   0.686585965  -1.515642e-4   0.015521080   0.033641367
-72.85793951   0.680395420  -1.501977e-4   0.015679355   0.034006542
-72.19504513   0.674204876  -1.488311e-4   0.015840089   0.034377570
-71.53215075   0.668014332  -1.474645e-4   0.016003333   0.034754589
-70.86925637   0.661823787  -1.460980e-4   0.016169141   0.035137737
-70.20636199   0.655633243  -1.447314e-4   0.016337568   0.035527158
-69.54346761   0.649442699  -1.433648e-4   0.016508669   0.035922999
-68.88057323   0.643252155  -1.419983e-4   0.016682503   0.036325413
-68.21767885   0.637061610  -1.406317e-4   0.016859127   0.036734555
-67.55478447   0.630871066  -1.392651e-4   0.017038604   0.037150586
-66.89189009   0.624680522  -1.378986e-4   0.017220995   0.037573671
-66.22899571   0.618489978  -1.365320e-4   0.017406364   0.038003981
-65.56610133   0.612299433  -1.351654e-4   0.017594778   0.038441692
-64.90320695   0.606108889  -1.337989e-4   0.017786304   0.038886984
-64.24031257   0.599918345  -1.324323e-4   0.017981012   0.039340043
-63.57741819   0.593727800  -1.310657e-4   0.018178974   0.039801061
-62.91452381   0.587537256  -1.296992e-4   0.018380264   0.040270237
-62.25162943   0.581346712  -1.283326e-4   0.018584957   0.040747775
-61.58873505   0.575156168  -1.269660e-4   0.018793132   0.041233885
-60.92584067   0.568965623  -1.255995e-4   0.019004870   0.041728785
-60.26294629   0.562775079  -1.242329e-4   0.019220252   0.042232698
-59.60005191   0.556584535  -1.228663e-4   0.019439364   0.042745857
-58.93715753   0.550393991  -1.214998e-4   0.019662294   0.043268501
-58.27426315   0.544203446  -1.201332e-4   0.019889132   0.043800877
-57.61136877   0.538012902  -1.187666e-4   0.020119971   0.044343240
-56.94847439   0.531822358  -1.174001e-4   0.020354908   0.044895854
-56.28558001   0.525631813  -1.160335e-4   0.020594042   0.045458991
-55.62268563   0.519441269  -1.146669e-4   0.020837473   0.046032934
-54.95979125   0.513250725  -1.133004e-4   0.021085307   0.046617974
-54.29689687   0.507060181  -1.119338e-4   0.021337654   0.047214413
-53.63400249   0.500869636  -1.105672e-4   0.021594623   0.047822564
-52.97110811   0.494679092  -1.092007e-4   0.021856331   0.048442749
-52.30821373   0.488488548  -1.078341e-4   0.022122897   0.049075305
-51.64531935   0.482298003  -1.064676e-4   0.022394443   0.049720577
-50.98242497   0.476107459  -1.051010e-4   0.022671096   0.050378925
-50.31953059   0.469916915  -1.037344e-4   0.022952988   0.051050723
-49.65663621   0.463726371  -1.023679e-4   0.023240252   0.051736356
-48.99374183   0.457535826  -1.010013e-4   0.023533029   0.052436226
-48.33084745   0.451345282  -9.963472e-5   0.023831463   0.053150748
-47.66795307   0.445154738  -9.826815e-5   0.024135702   0.053880354
-47.00505869   0.438964194  -9.690159e-5   0.024445902   0.054625493
-46.34216431   0.432773649  -9.553502e-5   0.024762221   0.055386630
-45.67926993   0.426583105  -9.416846e-5   0.025084824   0.056164249
-45.01637555   0.420392561  -9.280189e-5   0.025413882   0.056958854
-44.35348117   0.414202016  -9.143532e-5   0.025749570   0.057770967
-43.69058679   0.408011472  -9.006876e-5   0.026092071   0.058601132
-43.02769241   0.401820928  -8.870219e-5   0.026441575   0.059449917
-42.36479803   0.395630384  -8.733563e-5   0.026798276   0.060317911
-41.70190365   0.389439839  -8.596906e-5   0.027162378   0.061205728
-41.03900927   0.383249295  -8.460249e-5   0.027534090   0.062114007
-40.37611489   0.377058751  -8.323593e-5   0.027913630   0.063043418
-39.71322051   0.370868207  -8.186936e-5   0.028301223   0.063994654
-39.05032613   0.364677662  -8.050280e-5   0.028697104   0.064968443
-38.38743175   0.358487118  -7.913623e-5   0.029101515   0.065965543
-37.72453737   0.352296574  -7.776966e-5   0.029514707   0.066986745
-37.06164299   0.346106029  -7.640310e-5   0.029936943   0.068032877
-36.39874861   0.339915485  -7.503653e-5   0.030368492   0.069104804
-35.73585423   0.333724941  -7.366996e-5   0.030809638   0.070203430
-35.07295985   0.327534397  -7.230340e-5   0.031260672   0.071329703
-34.41006547   0.321343852  -7.093683e-5   0.031721898   0.072484615
-33.74717109   0.315153308  -6.957027e-5   0.032193633   0.073669204
-33.08427671   0.308962764  -6.820370e-5   0.032676206   0.074884559
-32.42138233   0.302772220  -6.683713e-5   0.033169958   0.076131824
-31.75848795   0.296581675  -6.547057e-5   0.033675246   0.077412198
-31.09559357   0.290391131  -6.410400e-5   0.034192440   0.078726941
-30.43269919   0.284200587  -6.273744e-5   0.034721925   0.080077376
-29.76980481   0.278010042  -6.137087e-5   0.035264104   0.081464897
-29.10691043   0.271819498  -6.000430e-5   0.035819395   0.082890969
-28.44401605   0.265628954  -5.863774e-5   0.036388236   0.084357136
-27.78112167   0.259438410  -5.727117e-5   0.036971082   0.085865025
-27.11822729   0.253247865  -5.590461e-5   0.037568407   0.087416352
-26.45533291   0.247057321  -5.453804e-5   0.038180709   0.089012928
-25.79243853   0.240866777  -5.317147e-5   0.038808506   0.090656667
-25.12954415   0.234676233  -5.180491e-5   0.039452338   0.092349594
-24.46664977   0.228485688  -5.043834e-5   0.040112771   0.094093850
-23.80375539   0.222295144  -4.907178e-5   0.040790397   0.095891703
-23.14086101   0.216104600  -4.770521e-5   0.041485835   0.097745560
-22.47796663   0.209914055  -4.633864e-5   0.042199733   0.099657972
-21.81507225   0.203723511  -4.497208e-5   0.042932769   0.101631651
-21.15217787   0.197532967  -4.360551e-5   0.043685654   0.103669481
-20.48928349   0.191342423  -4.223895e-5   0.044459132   0.105774531
-19.82638911   0.185151878  -4.087238e-5   0.045253986   0.107950072
-19.16349473   0.178961334  -3.950581e-5   0.046071034   0.110199594
-18.50060035   0.172770790  -3.813925e-5   0.046911137   0.112526823
-17.83770597   0.166580245  -3.677268e-5   0.047775201   0.114935745
-17.17481159   0.160389701  -3.540612e-5   0.048664174   0.117430624
-16.51191721   0.154199157  -3.403955e-5   0.049579056   0.120016032
-15.84902283   0.148008613  -3.267298e-5   0.050520899   0.122696874
-15.18612845   0.141818068  -3.130642e-5   0.051490811   0.125478418
-14.52323407   0.135627524  -2.993985e-5   0.052489958   0.128366326
-13.86033969   0.129436980  -2.857328e-5   0.053519571   0.131366693
-13.19744531   0.123246436  -2.720672e-5   0.054580948   0.134486080
-12.53455093   0.117055891  -2.584015e-5   0.055675458   0.137731553
-11.87165655   0.110865347  -2.447359e-5   0.056804551   0.141110719
-11.20876217   0.104674803  -2.310702e-5   0.057969756   0.144631762
-10.54586779   0.098484258  -2.174045e-5   0.059172693   0.148303459
-9.882973409   0.092293714  -2.037389e-5   0.060415079   0.152135190
-9.220079029   0.086103170  -1.900732e-5   0.061698729   0.156136891
-8.557184649   0.079912626  -1.764076e-5   0.063025574   0.160318956
-7.894290269   0.073722081  -1.627419e-5   0.064397658   0.164691996
-7.231395889   0.067531537  -1.490762e-5   0.065817157   0.169266377
-6.568501509   0.061340993  -1.354106e-5   0.067286383   0.174051370
-5.905607129   0.055150449  -1.217449e-5   0.068807799   0.179053641
-5.242712749   0.048959904  -1.080793e-5   0.070384026   0.184274816
-4.579818369   0.042769360  -9.441360e-6   0.072017863   0.189708164
-3.916923989   0.036578816  -8.074794e-6   0.073712297   0.195335797
-3.254029609   0.030388271  -6.708228e-6   0.075470520   0.201129319
-2.591135229   0.024197727  -5.341662e-6   0.077295949   0.207055282
-1.928240849   0.018007183  -3.975096e-6   0.079192244   0.213081801
-1.265346469   0.011816639  -2.608529e-6   0.081163330   0.219182207
-0.602452089   0.005626094  -1.241963e-6   0.083213425   0.225335540
 0.060442291  -5.644499e-4   1.246026e-7   0.085347063   0.231525645
 0.723336671  -0.006754994   1.491169e-6   0.087569125   0.237740032
 1.386231051  -0.012945538   2.857735e-6   0.089884879   0.243968926
 2.049125431  -0.019136083   4.224301e-6   0.092300012   0.250204549
 2.712019811  -0.025326627   5.590867e-6   0.094820675   0.256440611
 3.374914191  -0.031517171   6.957433e-6   0.097453535   0.262671938
 4.037808571  -0.037707716   8.323999e-6   0.100205827   0.268894210
 4.700702951  -0.043898260   9.690565e-6   0.103085417   0.275103767
 5.363597330  -0.050088804   1.105713e-5   0.106100876   0.281297467
 6.026491710  -0.056279348   1.242370e-5   0.109261558   0.287472573
 6.689386090  -0.062469893   1.379026e-5   0.112577695   0.293626680
 7.352280470  -0.068660437   1.515683e-5   0.116060506   0.299757644
 8.015174850  -0.074850981   1.652340e-5   0.119722317   0.305863537
 8.678069230  -0.081041525   1.788996e-5   0.123576706   0.311942606
 9.340963610  -0.087232070   1.925653e-5   0.127638670   0.317993243
 10.00385799  -0.093422614   2.062309e-5   0.131924820   0.324013958
 10.66675237  -0.099613158   2.198966e-5   0.136453605   0.330003362
 11.32964675  -0.105803703   2.335623e-5   0.141245587   0.335960144
 11.99254113  -0.111994247   2.472279e-5   0.146323757   0.341883062
 12.65543551  -0.118184791   2.608936e-5   0.151713916   0.347770929
 13.31832989  -0.124375335   2.745592e-5   0.157445131   0.353622602
 13.98122427  -0.130565880   2.882249e-5   0.163550291   0.359436976
 14.64411865  -0.136756424   3.018906e-5   0.170066771   0.365212975
 15.30701303  -0.142946968   3.155562e-5   0.177037266   0.370949543
 15.96990741  -0.149137513   3.292219e-5   0.184510797   0.376645645
 16.63280179  -0.155328057   3.428875e-5   0.192543994   0.382300253
 17.29569617  -0.161518601   3.565532e-5   0.201202689   0.387912351
 17.95859055  -0.167709145   3.702189e-5   0.210563960   0.393480923
 18.62148493  -0.173899690   3.838845e-5   0.220718766   0.399004954
 19.28437931  -0.180090234   3.975502e-5   0.231775382   0.404483424
 19.94727369  -0.186280778   4.112158e-5   0.243863959   0.409915308
 20.61016807  -0.192471322   4.248815e-5   0.257142669   0.415299571
 21.27306245  -0.198661867   4.385472e-5   0.271806128   0.420635163
 21.93595683  -0.204852411   4.522128e-5   0.288097175   0.425921022
 22.59885121  -0.211042955   4.658785e-5   0.306323703   0.431156067
 23.26174559  -0.217233500   4.795441e-5   0.326883267   0.436339195
 23.92463997  -0.223424044   4.932098e-5   0.350299916   0.441469284
 24.58753435  -0.229614588   5.068755e-5   0.377280468   0.446545184
 25.25042873  -0.235805132   5.205411e-5   0.408801278   0.451565720
 25.91332311  -0.241995677   5.342068e-5   0.446237447   0.456529687
 26.57621749  -0.248186221   5.478725e-5   0.491516563   0.461435846
 27.23911187  -0.254376765   5.615381e-5   0.547047215   0.466282927
 27.90200625  -0.260567309   5.752038e-5   0.613899880   0.471069621
 28.56490063  -0.266757854   5.888694e-5   0.684178689   0.475794581
 29.22779501  -0.272948398   6.025351e-5   0.739349767   0.480456417
 29.89068939  -0.279138942   6.162008e-5   0.774280130   0.485053696
 30.55358377  -0.285329487   6.298664e-5   0.795946119   0.489584938
 31.21647815  -0.291520031   6.435321e-5   0.810056066   0.494048612
 31.87937253  -0.297710575   6.571977e-5   0.819696311   0.498443136
 32.54226691  -0.303901119   6.708634e-5   0.826515427   0.502766871
 33.20516129  -0.310091664   6.845291e-5   0.831446615   0.507018120
 33.86805567  -0.316282208   6.981947e-5   0.835052159   0.511195122
 34.53095005  -0.322472752   7.118604e-5   0.837689813   0.515296054
 35.19384443  -0.328663296   7.255260e-5   0.839597780   0.519319019
 35.85673881  -0.334853841   7.391917e-5   0.840940759   0.523262052
 36.51963319  -0.341044385   7.528574e-5   0.841836257   0.527123108
 37.18252757  -0.347234929   7.665230e-5   0.842370360   0.530900061
 37.84542195  -0.353425474   7.801887e-5   0.842607562   0.534590702
 38.50831633  -0.359616018   7.938543e-5   0.842597110   0.538192728
 39.17121071  -0.365806562   8.075200e-5   0.842377234   0.541703746
 39.83410509  -0.371997106   8.211857e-5   0.841978033   0.545121261
 40.49699947  -0.378187651   8.348513e-5   0.841423496   0.548442673
 41.15989385  -0.384378195   8.485170e-5   0.840732944   0.551665274
 41.82278823  -0.390568739   8.621826e-5   0.839922082   0.554786238
 42.48568261  -0.396759283   8.758483e-5   0.839003773   0.557802620
 43.14857699  -0.402949828   8.895140e-5   0.837988621   0.560711348
 43.81147137  -0.409140372   9.031796e-5   0.836885413   0.563509216
 44.47436575  -0.415330916   9.168453e-5   0.835701462   0.566192883
 45.13726013  -0.421521461   9.305110e-5   0.834442869   0.568758862
 45.80015451  -0.427712005   9.441766e-5   0.833114733   0.571203516
 46.46304889  -0.433902549   9.578423e-5   0.831721316   0.573523056
 47.12594327  -0.440093093   9.715079e-5   0.830266174   0.575713533
 47.78883765  -0.446283638   9.851736e-5   0.828752264   0.577770838
 48.45173203  -0.452474182   9.988393e-5   0.827182027   0.579690696
 49.11462641  -0.458664726   1.012505e-4   0.825557462   0.581468669
 49.77752079  -0.464855271   1.026171e-4   0.823880181   0.583100157
 50.44041517  -0.471045815   1.039836e-4   0.822151453   0.584580401
 51.10330955  -0.477236359   1.053502e-4   0.820372249   0.585904495
 51.76620393  -0.483426903   1.067168e-4   0.818543267   0.587067396
 52.42909831  -0.489617448   1.080833e-4   0.816664961   0.588063948
 53.09199269  -0.495807992   1.094499e-4   0.814737563   0.588888909
 53.75488707  -0.501998536   1.108165e-4   0.812761099   0.589536986
 54.41778145  -0.508189080   1.121830e-4   0.810735404   0.590002890
 55.08067583  -0.514379625   1.135496e-4   0.808660132   0.590281394
 55.74357021  -0.520570169   1.149162e-4   0.806534766   0.590367419
 56.40646459  -0.526760713   1.162827e-4   0.804358623   0.590256126
 57.06935897  -0.532951258   1.176493e-4   0.802130863   0.589943038
 57.73225335  -0.539141802   1.190159e-4   0.799850484   0.589424174
 58.39514773  -0.545332346   1.203824e-4   0.797516333   0.588696201
 59.05804211  -0.551522890   1.217490e-4   0.795127096   0.587756592
 59.72093649  -0.557713435   1.231155e-4   0.792681304   0.586603794
 60.38383087  -0.563903979   1.244821e-4   0.790177328   0.585237371
 61.04672525  -0.570094523   1.258487e-4   0.787613372   0.583658130
 61.70961963  -0.576285067   1.272152e-4   0.784987472   0.581868190
 62.37251401  -0.582475612   1.285818e-4   0.782297485   0.579870298
 63.03540839  -0.588666156   1.299484e-4   0.779541083   0.577669893
 63.69830277  -0.594856700   1.313149e-4   0.776715743   0.575272884
 64.36119715  -0.601047245   1.326815e-4   0.773818735   0.572686181
 65.02409153  -0.607237789   1.340481e-4   0.770847111   0.569917506
 65.68698591  -0.613428333   1.354146e-4   0.767797688   0.566975169
 66.34988029  -0.619618877   1.367812e-4   0.764667031   0.563867860
 67.01277467  -0.625809422   1.381478e-4   0.761451440   0.560604454
 67.67566905  -0.631999966   1.395143e-4   0.758146922   0.557193845
 68.33856343  -0.638190510   1.408809e-4   0.754749171   0.553644814
 69.00145781  -0.644381054   1.422475e-4   0.751253543   0.549965921
 69.66435219  -0.650571599   1.436140e-4   0.747655024   0.546165434
 70.32724657  -0.656762143   1.449806e-4   0.743948200   0.542251278
 70.99014095  -0.662952687   1.463472e-4   0.740127218   0.538231006
 71.65303533  -0.669143232   1.477137e-4   0.736185746   0.534111785
 72.31592971  -0.675333776   1.490803e-4   0.732116929   0.529900389
 72.97882409  -0.681524320   1.504469e-4   0.727913333   0.525603214
 73.64171847  -0.687714864   1.518134e-4   0.723566895   0.521226282
 74.30461285  -0.693905409   1.531800e-4   0.719068853   0.516775259
 74.96750723  -0.700095953   1.545466e-4   0.714409676   0.512255474
 75.63040161  -0.706286497   1.559131e-4   0.709578986   0.507671938
 76.29329599  -0.712477041   1.572797e-4   0.704565467   0.503029364
 76.95619037  -0.718667586   1.586463e-4   0.699356764   0.498332185
 77.61908475  -0.724858130   1.600128e-4   0.693939377   0.493584575
 78.28197913  -0.731048674   1.613794e-4   0.688298534   0.488790467
 78.94487351  -0.737239219   1.627460e-4   0.682418056   0.483953569
 79.60776789  -0.743429763   1.641125e-4   0.676280213   0.479077383
 80.27066227  -0.749620307   1.654791e-4   0.669865561   0.474165215
 80.93355665  -0.755810851   1.668457e-4   0.663152770   0.469220198
 81.59645103  -0.762001396   1.682122e-4   0.656118449   0.464245298
 82.25934541  -0.768191940   1.695788e-4   0.648736963   0.459243327
 82.92223979  -0.774382484   1.709454e-4   0.640980263   0.454216960
 83.58513417  -0.780573029   1.723119e-4   0.632817737   0.449168740
 84.24802855  -0.786763573   1.736785e-4   0.624216109   0.444101090
 84.91092293  -0.792954117   1.750451e-4   0.615139418   0.439016321
 85.57381731  -0.799144661   1.764116e-4   0.605549138   0.433916645
 86.23671169  -0.805335206   1.777782e-4   0.595404500   0.428804174
 86.89960607  -0.811525750   1.791448e-4   0.584663133   0.423680937
 87.56250045  -0.817716294   1.805113e-4   0.573282151   0.418548880
 88.22539483  -0.823906838   1.818779e-4   0.561219868   0.413409876
 88.88828921  -0.830097383   1.832445e-4   0.548438350   0.408265727
 89.55118359  -0.836287927   1.846110e-4   0.534906998   0.403118173
 90.21407797  -0.842478471   1.859776e-4   0.520607323   0.397968898
 90.87697235  -0.848669016   1.873442e-4   0.505538889   0.392819529
 91.53986673  -0.854859560   1.887107e-4   0.489726052   0.387671645
 92.20276111  -0.861050104   1.900773e-4   0.473224643   0.382526782
 92.86565549  -0.867240648   1.914439e-4   0.456127113   0.377386433
 93.52854987  -0.873431193   1.928104e-4   0.438564232   0.372252054
 94.19144425  -0.879621737   1.941770e-4   0.420701565   0.367125067
 94.85433863  -0.885812281   1.955435e-4   0.402729924   0.362006865
 95.51723301  -0.892002825   1.969101e-4   0.384850805   0.356898810
 96.18012739  -0.898193370   1.982767e-4   0.367259579   0.351802243
 96.84302177  -0.904383914   1.996432e-4   0.350130111   0.346718481
 97.50591615  -0.910574458   2.010098e-4   0.333603850   0.341648822
 98.16881053  -0.916765003   2.023764e-4   0.317784772   0.336594547
 98.83170491  -0.922955547   2.037429e-4   0.302739739   0.331556925
 99.49459929  -0.929146091   2.051095e-4   0.288502693   0.326537209
 100.1574937  -0.935336635   2.064761e-4   0.275080817   0.321536646
 100.8203880  -0.941527180   2.078426e-4   0.262461127   0.316556474
 101.4832824  -0.947717724   2.092092e-4   0.250616518   0.311597923
 102.1461768  -0.953908268   2.105758e-4   0.239510786   0.306662224
 102.8090712  -0.960098812   2.119423e-4   0.229102528   0.301750602
 103.4719656  -0.966289357   2.133089e-4   0.219348005   0.296864284
 104.1348599  -0.972479901   2.146755e-4   0.210203143   0.292004499
 104.7977543  -0.978670445   2.160420e-4   0.201624872   0.287172479
 105.4606487  -0.984860990   2.174086e-4   0.193571961   0.282369461
 106.1235431  -0.991051534   2.187752e-4   0.186005504   0.277596689
 106.7864375  -0.997242078   2.201417e-4   0.178889156   0.272855414
 107.4493318  -1.003432622   2.215083e-4   0.172189206   0.268146897
 108.1122262  -1.009623167   2.228749e-4   0.165874539   0.263472411
 108.7751206  -1.015813711   2.242414e-4   0.159916536   0.258833237
 109.4380150  -1.022004255   2.256080e-4   0.154288932   0.254230673
 110.1009094  -1.028194799   2.269746e-4   0.148967657   0.249666028
 110.7638037  -1.034385344   2.283411e-4   0.143930666   0.245140624
 111.4266981  -1.040575888   2.297077e-4   0.139157776   0.240655799
 112.0895925  -1.046766432   2.310743e-4   0.134630506   0.236212906
 112.7524869  -1.052956977   2.324408e-4   0.130331925   0.231813310
 113.4153813  -1.059147521   2.338074e-4   0.126246515   0.227458392
 114.0782756  -1.065338065   2.351740e-4   0.122360038   0.223149545
 114.7411700  -1.071528609   2.365405e-4   0.118659420   0.218888173
 115.4040644  -1.077719154   2.379071e-4   0.115132646   0.214675689
 116.0669588  -1.083909698   2.392737e-4   0.111768659   0.210513515
 116.7298532  -1.090100242   2.406402e-4   0.108557275   0.206403074
 117.3927475  -1.096290787   2.420068e-4   0.105489099   0.202345790
 118.0556419  -1.102481331   2.433734e-4   0.102555462   0.198343082
 118.7185363  -1.108671875   2.447399e-4   0.099748347   0.194396357
 119.3814307  -1.114862419   2.461065e-4   0.097060335   0.190507006
 120.0443251  -1.121052964   2.474731e-4   0.094484555   0.186676391
 120.7072194  -1.127243508   2.488396e-4   0.092014631   0.182905844
 121.3701138  -1.133434052   2.502062e-4   0.089644645   0.179196650
 122.0330082  -1.139624596   2.515728e-4   0.087369092   0.175550041
 122.6959026  -1.145815141   2.529393e-4   0.085182851   0.171967179
 123.3587970  -1.152005685   2.543059e-4   0.083081152   0.168449152
 124.0216913  -1.158196229   2.556725e-4   0.081059546   0.164996954
 124.6845857  -1.164386774   2.570390e-4   0.079113877   0.161611474
 125.3474801  -1.170577318   2.584056e-4   0.077240264   0.158293486
 126.0103745  -1.176767862   2.597722e-4   0.075435077   0.155043635
 126.6732689  -1.182958406   2.611387e-4   0.073694915   0.151862427
 127.3361632  -1.189148951   2.625053e-4   0.072016592   0.148750222
 127.9990576  -1.195339495   2.638719e-4   0.070397119   0.145707223
 128.6619520  -1.201530039   2.652384e-4   0.068833690   0.142733475
 129.3248464  -1.207720583   2.666050e-4   0.067323669   0.139828862
 129.9877408  -1.213911128   2.679716e-4   0.065864575   0.136993110
 130.6506351  -1.220101672   2.693381e-4   0.064454075   0.134225786
 131.3135295  -1.226292216   2.707047e-4   0.063089969   0.131526309
 131.9764239  -1.232482761   2.720712e-4   0.061770186   0.128893955
 132.6393183  -1.238673305   2.734378e-4   0.060492769   0.126327870
 133.3022127  -1.244863849   2.748044e-4   0.059255872   0.123827080
 133.9651070  -1.251054393   2.761709e-4   0.058057750   0.121390506
 134.6280014  -1.257244938   2.775375e-4   0.056896755   0.119016976
 135.2908958  -1.263435482   2.789041e-4   0.055771325   0.116705236
 135.9537902  -1.269626026   2.802706e-4   0.054679984   0.114453971
 136.6166846  -1.275816570   2.816372e-4   0.053621330   0.112261809
 137.2795789  -1.282007115   2.830038e-4   0.052594036   0.110127341
 137.9424733  -1.288197659   2.843703e-4   0.051596845   0.108049126
 138.6053677  -1.294388203   2.857369e-4   0.050628560   0.106025706
 139.2682621  -1.300578748   2.871035e-4   0.049688046   0.104055613
 139.9311565  -1.306769292   2.884700e-4   0.048774226   0.102137379
 140.5940508  -1.312959836   2.898366e-4   0.047886073   0.100269539
 141.2569452  -1.319150380   2.912032e-4   0.047022611   0.098450643
 141.9198396  -1.325340925   2.925697e-4   0.046182912   0.096679258
 142.5827340  -1.331531469   2.939363e-4   0.045366090   0.094953971
 143.2456284  -1.337722013   2.953029e-4   0.044571304   0.093273397
 143.9085227  -1.343912557   2.966694e-4   0.043797748   0.091636177
 144.5714171  -1.350103102   2.980360e-4   0.043044656   0.090040984
 145.2343115  -1.356293646   2.994026e-4   0.042311297   0.088486524
 145.8972059  -1.362484190   3.007691e-4   0.041596971   0.086971535
 146.5601003  -1.368674735   3.021357e-4   0.040901012   0.085494791
 147.2229946  -1.374865279   3.035023e-4   0.040222781   0.084055102
 147.8858890  -1.381055823   3.048688e-4   0.039561668   0.082651310
 148.5487834  -1.387246367   3.062354e-4   0.038917090   0.081282297
 149.2116778  -1.393436912   3.076020e-4   0.038288490   0.079946978
 149.8745722  -1.399627456   3.089685e-4   0.037675331   0.078644302
 150.5374665  -1.405818000   3.103351e-4   0.037077103   0.077373253
 151.2003609  -1.412008545   3.117017e-4   0.036493315   0.076132850
 151.8632553  -1.418199089   3.130682e-4   0.035923497   0.074922145
 152.5261497  -1.424389633   3.144348e-4   0.035367197   0.073740220
 153.1890441  -1.430580177   3.158014e-4   0.034823984   0.072586190
 153.8519384  -1.436770722   3.171679e-4   0.034293443   0.071459200
 154.5148328  -1.442961266   3.185345e-4   0.033775174   0.070358427
 155.1777272  -1.449151810   3.199011e-4   0.033268796   0.069283073
 155.8406216  -1.455342354   3.212676e-4   0.032773940   0.068232370
 156.5035160  -1.461532899   3.226342e-4   0.032290254   0.067205577
 157.1664103  -1.467723443   3.240008e-4   0.031817398   0.066201978
 157.8293047  -1.473913987   3.253673e-4   0.031355046   0.065220883
 158.4921991  -1.480104532   3.267339e-4   0.030902882   0.064261625
 159.1550935  -1.486295076   3.281005e-4   0.030460606   0.063323562
 159.8179879  -1.492485620   3.294670e-4   0.030027925   0.062406073
 160.4808822  -1.498676164   3.308336e-4   0.029604560   0.061508559
 161.1437766  -1.504866709   3.322002e-4   0.029190241   0.060630443
 161.8066710  -1.511057253   3.335667e-4   0.028784707   0.059771167
 162.4695654  -1.517247797   3.349333e-4   0.028387709   0.058930192
 163.1324598  -1.523438341   3.362999e-4   0.027999004   0.058106998
 163.7953541  -1.529628886   3.376664e-4   0.027618359   0.057301083
 164.4582485  -1.535819430   3.390330e-4   0.027245550   0.056511962
 165.1211429  -1.542009974   3.403996e-4   0.026880360   0.055739167
 165.7840373  -1.548200519   3.417661e-4   0.026522579   0.054982245
 166.4469317  -1.554391063   3.431327e-4   0.026172006   0.054240759
 167.1098260  -1.560581607   3.444993e-4   0.025828445   0.053514286
 167.7727204  -1.566772151   3.458658e-4   0.025491707   0.052802418
 168.4356148  -1.572962696   3.472324e-4   0.025161611   0.052104761
 169.0985092  -1.579153240   3.485989e-4   0.024837981   0.051420931
 169.7614036  -1.585343784   3.499655e-4   0.024520646   0.050750561
 170.4242979  -1.591534328   3.513321e-4   0.024209442   0.050093293
 171.0871923  -1.597724873   3.526986e-4   0.023904210   0.049448782
 171.7500867  -1.603915417   3.540652e-4   0.023604796   0.048816693
 172.4129811  -1.610105961   3.554318e-4   0.023311051   0.048196703
 173.0758755  -1.616296506   3.567983e-4   0.023022832   0.047588499
 173.7387698  -1.622487050   3.581649e-4   0.022739997   0.046991777
 174.4016642  -1.628677594   3.595315e-4   0.022462413   0.046406244
 175.0645586  -1.634868138   3.608980e-4   0.022189948   0.045831616
 175.7274530  -1.641058683   3.622646e-4   0.021922476   0.045267616
 176.3903474  -1.647249227   3.636312e-4   0.021659875   0.044713979
 177.0532417  -1.653439771   3.649977e-4   0.021402024   0.044170446
 177.7161361  -1.659630315   3.663643e-4   0.021148809   0.043636765
 178.3790305  -1.665820860   3.677309e-4   0.020900118   0.043112694
 179.0419249  -1.672011404   3.690974e-4   0.020655842   0.042597997
 179.7048193  -1.678201948   3.704640e-4   0.020415877   0.042092446
 180.3677136  -1.684392493   3.718306e-4   0.020180120   0.041595818
 181.0306080  -1.690583037   3.731971e-4   0.019948473   0.041107899
 181.6935024  -1.696773581   3.745637e-4   0.019720839   0.040628480
 182.3563968  -1.702964125   3.759303e-4   0.019497124   0.040157358
 183.0192912  -1.709154670   3.772968e-4   0.019277240   0.039694337
 183.6821855  -1.715345214   3.786634e-4   0.019061097   0.039239224
 184.3450799  -1.721535758   3.800300e-4   0.018848611   0.038791836
 185.0079743  -1.727726303   3.813965e-4   0.018639697   0.038351992
 185.6708687  -1.733916847   3.827631e-4   0.018434277   0.037919516
 186.3337631  -1.740107391   3.841297e-4   0.018232272   0.037494239
 186.9966574  -1.746297935   3.854962e-4   0.018033605   0.037075995
 187.6595518  -1.752488480   3.868628e-4   0.017838202   0.036664623
 188.3224462  -1.758679024   3.882294e-4   0.017645992   0.036259967
 188.9853406  -1.764869568   3.895959e-4   0.017456906   0.035861876
 189.6482350  -1.771060112   3.909625e-4   0.017270874   0.035470201
 190.3111293  -1.777250657   3.923291e-4   0.017087830   0.035084798
 190.9740237  -1.783441201   3.936956e-4   0.016907712   0.034705527
 191.6369181  -1.789631745   3.950622e-4   0.016730455   0.034332253
 192.2998125  -1.795822290   3.964288e-4   0.016555999   0.033964842
 192.9627069  -1.802012834   3.977953e-4   0.016384285   0.033603165
 193.6256012  -1.808203378   3.991619e-4   0.016215254   0.033247097
 194.2884956  -1.814393922   4.005285e-4   0.016048852   0.032896515
 194.9513900  -1.820584467   4.018950e-4   0.015885022   0.032551299
 195.6142844  -1.826775011   4.032616e-4   0.015723713   0.032211334
 196.2771788  -1.832965555   4.046282e-4   0.015564871   0.031876506
 196.9400731  -1.839156099   4.059947e-4   0.015408447   0.031546704
 197.6029675  -1.845346644   4.073613e-4   0.015254391   0.031221820
 198.2658619  -1.851537188   4.087279e-4   0.015102655   0.030901750
 198.9287563  -1.857727732   4.100944e-4   0.014953193   0.030586390
 199.5916507  -1.863918277   4.114610e-4   0.014805958   0.030275641
 200.2545450  -1.870108821   4.128276e-4   0.014660906   0.029969404
 200.9174394  -1.876299365   4.141941e-4   0.014517995   0.029667584
 201.5803338  -1.882489909   4.155607e-4   0.014377182   0.029370089
 202.2432282  -1.888680454   4.169273e-4   0.014238425   0.029076826
 202.9061226  -1.894870998   4.182938e-4   0.014101684   0.028787707
 203.5690169  -1.901061542   4.196604e-4   0.013966920   0.028502645
 204.2319113  -1.907252086   4.210270e-4   0.013834096   0.028221554
 204.8948057  -1.913442631   4.223935e-4   0.013703173   0.027944352
 205.5577001  -1.919633175   4.237601e-4   0.013574115   0.027670956
 206.2205945  -1.925823719   4.251266e-4   0.013446887   0.027401287
 206.8834888  -1.932014264   4.264932e-4   0.013321454   0.027135268
 207.5463832  -1.938204808   4.278598e-4   0.013197782   0.026872820
 208.2092776  -1.944395352   4.292263e-4   0.013075838   0.026613870
 208.8721720  -1.950585896   4.305929e-4   0.012955589   0.026358344
 209.5350664  -1.956776441   4.319595e-4   0.012837005   0.026106169
 210.1979607  -1.962966985   4.333260e-4   0.012720054   0.025857275
 210.8608551  -1.969157529   4.346926e-4   0.012604707   0.025611591
 211.5237495  -1.975348073   4.360592e-4   0.012490933   0.025369051
 212.1866439  -1.981538618   4.374257e-4   0.012378705   0.025129586
 212.8495383  -1.987729162   4.387923e-4   0.012267993   0.024893130
 213.5124326  -1.993919706   4.401589e-4   0.012158772   0.024659618
 214.1753270  -2.000110251   4.415254e-4   0.012051013   0.024428987
 214.8382214  -2.006300795   4.428920e-4   0.011944691   0.024201171
 215.5011158  -2.012491339   4.442586e-4   0.011839780   0.023976110
 216.1640102  -2.018681883   4.456251e-4   0.011736255   0.023753741
 216.8269045  -2.024872428   4.469917e-4   0.011634091   0.023534003
 217.4897989  -2.031062972   4.483583e-4   0.011533266   0.023316836
 218.1526933  -2.037253516   4.497248e-4   0.011433754   0.023102180
 218.8155877  -2.043444061   4.510914e-4   0.011335534   0.022889974
 219.4784821  -2.049634605   4.524580e-4   0.011238583   0.022680161
 220.1413764  -2.055825149   4.538245e-4   0.011142878   0.022472681
 220.8042708  -2.062015693   4.551911e-4   0.011048400   0.022267475
 221.4671652  -2.068206238   4.565577e-4   0.010955126   0.022064485
 222.1300596  -2.074396782   4.579242e-4   0.010863036   0.021863651
 222.7929540  -2.080587326   4.592908e-4   0.010772110   0.021664915
 223.4558483  -2.086777870   4.606574e-4   0.010682328   0.021468219
 224.1187427  -2.092968415   4.620239e-4   0.010593671   0.021273501
 224.7816371  -2.099158959   4.633905e-4   0.010506121   0.021080702
 225.4445315  -2.105349503   4.647571e-4   0.010419659   0.020889760
 226.1074259  -2.111540048   4.661236e-4   0.010334266   0.020700614
 226.7703202  -2.117730592   4.674902e-4   0.010249925   0.020513201
 227.4332146  -2.123921136   4.688568e-4   0.010166619   0.020327454
 228.0961090  -2.130111680   4.702233e-4   0.010084331   0.020143309
 228.7590034  -2.136302225   4.715899e-4   0.010003044   0.019960695
 229.4218978  -2.142492769   4.729565e-4   0.009922742   0.019779543
 230.0847921  -2.148683313   4.743230e-4   0.009843409   0.019599777
 230.7476865  -2.154873857   4.756896e-4   0.009765029   0.019421321
 231.4105809  -2.161064402   4.770562e-4   0.009687587   0.019244092
 232.0734753  -2.167254946   4.784227e-4   0.009611068   0.019068004
 232.7363697  -2.173445490   4.797893e-4   0.009535458   0.018892965
 233.3992640  -2.179636035   4.811559e-4   0.009460742   0.018718876
 234.0621584  -2.185826579   4.825224e-4   0.009386905   0.018545630
 234.7250528  -2.192017123   4.838890e-4   0.009313934   0.018373110
 235.3879472  -2.198207667   4.852556e-4   0.009241816   0.018201188
 236.0508416  -2.204398212   4.866221e-4   0.009170537   0.018029722
 236.7137359  -2.210588756   4.879887e-4   0.009100084   0.017858551
 237.3766303  -2.216779300   4.893553e-4   0.009030444   0.017687495
 238.0395247  -2.222969844   4.907218e-4   0.008961605   0.017516345
 238.7024191  -2.229160389   4.920884e-4   0.008893555   0.017344857
 239.3653135  -2.235350933   4.934550e-4   0.008826281   0.017172744
 240.0282078  -2.241541477   4.948215e-4   0.008759771   0.016999658
 240.6911022  -2.247732022   4.961881e-4   0.008694015   0.016825171
 241.3539966  -2.253922566   4.975547e-4   0.008629000   0.016648742
 242.0168910  -2.260113110   4.989212e-4   0.008564715   0.016469672
 242.6797854  -2.266303654   5.002878e-4   0.008501150   0.016287042
 243.3426797  -2.272494199   5.016543e-4   0.008438294   0.016099651
 244.0055741  -2.278684743   5.030209e-4   0.008376135   0.015906185
 244.6684685  -2.284875287   5.043875e-4   0.008314665   0.015706262
 245.3313629  -2.291065831   5.057540e-4   0.008253872   0.015501689
 245.9942573  -2.297256376   5.071206e-4   0.008193747   0.015294861
 246.6571516  -2.303446920   5.084872e-4   0.008134280   0.015087342
 247.3200460  -2.309637464   5.098537e-4   0.008075461   0.014880010
 247.9829404  -2.315828009   5.112203e-4   0.008017281   0.014673379
 248.6458348  -2.322018553   5.125869e-4   0.007959730   0.014467763
 249.3087292  -2.328209097   5.139534e-4   0.007902800   0.014263366
 249.9716235  -2.334399641   5.153200e-4   0.007846482   0.014060325
 250.6345179  -2.340590186   5.166866e-4   0.007790766   0.013858732
 251.2974123  -2.346780730   5.180531e-4   0.007735645   0.013658654
 251.9603067  -2.352971274   5.194197e-4   0.007681109   0.013460136
 252.6232011  -2.359161819   5.207863e-4   0.007627150   0.013263210
 253.2860954  -2.365352363   5.221528e-4   0.007573761   0.013067897
 253.9489898  -2.371542907   5.235194e-4   0.007520933   0.012874212
 254.6118842  -2.377733451   5.248860e-4   0.007468659   0.012682164
 255.2747786  -2.383923996   5.262525e-4   0.007416930   0.012491757
 255.9376730  -2.390114540   5.276191e-4   0.007365739   0.012302991
 256.6005673  -2.396305084   5.289857e-4   0.007315078   0.012115865
 257.2634617  -2.402495628   5.303522e-4   0.007264941   0.011930375
 257.9263561  -2.408686173   5.317188e-4   0.007215320   0.011746515
 258.5892505  -2.414876717   5.330854e-4   0.007166207   0.011564280
 259.2521449  -2.421067261   5.344519e-4   0.007117597   0.011383660
 259.9150392  -2.427257806   5.358185e-4   0.007069482   0.011204649
 260.5779336  -2.433448350   5.371851e-4   0.007021855   0.011027235
 261.2408280  -2.439638894   5.385516e-4   0.006974710   0.010851411
 261.9037224  -2.445829438   5.399182e-4   0.006928040   0.010677165
 262.5666168  -2.452019983   5.412848e-4   0.006881839   0.010504488
 263.2295111  -2.458210527   5.426513e-4   0.006836100   0.010333369
 263.8924055  -2.464401071   5.440179e-4   0.006790818   0.010163797
 264.5552999  -2.470591615   5.453845e-4   0.006745986   0.009995762
 265.2181943  -2.476782160   5.467510e-4   0.006701599   0.009829253
 265.8810887  -2.482972704   5.481176e-4   0.006657650   0.009664260
 266.5439830  -2.489163248   5.494842e-4   0.006614134   0.009500771
 267.2068774  -2.495353793   5.508507e-4   0.006571044   0.009338777
 267.8697718  -2.501544337   5.522173e-4   0.006528377   0.009178266
 268.5326662  -2.507734881   5.535839e-4   0.006486125   0.009019230
 269.1955606  -2.513925425   5.549504e-4   0.006444283   0.008861657
 269.8584549  -2.520115970   5.563170e-4   0.006402847   0.008705538
 270.5213493  -2.526306514   5.576836e-4   0.006361811   0.008550863
 271.1842437  -2.532497058   5.590501e-4   0.006321169   0.008397623
 271.8471381  -2.538687602   5.604167e-4   0.006280917   0.008245808
 272.5100325  -2.544878147   5.617833e-4   0.006241050   0.008095411
 273.1729268  -2.551068691   5.631498e-4   0.006201563   0.007946421
 273.8358212  -2.557259235   5.645164e-4   0.006162451   0.007798832
 274.4987156  -2.563449780   5.658830e-4   0.006123709   0.007652634
 275.1616100  -2.569640324   5.672495e-4   0.006085332   0.007507820
 275.8245044  -2.575830868   5.686161e-4   0.006047317   0.007364383
 276.4873987  -2.582021412   5.699827e-4   0.006009658   0.007222315