#XDI/1.1
# X-ray Monochromator Darwin Width from xrayweb  Fri Dec 12 07:40:30 2025
# Monochromator.xtal        : Si
# Monochromator.hkl         : 1 1 1
# Monochromator.polarization: 's'
# Monochromator.theta       : 5.525699 (deg)
# Monochromator.theta_width : 12.765772 (microrad)
# Monochromator.energy_width: 2.709362 (eV)
# Monochromator.theta_fwhm  : 13.540145 (microrad)
# Monochromator.rocking_fwhm: 17.872080 (microrad)
# Monochromator.energy_fwhm : 2.873713 (eV)
# Xray.Energy               : 20532.13 (eV)
# Column.1: dtheta (microrad)
# Column.2: denergy (eV)
# Column.3: zeta (delta_lambda / lambda)
# Column.4: intensity
# Column.5: rocking_curve
#---------------------
# {' '.join(array_names)}
-29.94136352   6.354649444  -3.094978e-4   0.005864805   0.007532057
-29.81370580   6.327555820  -3.081782e-4   0.005901116   0.007673318
-29.68604809   6.300462197  -3.068587e-4   0.005937767   0.007815632
-29.55839037   6.273368573  -3.055391e-4   0.005974762   0.007959010
-29.43073266   6.246274950  -3.042195e-4   0.006012106   0.008103463
-29.30307494   6.219181326  -3.029000e-4   0.006049801   0.008249004
-29.17541723   6.192087703  -3.015804e-4   0.006087854   0.008395644
-29.04775951   6.164994079  -3.002608e-4   0.006126269   0.008543395
-28.92010180   6.137900456  -2.989412e-4   0.006165050   0.008692271
-28.79244408   6.110806832  -2.976217e-4   0.006204202   0.008842282
-28.66478636   6.083713209  -2.963021e-4   0.006243729   0.008993442
-28.53712865   6.056619585  -2.949825e-4   0.006283637   0.009145763
-28.40947093   6.029525962  -2.936630e-4   0.006323931   0.009299258
-28.28181322   6.002432338  -2.923434e-4   0.006364615   0.009453941
-28.15415550   5.975338715  -2.910238e-4   0.006405694   0.009609825
-28.02649779   5.948245091  -2.897042e-4   0.006447174   0.009766922
-27.89884007   5.921151468  -2.883847e-4   0.006489061   0.009925247
-27.77118236   5.894057844  -2.870651e-4   0.006531358   0.010084812
-27.64352464   5.866964221  -2.857455e-4   0.006574073   0.010245633
-27.51586692   5.839870597  -2.844260e-4   0.006617209   0.010407722
-27.38820921   5.812776974  -2.831064e-4   0.006660774   0.010571095
-27.26055149   5.785683350  -2.817868e-4   0.006704772   0.010735764
-27.13289378   5.758589727  -2.804672e-4   0.006749209   0.010901745
-27.00523606   5.731496103  -2.791477e-4   0.006794092   0.011069051
-26.87757835   5.704402480  -2.778281e-4   0.006839426   0.011237698
-26.74992063   5.677308856  -2.765085e-4   0.006885218   0.011407699
-26.62226292   5.650215232  -2.751889e-4   0.006931473   0.011579070
-26.49460520   5.623121609  -2.738694e-4   0.006978197   0.011751825
-26.36694749   5.596027985  -2.725498e-4   0.007025399   0.011925979
-26.23928977   5.568934362  -2.712302e-4   0.007073082   0.012101546
-26.11163205   5.541840738  -2.699107e-4   0.007121256   0.012278540
-25.98397434   5.514747115  -2.685911e-4   0.007169926   0.012456977
-25.85631662   5.487653491  -2.672715e-4   0.007219098   0.012636869
-25.72865891   5.460559868  -2.659519e-4   0.007268781   0.012818230
-25.60100119   5.433466244  -2.646324e-4   0.007318981   0.013001075
-25.47334348   5.406372621  -2.633128e-4   0.007369706   0.013185414
-25.34568576   5.379278997  -2.619932e-4   0.007420962   0.013371260
-25.21802805   5.352185374  -2.606737e-4   0.007472757   0.013558623
-25.09037033   5.325091750  -2.593541e-4   0.007525100   0.013747511
-24.96271261   5.297998127  -2.580345e-4   0.007577997   0.013937932
-24.83505490   5.270904503  -2.567149e-4   0.007631457   0.014129888
-24.70739718   5.243810880  -2.553954e-4   0.007685487   0.014323379
-24.57973947   5.216717256  -2.540758e-4   0.007740096   0.014518399
-24.45208175   5.189623633  -2.527562e-4   0.007795293   0.014714932
-24.32442404   5.162530009  -2.514367e-4   0.007851085   0.014912948
-24.19676632   5.135436386  -2.501171e-4   0.007907481   0.015112397
-24.06910861   5.108342762  -2.487975e-4   0.007964491   0.015313188
-23.94145089   5.081249139  -2.474779e-4   0.008022123   0.015515156
-23.81379317   5.054155515  -2.461584e-4   0.008080386   0.015717967
-23.68613546   5.027061892  -2.448388e-4   0.008139289   0.015920781
-23.55847774   4.999968268  -2.435192e-4   0.008198842   0.016120396
-23.43082003   4.972874645  -2.421996e-4   0.008259056   0.016308457
-23.30316231   4.945781021  -2.408801e-4   0.008319938   0.016487999
-23.17550460   4.918687397  -2.395605e-4   0.008381500   0.016662523
-23.04784688   4.891593774  -2.382409e-4   0.008443752   0.016833810
-22.92018917   4.864500150  -2.369214e-4   0.008506704   0.017002935
-22.79253145   4.837406527  -2.356018e-4   0.008570367   0.017170617
-22.66487374   4.810312903  -2.342822e-4   0.008634751   0.017337378
-22.53721602   4.783219280  -2.329626e-4   0.008699868   0.017503614
-22.40955830   4.756125656  -2.316431e-4   0.008765728   0.017669640
-22.28190059   4.729032033  -2.303235e-4   0.008832344   0.017835710
-22.15424287   4.701938409  -2.290039e-4   0.008899727   0.018002040
-22.02658516   4.674844786  -2.276844e-4   0.008967888   0.018168809
-21.89892744   4.647751162  -2.263648e-4   0.009036840   0.018336178
-21.77126973   4.620657539  -2.250452e-4   0.009106595   0.018504285
-21.64361201   4.593563915  -2.237256e-4   0.009177167   0.018673253
-21.51595430   4.566470292  -2.224061e-4   0.009248566   0.018843195
-21.38829658   4.539376668  -2.210865e-4   0.009320808   0.019014214
-21.26063886   4.512283045  -2.197669e-4   0.009393905   0.019186403
-21.13298115   4.485189421  -2.184474e-4   0.009467870   0.019359850
-21.00532343   4.458095798  -2.171278e-4   0.009542719   0.019534637
-20.87766572   4.431002174  -2.158082e-4   0.009618464   0.019710842
-20.75000800   4.403908551  -2.144886e-4   0.009695120   0.019888537
-20.62235029   4.376814927  -2.131691e-4   0.009772703   0.020067795
-20.49469257   4.349721304  -2.118495e-4   0.009851227   0.020248682
-20.36703486   4.322627680  -2.105299e-4   0.009930707   0.020431265
-20.23937714   4.295534057  -2.092103e-4   0.010011160   0.020615606
-20.11171943   4.268440433  -2.078908e-4   0.010092601   0.020801769
-19.98406171   4.241346809  -2.065712e-4   0.010175047   0.020989813
-19.85640399   4.214253186  -2.052516e-4   0.010258514   0.021179800
-19.72874628   4.187159562  -2.039321e-4   0.010343020   0.021371787
-19.60108856   4.160065939  -2.026125e-4   0.010428581   0.021565834
-19.47343085   4.132972315  -2.012929e-4   0.010515217   0.021762000
-19.34577313   4.105878692  -1.999733e-4   0.010602944   0.021960341
-19.21811542   4.078785068  -1.986538e-4   0.010691781   0.022160915
-19.09045770   4.051691445  -1.973342e-4   0.010781748   0.022363782
-18.96279999   4.024597821  -1.960146e-4   0.010872864   0.022568997
-18.83514227   3.997504198  -1.946951e-4   0.010965148   0.022776620
-18.70748455   3.970410574  -1.933755e-4   0.011058621   0.022986709
-18.57982684   3.943316951  -1.920559e-4   0.011153304   0.023199323
-18.45216912   3.916223327  -1.907363e-4   0.011249216   0.023414522
-18.32451141   3.889129704  -1.894168e-4   0.011346381   0.023632365
-18.19685369   3.862036080  -1.880972e-4   0.011444821   0.023852914
-18.06919598   3.834942457  -1.867776e-4   0.011544556   0.024076229
-17.94153826   3.807848833  -1.854581e-4   0.011645612   0.024302373
-17.81388055   3.780755210  -1.841385e-4   0.011748011   0.024531409
-17.68622283   3.753661586  -1.828189e-4   0.011851777   0.024763402
-17.55856512   3.726567963  -1.814993e-4   0.011956936   0.024998417
-17.43090740   3.699474339  -1.801798e-4   0.012063511   0.025236519
-17.30324968   3.672380716  -1.788602e-4   0.012171530   0.025477777
-17.17559197   3.645287092  -1.775406e-4   0.012281018   0.025722260
-17.04793425   3.618193469  -1.762210e-4   0.012392003   0.025970036
-16.92027654   3.591099845  -1.749015e-4   0.012504512   0.026221179
-16.79261882   3.564006221  -1.735819e-4   0.012618573   0.026475760
-16.66496111   3.536912598  -1.722623e-4   0.012734216   0.026733853
-16.53730339   3.509818974  -1.709428e-4   0.012851470   0.026995536
-16.40964568   3.482725351  -1.696232e-4   0.012970364   0.027260885
-16.28198796   3.455631727  -1.683036e-4   0.013090932   0.027529980
-16.15433024   3.428538104  -1.669840e-4   0.013213203   0.027802902
-16.02667253   3.401444480  -1.656645e-4   0.013337211   0.028079733
-15.89901481   3.374350857  -1.643449e-4   0.013462989   0.028360559
-15.77135710   3.347257233  -1.630253e-4   0.013590571   0.028645466
-15.64369938   3.320163610  -1.617058e-4   0.013719992   0.028934543
-15.51604167   3.293069986  -1.603862e-4   0.013851288   0.029227881
-15.38838395   3.265976363  -1.590666e-4   0.013984496   0.029525575
-15.26072624   3.238882739  -1.577470e-4   0.014119654   0.029827718
-15.13306852   3.211789116  -1.564275e-4   0.014256799   0.030134410
-15.00541081   3.184695492  -1.551079e-4   0.014395972   0.030445750
-14.87775309   3.157601869  -1.537883e-4   0.014537213   0.030761842
-14.75009537   3.130508245  -1.524688e-4   0.014680564   0.031082793
-14.62243766   3.103414622  -1.511492e-4   0.014826067   0.031408709
-14.49477994   3.076320998  -1.498296e-4   0.014973766   0.031739704
-14.36712223   3.049227375  -1.485100e-4   0.015123706   0.032075891
-14.23946451   3.022133751  -1.471905e-4   0.015275933   0.032417388
-14.11180680   2.995040128  -1.458709e-4   0.015430495   0.032764316
-13.98414908   2.967946504  -1.445513e-4   0.015587439   0.033116799
-13.85649137   2.940852881  -1.432317e-4   0.015746815   0.033474965
-13.72883365   2.913759257  -1.419122e-4   0.015908675   0.033838945
-13.60117593   2.886665633  -1.405926e-4   0.016073071   0.034208874
-13.47351822   2.859572010  -1.392730e-4   0.016240057   0.034584891
-13.34586050   2.832478386  -1.379535e-4   0.016409688   0.034967139
-13.21820279   2.805384763  -1.366339e-4   0.016582021   0.035355764
-13.09054507   2.778291139  -1.353143e-4   0.016757114   0.035750920
-12.96288736   2.751197516  -1.339947e-4   0.016935027   0.036152761
-12.83522964   2.724103892  -1.326752e-4   0.017115822   0.036561447
-12.70757193   2.697010269  -1.313556e-4   0.017299562   0.036977145
-12.57991421   2.669916645  -1.300360e-4   0.017486312   0.037400025
-12.45225650   2.642823022  -1.287165e-4   0.017676139   0.037830263
-12.32459878   2.615729398  -1.273969e-4   0.017869112   0.038268039
-12.19694106   2.588635775  -1.260773e-4   0.018065302   0.038713542
-12.06928335   2.561542151  -1.247577e-4   0.018264781   0.039166962
-11.94162563   2.534448528  -1.234382e-4   0.018467624   0.039628500
-11.81396792   2.507354904  -1.221186e-4   0.018673908   0.040098361
-11.68631020   2.480261281  -1.207990e-4   0.018883713   0.040576756
-11.55865249   2.453167657  -1.194795e-4   0.019097121   0.041063905
-11.43099477   2.426074034  -1.181599e-4   0.019314214   0.041560033
-11.30333706   2.398980410  -1.168403e-4   0.019535080   0.042065374
-11.17567934   2.371886787  -1.155207e-4   0.019759808   0.042580169
-11.04802162   2.344793163  -1.142012e-4   0.019988490   0.043104667
-10.92036391   2.317699540  -1.128816e-4   0.020221219   0.043639128
-10.79270619   2.290605916  -1.115620e-4   0.020458095   0.044183817
-10.66504848   2.263512293  -1.102424e-4   0.020699216   0.044739011
-10.53739076   2.236418669  -1.089229e-4   0.020944687   0.045304995
-10.40973305   2.209325045  -1.076033e-4   0.021194614   0.045882066
-10.28207533   2.182231422  -1.062837e-4   0.021449108   0.046470529
-10.15441762   2.155137798  -1.049642e-4   0.021708282   0.047070703
-10.02675990   2.128044175  -1.036446e-4   0.021972253   0.047682916
-9.899102185   2.100950551  -1.023250e-4   0.022241142   0.048307508
-9.771444469   2.073856928  -1.010054e-4   0.022515074   0.048944835
-9.643786754   2.046763304  -9.968587e-5   0.022794178   0.049595262
-9.516129038   2.019669681  -9.836630e-5   0.023078587   0.050259170
-9.388471323   1.992576057  -9.704673e-5   0.023368438   0.050936955
-9.260813607   1.965482434  -9.572716e-5   0.023663874   0.051629026
-9.133155892   1.938388810  -9.440759e-5   0.023965040   0.052335810
-9.005498176   1.911295187  -9.308801e-5   0.024272090   0.053057750
-8.877840461   1.884201563  -9.176844e-5   0.024585178   0.053795307
-8.750182745   1.857107940  -9.044887e-5   0.024904469   0.054548959
-8.622525030   1.830014316  -8.912930e-5   0.025230128   0.055319205
-8.494867314   1.802920693  -8.780973e-5   0.025562331   0.056106563
-8.367209599   1.775827069  -8.649015e-5   0.025901256   0.056911575
-8.239551883   1.748733446  -8.517058e-5   0.026247089   0.057734803
-8.111894168   1.721639822  -8.385101e-5   0.026600024   0.058576833
-7.984236452   1.694546199  -8.253144e-5   0.026960258   0.059438277
-7.856578737   1.667452575  -8.121187e-5   0.027327998   0.060319774
-7.728921021   1.640358952  -7.989229e-5   0.027703460   0.061221990
-7.601263306   1.613265328  -7.857272e-5   0.028086863   0.062145621
-7.473605590   1.586171705  -7.725315e-5   0.028478439   0.063091392
-7.345947875   1.559078081  -7.593358e-5   0.028878426   0.064060065
-7.218290159   1.531984457  -7.461401e-5   0.029287071   0.065052435
-7.090632444   1.504890834  -7.329443e-5   0.029704631   0.066069332
-6.962974728   1.477797210  -7.197486e-5   0.030131373   0.067111629
-6.835317013   1.450703587  -7.065529e-5   0.030567573   0.068180237
-6.707659297   1.423609963  -6.933572e-5   0.031013520   0.069276115
-6.580001582   1.396516340  -6.801615e-5   0.031469511   0.070400266
-6.452343866   1.369422716  -6.669657e-5   0.031935858   0.071553743
-6.324686151   1.342329093  -6.537700e-5   0.032412884   0.072737655
-6.197028435   1.315235469  -6.405743e-5   0.032900924   0.073953165
-6.069370720   1.288141846  -6.273786e-5   0.033400328   0.075201497
-5.941713004   1.261048222  -6.141829e-5   0.033911459   0.076483942
-5.814055289   1.233954599  -6.009871e-5   0.034434697   0.077801858
-5.686397573   1.206860975  -5.877914e-5   0.034970437   0.079156677
-5.558739858   1.179767352  -5.745957e-5   0.035519088   0.080549911
-5.431082142   1.152673728  -5.614000e-5   0.036081081   0.081983158
-5.303424427   1.125580105  -5.482043e-5   0.036656862   0.083458106
-5.175766711   1.098486481  -5.350085e-5   0.037246897   0.084976543
-5.048108996   1.071392858  -5.218128e-5   0.037851673   0.086540362
-4.920451280   1.044299234  -5.086171e-5   0.038471698   0.088151572
-4.792793565   1.017205611  -4.954214e-5   0.039107504   0.089812306
-4.665135849   0.990111987  -4.822257e-5   0.039759645   0.091524829
-4.537478134   0.963018364  -4.690299e-5   0.040428701   0.093291554
-4.409820418   0.935924740  -4.558342e-5   0.041115279   0.095115051
-4.282162703   0.908831117  -4.426385e-5   0.041820014   0.096998063
-4.154504987   0.881737493  -4.294428e-5   0.042543570   0.098943521
-4.026847272   0.854643869  -4.162471e-5   0.043286645   0.100954562
-3.899189556   0.827550246  -4.030513e-5   0.044049967   0.103034548
-3.771531841   0.800456622  -3.898556e-5   0.044834303   0.105187088
-3.643874125   0.773362999  -3.766599e-5   0.045640455   0.107416067
-3.516216410   0.746269375  -3.634642e-5   0.046469267   0.109725670
-3.388558694   0.719175752  -3.502685e-5   0.047321622   0.112120417
-3.260900979   0.692082128  -3.370727e-5   0.048198452   0.114605201
-3.133243263   0.664988505  -3.238770e-5   0.049100734   0.117185330
-3.005585548   0.637894881  -3.106813e-5   0.050029499   0.119866581
-2.877927832   0.610801258  -2.974856e-5   0.050985828   0.122655254
-2.750270117   0.583707634  -2.842899e-5   0.051970865   0.125558244
-2.622612401   0.556614011  -2.710941e-5   0.052985810   0.128583123
-2.494954686   0.529520387  -2.578984e-5   0.054031935   0.131738236
-2.367296970   0.502426764  -2.447027e-5   0.055110578   0.135032819
-2.239639255   0.475333140  -2.315070e-5   0.056223155   0.138477144
-2.111981539   0.448239517  -2.183113e-5   0.057371161   0.142082691
-1.984323824   0.421145893  -2.051155e-5   0.058556178   0.145862370
-1.856666108   0.394052270  -1.919198e-5   0.059779882   0.149830800
-1.729008393   0.366958646  -1.787241e-5   0.061044048   0.154004667
-1.601350677   0.339865023  -1.655284e-5   0.062350557   0.158403196
-1.473692962   0.312771399  -1.523327e-5   0.063701408   0.163048790
-1.346035246   0.285677776  -1.391369e-5   0.065098721   0.167967914
-1.218377531   0.258584152  -1.259412e-5   0.066544753   0.173192374
-1.090719815   0.231490529  -1.127455e-5   0.068041903   0.178761197
-0.963062100   0.204396905  -9.954978e-6   0.069592730   0.184723433
-0.835404384   0.177303282  -8.635406e-6   0.071199960   0.191141053
-0.707746669   0.150209658  -7.315834e-6   0.072866502   0.198039088
-0.580088953   0.123116034  -5.996262e-6   0.074595467   0.205244133
-0.452431238   0.096022411  -4.676690e-6   0.076390181   0.212479199
-0.324773522   0.068928787  -3.357118e-6   0.078254207   0.219723213
-0.197115807   0.041835164  -2.037546e-6   0.080191365   0.226969609
-0.069458091   0.014741540  -7.179742e-7   0.082205757   0.234215190
 0.058199624  -0.012352083   6.015977e-7   0.084301791   0.241458058
 0.185857340  -0.039445707   1.921170e-6   0.086484215   0.248696943
 0.313515055  -0.066539330   3.240742e-6   0.088758144   0.255930924
 0.441172771  -0.093632954   4.560314e-6   0.091129102   0.263159287
 0.568830486  -0.120726577   5.879886e-6   0.093603064   0.270381454
 0.696488202  -0.147820201   7.199458e-6   0.096186498   0.277596937
 0.824145918  -0.174913824   8.519030e-6   0.098886423   0.284805308
 0.951803633  -0.202007448   9.838602e-6   0.101710468   0.292006185
 1.079461349  -0.229101071   1.115817e-5   0.104666939   0.299199216
 1.207119064  -0.256194695   1.247775e-5   0.107764899   0.306384074
 1.334776780  -0.283288318   1.379732e-5   0.111014257   0.313560446
 1.462434495  -0.310381942   1.511689e-5   0.114425870   0.320728030
 1.590092211  -0.337475565   1.643646e-5   0.118011662   0.327886531
 1.717749926  -0.364569189   1.775603e-5   0.121784764   0.335035662
 1.845407642  -0.391662812   1.907561e-5   0.125759667   0.342175135
 1.973065357  -0.418756436   2.039518e-5   0.129952416   0.349304662
 2.100723073  -0.445850059   2.171475e-5   0.134380821   0.356423958
 2.228380788  -0.472943683   2.303432e-5   0.139064721   0.363532729
 2.356038504  -0.500037306   2.435389e-5   0.144026286   0.370630684
 2.483696219  -0.527130930   2.567347e-5   0.149290382   0.377717521
 2.611353935  -0.554224554   2.699304e-5   0.154885008   0.384792937
 2.739011650  -0.581318177   2.831261e-5   0.160841825   0.391856618
 2.866669366  -0.608411801   2.963218e-5   0.167196800   0.398908247
 2.994327081  -0.635505424   3.095175e-5   0.173990993   0.405947493
 3.121984797  -0.662599048   3.227133e-5   0.181271535   0.412974021
 3.249642512  -0.689692671   3.359090e-5   0.189092852   0.419987482
 3.377300228  -0.716786295   3.491047e-5   0.197518201   0.426987520
 3.504957943  -0.743879918   3.623004e-5   0.206621647   0.433973763
 3.632615659  -0.770973542   3.754961e-5   0.216490609   0.440945830
 3.760273374  -0.798067165   3.886919e-5   0.227229213   0.447903325
 3.887931090  -0.825160789   4.018876e-5   0.238962760   0.454845839
 4.015588805  -0.852254412   4.150833e-5   0.251843801   0.461772947
 4.143246521  -0.879348036   4.282790e-5   0.266060580   0.468684208
 4.270904236  -0.906441659   4.414747e-5   0.281849034   0.475579166
 4.398561952  -0.933535283   4.546705e-5   0.299510363   0.482457345
 4.526219667  -0.960628906   4.678662e-5   0.319437628   0.489318250
 4.653877383  -0.987722530   4.810619e-5   0.342157691   0.496161368
 4.781535098  -1.014816153   4.942576e-5   0.368400736   0.502986162
 4.909192814  -1.041909777   5.074533e-5   0.399223027   0.509792074
 5.036850529  -1.069003400   5.206491e-5   0.436242374   0.516578522
 5.164508245  -1.096097024   5.338448e-5   0.482143995   0.523344897
 5.292165960  -1.123190647   5.470405e-5   0.541965190   0.530090564
 5.419823676  -1.150284271   5.602362e-5   0.627412009   0.536814860
 5.547481391  -1.177377894   5.734319e-5   0.784410425   0.543517091
 5.675139107  -1.204471518   5.866277e-5   0.975154035   0.550196528
 5.802796822  -1.231565142   5.998234e-5   0.983578904   0.556852411
 5.930454538  -1.258658765   6.130191e-5   0.986389920   0.563483940
 6.058112253  -1.285752389   6.262148e-5   0.987841954   0.570090278
 6.185769969  -1.312846012   6.394105e-5   0.988726022   0.576670545
 6.313427684  -1.339939636   6.526062e-5   0.989311798   0.583223816
 6.441085400  -1.367033259   6.658020e-5   0.989719115   0.589749118
 6.568743115  -1.394126883   6.789977e-5   0.990010156   0.596245425
 6.696400831  -1.421220506   6.921934e-5   0.990220694   0.602711658
 6.824058546  -1.448314130   7.053891e-5   0.990372893   0.609146677
 6.951716262  -1.475407753   7.185848e-5   0.990481271   0.615549280
 7.079373977  -1.502501377   7.317806e-5   0.990555759   0.621918194
 7.207031693  -1.529595000   7.449763e-5   0.990603394   0.628252074
 7.334689408  -1.556688624   7.581720e-5   0.990629306   0.634549494
 7.462347124  -1.583782247   7.713677e-5   0.990637321   0.640808941
 7.590004839  -1.610875871   7.845634e-5   0.990630356   0.647028809
 7.717662555  -1.637969494   7.977592e-5   0.990610668   0.653207390
 7.845320270  -1.665063118   8.109549e-5   0.990580029   0.659342866
 7.972977986  -1.692156741   8.241506e-5   0.990539849   0.665433296
 8.100635701  -1.719250365   8.373463e-5   0.990491260   0.671476611
 8.228293417  -1.746343988   8.505420e-5   0.990435179   0.677470594
 8.355951132  -1.773437612   8.637378e-5   0.990372356   0.683412873
 8.483608848  -1.800531235   8.769335e-5   0.990303405   0.689300901
 8.611266563  -1.827624859   8.901292e-5   0.990228831   0.695131938
 8.738924279  -1.854718482   9.033249e-5   0.990149053   0.700903034
 8.866581994  -1.881812106   9.165206e-5   0.990064416   0.706611004
 8.994239710  -1.908905730   9.297164e-5   0.989975205   0.712252398
 9.121897425  -1.935999353   9.429121e-5   0.989881655   0.717823477
 9.249555141  -1.963092977   9.561078e-5   0.989783959   0.723320174
 9.377212856  -1.990186600   9.693035e-5   0.989682271   0.728738052
 9.504870572  -2.017280224   9.824992e-5   0.989576715   0.734072257
 9.632528287  -2.044373847   9.956950e-5   0.989467387   0.739317462
 9.760186003  -2.071467471   1.008891e-4   0.989354358   0.744467800
 9.887843718  -2.098561094   1.022086e-4   0.989237680   0.749516778
 10.01550143  -2.125654718   1.035282e-4   0.989117380   0.754457190
 10.14315915  -2.152748341   1.048478e-4   0.988993473   0.759280988
 10.27081686  -2.179841965   1.061674e-4   0.988865954   0.763979144
 10.39847458  -2.206935588   1.074869e-4   0.988734804   0.768541464
 10.52613230  -2.234029212   1.088065e-4   0.988599988   0.772956363
 10.65379001  -2.261122835   1.101261e-4   0.988461459   0.777210569
 10.78144773  -2.288216459   1.114456e-4   0.988319156   0.781288740
 10.90910544  -2.315310082   1.127652e-4   0.988173003   0.785172953
 11.03676316  -2.342403706   1.140848e-4   0.988022915   0.788842010
 11.16442087  -2.369497329   1.154044e-4   0.987868789   0.792270456
 11.29207859  -2.396590953   1.167239e-4   0.987710512   0.795427150
 11.41973630  -2.423684576   1.180435e-4   0.987547957   0.798273088
 11.54739402  -2.450778200   1.193631e-4   0.987380982   0.800757900
 11.67505174  -2.477871823   1.206826e-4   0.987209431   0.802813758
 11.80270945  -2.504965447   1.220022e-4   0.987033133   0.804343816
 11.93036717  -2.532059070   1.233218e-4   0.986851901   0.805198475
 12.05802488  -2.559152694   1.246414e-4   0.986665531   0.805161524
 12.18568260  -2.586246318   1.259609e-4   0.986473800   0.804131656
 12.31334031  -2.613339941   1.272805e-4   0.986276465   0.802343865
 12.44099803  -2.640433565   1.286001e-4   0.986073265   0.799996408
 12.56865574  -2.667527188   1.299197e-4   0.985863913   0.797206353
 12.69631346  -2.694620812   1.312392e-4   0.985648098   0.794051042
 12.82397117  -2.721714435   1.325588e-4   0.985425481   0.790585853
 12.95162889  -2.748808059   1.338784e-4   0.985195697   0.786852618
 13.07928661  -2.775901682   1.351979e-4   0.984958343   0.782884143
 13.20694432  -2.802995306   1.365175e-4   0.984712984   0.778706882
 13.33460204  -2.830088929   1.378371e-4   0.984459143   0.774342629
 13.46225975  -2.857182553   1.391567e-4   0.984196299   0.769809651
 13.58991747  -2.884276176   1.404762e-4   0.983923882   0.765123471
 13.71757518  -2.911369800   1.417958e-4   0.983641265   0.760297437
 13.84523290  -2.938463423   1.431154e-4   0.983347761   0.755343140
 13.97289061  -2.965557047   1.444349e-4   0.983042611   0.750270730
 14.10054833  -2.992650670   1.457545e-4   0.982724977   0.745089163
 14.22820605  -3.019744294   1.470741e-4   0.982393931   0.739806390
 14.35586376  -3.046837917   1.483937e-4   0.982048443   0.734429515
 14.48352148  -3.073931541   1.497132e-4   0.981687365   0.728964913
 14.61117919  -3.101025164   1.510328e-4   0.981309412   0.723418334
 14.73883691  -3.128118788   1.523524e-4   0.980913145   0.717794987
 14.86649462  -3.155212411   1.536719e-4   0.980496943   0.712099608
 14.99415234  -3.182306035   1.549915e-4   0.980058972   0.706336517
 15.12181005  -3.209399658   1.563111e-4   0.979597151   0.700509669
 15.24946777  -3.236493282   1.576307e-4   0.979109105   0.694622695
 15.37712549  -3.263586906   1.589502e-4   0.978592108   0.688678936
 15.50478320  -3.290680529   1.602698e-4   0.978043019   0.682681480
 15.63244092  -3.317774153   1.615894e-4   0.977458191   0.676633180
 15.76009863  -3.344867776   1.629090e-4   0.976833364   0.670536685
 15.88775635  -3.371961400   1.642285e-4   0.976163527   0.664394453
 16.01541406  -3.399055023   1.655481e-4   0.975442734   0.658208778
 16.14307178  -3.426148647   1.668677e-4   0.974663872   0.651981796
 16.27072949  -3.453242270   1.681872e-4   0.973818345   0.645715506
 16.39838721  -3.480335894   1.695068e-4   0.972895650   0.639411779
 16.52604492  -3.507429517   1.708264e-4   0.971882799   0.633072371
 16.65370264  -3.534523141   1.721460e-4   0.970763504   0.626698930
 16.78136036  -3.561616764   1.734655e-4   0.969517011   0.620293007
 16.90901807  -3.588710388   1.747851e-4   0.968116392   0.613856064
 17.03667579  -3.615804011   1.761047e-4   0.966525957   0.607389480
 17.16433350  -3.642897635   1.774242e-4   0.964697204   0.600894560
 17.29199122  -3.669991258   1.787438e-4   0.962562221   0.594372536
 17.41964893  -3.697084882   1.800634e-4   0.960022397   0.587824577
 17.54730665  -3.724178505   1.813830e-4   0.956927896   0.581251793
 17.67496436  -3.751272129   1.827025e-4   0.953037468   0.574655236
 17.80262208  -3.778365752   1.840221e-4   0.947931611   0.568035910
 17.93027980  -3.805459376   1.853417e-4   0.940798364   0.561394767
 18.05793751  -3.832552999   1.866612e-4   0.929793570   0.554732719
 18.18559523  -3.859646623   1.879808e-4   0.909461732   0.548050635
 18.31325294  -3.886740246   1.893004e-4   0.854185553   0.541349347
 18.44091066  -3.913833870   1.906200e-4   0.708146326   0.534629648
 18.56856837  -3.940927494   1.919395e-4   0.595742832   0.527892304
 18.69622609  -3.968021117   1.932591e-4   0.521759898   0.521138046
 18.82388380  -3.995114741   1.945787e-4   0.467347020   0.514367577
 18.95154152  -4.022208364   1.958983e-4   0.424640307   0.507581576
 19.07919923  -4.049301988   1.972178e-4   0.389744348   0.500780696
 19.20685695  -4.076395611   1.985374e-4   0.360439649   0.493965567
 19.33451467  -4.103489235   1.998570e-4   0.335336118   0.487136800
 19.46217238  -4.130582858   2.011765e-4   0.313502845   0.480294986
 19.58983010  -4.157676482   2.024961e-4   0.294284699   0.473440698
 19.71748781  -4.184770105   2.038157e-4   0.277202653   0.466574494
 19.84514553  -4.211863729   2.051353e-4   0.261895650   0.459696916
 19.97280324  -4.238957352   2.064548e-4   0.248084752   0.452808496
 20.10046096  -4.266050976   2.077744e-4   0.235550003   0.445909751
 20.22811867  -4.293144599   2.090940e-4   0.224114941   0.439001191
 20.35577639  -4.320238223   2.104135e-4   0.213635892   0.432083314
 20.48343411  -4.347331846   2.117331e-4   0.203994377   0.425156614
 20.61109182  -4.374425470   2.130527e-4   0.195091602   0.418221578
 20.73874954  -4.401519093   2.143723e-4   0.186844371   0.411278688
 20.86640725  -4.428612717   2.156918e-4   0.179182010   0.404328424
 20.99406497  -4.455706340   2.170114e-4   0.172044014   0.397371267
 21.12172268  -4.482799964   2.183310e-4   0.165378218   0.390407697
 21.24938040  -4.509893587   2.196505e-4   0.159139361   0.383438196
 21.37703811  -4.536987211   2.209701e-4   0.153287942   0.376463253
 21.50469583  -4.564080834   2.222897e-4   0.147789308   0.369483364
 21.63235354  -4.591174458   2.236093e-4   0.142612912   0.362499035
 21.76001126  -4.618268081   2.249288e-4   0.137731701   0.355510784
 21.88766898  -4.645361705   2.262484e-4   0.133121623   0.348519148
 22.01532669  -4.672455329   2.275680e-4   0.128761207   0.341524681
 22.14298441  -4.699548952   2.288876e-4   0.124631223   0.334527964
 22.27064212  -4.726642576   2.302071e-4   0.120714388   0.327529609
 22.39829984  -4.753736199   2.315267e-4   0.116995120   0.320530263
 22.52595755  -4.780829823   2.328463e-4   0.113459330   0.313530620
 22.65361527  -4.807923446   2.341658e-4   0.110094248   0.306531427
 22.78127298  -4.835017070   2.354854e-4   0.106888264   0.299533497
 22.90893070  -4.862110693   2.368050e-4   0.103830800   0.292537724
 23.03658842  -4.889204317   2.381246e-4   0.100912198   0.285545103
 23.16424613  -4.916297940   2.394441e-4   0.098123617   0.278556753
 23.29190385  -4.943391564   2.407637e-4   0.095456949   0.271573951
 23.41956156  -4.970485187   2.420833e-4   0.092904744   0.264598174
 23.54721928  -4.997578811   2.434028e-4   0.090460145   0.257631160
 23.67487699  -5.024672434   2.447224e-4   0.088116827   0.250674993
 23.80253471  -5.051766058   2.460420e-4   0.085868948   0.243732230
 23.93019242  -5.078859681   2.473616e-4   0.083711103   0.236806088
 24.05785014  -5.105953305   2.486811e-4   0.081638282   0.229900744
 24.18550785  -5.133046928   2.500007e-4   0.079645838   0.223021849
 24.31316557  -5.160140552   2.513203e-4   0.077729450   0.216177442
 24.44082329  -5.187234175   2.526398e-4   0.075885099   0.209379787
 24.56848100  -5.214327799   2.539594e-4   0.074109039   0.202649497
 24.69613872  -5.241421422   2.552790e-4   0.072397775   0.196026097
 24.82379643  -5.268515046   2.565986e-4   0.070748045   0.189590546
 24.95145415  -5.295608669   2.579181e-4   0.069156796   0.183462485
 25.07911186  -5.322702293   2.592377e-4   0.067621170   0.177688526
 25.20676958  -5.349795917   2.605573e-4   0.066138490   0.172256161
 25.33442729  -5.376889540   2.618769e-4   0.064706244   0.167137100
 25.46208501  -5.403983164   2.631964e-4   0.063322073   0.162302705
 25.58974273  -5.431076787   2.645160e-4   0.061983759   0.157727122
 25.71740044  -5.458170411   2.658356e-4   0.060689218   0.153387620
 25.84505816  -5.485264034   2.671551e-4   0.059436485   0.149264295
 25.97271587  -5.512357658   2.684747e-4   0.058223708   0.145339683
 26.10037359  -5.539451281   2.697943e-4   0.057049141   0.141598379
 26.22803130  -5.566544905   2.711139e-4   0.055911136   0.138026728
 26.35568902  -5.593638528   2.724334e-4   0.054808134   0.134612559
 26.48334673  -5.620732152   2.737530e-4   0.053738665   0.131344974
 26.61100445  -5.647825775   2.750726e-4   0.052701333   0.128214165
 26.73866217  -5.674919399   2.763921e-4   0.051694819   0.125211271
 26.86631988  -5.702013022   2.777117e-4   0.050717874   0.122328255
 26.99397760  -5.729106646   2.790313e-4   0.049769312   0.119557800
 27.12163531  -5.756200269   2.803509e-4   0.048848008   0.116893223
 27.24929303  -5.783293893   2.816704e-4   0.047952894   0.114328405
 27.37695074  -5.810387516   2.829900e-4   0.047082956   0.111857722
 27.50460846  -5.837481140   2.843096e-4   0.046237228   0.109475996
 27.63226617  -5.864574763   2.856291e-4   0.045414794   0.107178447
 27.75992389  -5.891668387   2.869487e-4   0.044614781   0.104960653
 27.88758160  -5.918762010   2.882683e-4   0.043836356   0.102818513
 28.01523932  -5.945855634   2.895879e-4   0.043078728   0.100748218
 28.14289704  -5.972949257   2.909074e-4   0.042341142   0.098746223
 28.27055475  -6.000042881   2.922270e-4   0.041622877   0.096809225
 28.39821247  -6.027136505   2.935466e-4   0.040923246   0.094934138
 28.52587018  -6.054230128   2.948662e-4   0.040241592   0.093118075
 28.65352790  -6.081323752   2.961857e-4   0.039577289   0.091358336
 28.78118561  -6.108417375   2.975053e-4   0.038929737   0.089652386
 28.90884333  -6.135510999   2.988249e-4   0.038298364   0.087997845
 29.03650104  -6.162604622   3.001444e-4   0.037682621   0.086392476
 29.16415876  -6.189698246   3.014640e-4   0.037081984   0.084834174
 29.29181648  -6.216791869   3.027836e-4   0.036495950   0.083320953
 29.41947419  -6.243885493   3.041032e-4   0.035924040   0.081850943
 29.54713191  -6.270979116   3.054227e-4   0.035365791   0.080422375
 29.67478962  -6.298072740   3.067423e-4   0.034820763   0.079033579
 29.80244734  -6.325166363   3.080619e-4   0.034288531   0.077682973
 29.93010505  -6.352259987   3.093814e-4   0.033768689   0.076369062
 30.05776277  -6.379353610   3.107010e-4   0.033260846   0.075090425
 30.18542048  -6.406447234   3.120206e-4   0.032764629   0.073845717
 30.31307820  -6.433540857   3.133402e-4   0.032279678   0.072633661
 30.44073591  -6.460634481   3.146597e-4   0.031805646   0.071453042
 30.56839363  -6.487728104   3.159793e-4   0.031342202   0.070302706
 30.69605135  -6.514821728   3.172989e-4   0.030889026   0.069181555
 30.82370906  -6.541915351   3.186184e-4   0.030445811   0.068088544
 30.95136678  -6.569008975   3.199380e-4   0.030012260   0.067022676
 31.07902449  -6.596102598   3.212576e-4   0.029588091   0.065983001
 31.20668221  -6.623196222   3.225772e-4   0.029173028   0.064968614
 31.33433992  -6.650289845   3.238967e-4   0.028766808   0.063978649
 31.46199764  -6.677383469   3.252163e-4   0.028369177   0.063012281
 31.58965535  -6.704477093   3.265359e-4   0.027979890   0.062068720
 31.71731307  -6.731570716   3.278554e-4   0.027598710   0.061147210
 31.84497079  -6.758664340   3.291750e-4   0.027225411   0.060247031
 31.97262850  -6.785757963   3.304946e-4   0.026859772   0.059367490
 32.10028622  -6.812851587   3.318142e-4   0.026501581   0.058507925
 32.22794393  -6.839945210   3.331337e-4   0.026150634   0.057667703
 32.35560165  -6.867038834   3.344533e-4   0.025806734   0.056846214
 32.48325936  -6.894132457   3.357729e-4   0.025469690   0.056042875
 32.61091708  -6.921226081   3.370925e-4   0.025139318   0.055257128
 32.73857479  -6.948319704   3.384120e-4   0.024815441   0.054488434
 32.86623251  -6.975413328   3.397316e-4   0.024497885   0.053736277
 32.99389022  -7.002506951   3.410512e-4   0.024186486   0.053000163
 33.12154794  -7.029600575   3.423707e-4   0.023881082   0.052279613
 33.24920566  -7.056694198   3.436903e-4   0.023581518   0.051574170
 33.37686337  -7.083787822   3.450099e-4   0.023287644   0.050883394
 33.50452109  -7.110881445   3.463295e-4   0.022999315   0.050206859
 33.63217880  -7.137975069   3.476490e-4   0.022716389   0.049544158
 33.75983652  -7.165068692   3.489686e-4   0.022438731   0.048894897
 33.88749423  -7.192162316   3.502882e-4   0.022166209   0.048258698
 34.01515195  -7.219255939   3.516077e-4   0.021898694   0.047635195
 34.14280966  -7.246349563   3.529273e-4   0.021636064   0.047024036
 34.27046738  -7.273443186   3.542469e-4   0.021378198   0.046424882
 34.39812510  -7.300536810   3.555665e-4   0.021124981   0.045837405
 34.52578281  -7.327630433   3.568860e-4   0.020876298   0.045261290
 34.65344053  -7.354724057   3.582056e-4   0.020632043   0.044696230
 34.78109824  -7.381817681   3.595252e-4   0.020392108   0.044141931
 34.90875596  -7.408911304   3.608447e-4   0.020156391   0.043598109
 35.03641367  -7.436004928   3.621643e-4   0.019924792   0.043064489
 35.16407139  -7.463098551   3.634839e-4   0.019697215   0.042540805
 35.29172910  -7.490192175   3.648035e-4   0.019473565   0.042026799
 35.41938682  -7.517285798   3.661230e-4   0.019253753   0.041522224
 35.54704453  -7.544379422   3.674426e-4   0.019037689   0.041026838
 35.67470225  -7.571473045   3.687622e-4   0.018825288   0.040540410
 35.80235997  -7.598566669   3.700818e-4   0.018616466   0.040062713
 35.93001768  -7.625660292   3.714013e-4   0.018411142   0.039593530
 36.05767540  -7.652753916   3.727209e-4   0.018209238   0.039132650
 36.18533311  -7.679847539   3.740405e-4   0.018010677   0.038679868
 36.31299083  -7.706941163   3.753600e-4   0.017815386   0.038234986
 36.44064854  -7.734034786   3.766796e-4   0.017623291   0.037797812
 36.56830626  -7.761128410   3.779992e-4   0.017434323   0.037368159
 36.69596397  -7.788222033   3.793188e-4   0.017248413   0.036945847
 36.82362169  -7.815315657   3.806383e-4   0.017065495   0.036530701
 36.95127941  -7.842409280   3.819579e-4   0.016885504   0.036122550
 37.07893712  -7.869502904   3.832775e-4   0.016708378   0.035721231
 37.20659484  -7.896596527   3.845970e-4   0.016534055   0.035326582
 37.33425255  -7.923690151   3.859166e-4   0.016362476   0.034938448
 37.46191027  -7.950783774   3.872362e-4   0.016193583   0.034556678
 37.58956798  -7.977877398   3.885558e-4   0.016027320   0.034181126
 37.71722570  -8.004971021   3.898753e-4   0.015863631   0.033811649
 37.84488341  -8.032064645   3.911949e-4   0.015702464   0.033448108
 37.97254113  -8.059158269   3.925145e-4   0.015543766   0.033090369
 38.10019884  -8.086251892   3.938340e-4   0.015387487   0.032738301
 38.22785656  -8.113345516   3.951536e-4   0.015233576   0.032391777
 38.35551428  -8.140439139   3.964732e-4   0.015081987   0.032050672
 38.48317199  -8.167532763   3.977928e-4   0.014932672   0.031714867
 38.61082971  -8.194626386   3.991123e-4   0.014785585   0.031384243
 38.73848742  -8.221720010   4.004319e-4   0.014640682   0.031058687
 38.86614514  -8.248813633   4.017515e-4   0.014497920   0.030738087
 38.99380285  -8.275907257   4.030711e-4   0.014357255   0.030422335
 39.12146057  -8.303000880   4.043906e-4   0.014218648   0.030111326
 39.24911828  -8.330094504   4.057102e-4   0.014082057   0.029804956
 39.37677600  -8.357188127   4.070298e-4   0.013947443   0.029503125
 39.50443372  -8.384281751   4.083493e-4   0.013814768   0.029205735
 39.63209143  -8.411375374   4.096689e-4   0.013683994   0.028912691
 39.75974915  -8.438468998   4.109885e-4   0.013555086   0.028623900
 39.88740686  -8.465562621   4.123081e-4   0.013428006   0.028339270
 40.01506458  -8.492656245   4.136276e-4   0.013302722   0.028058714
 40.14272229  -8.519749868   4.149472e-4   0.013179198   0.027782144
 40.27038001  -8.546843492   4.162668e-4   0.013057402   0.027509476
 40.39803772  -8.573937115   4.175863e-4   0.012937301   0.027240627
 40.52569544  -8.601030739   4.189059e-4   0.012818863   0.026975515
 40.65335316  -8.628124362   4.202255e-4   0.012702059   0.026714063
 40.78101087  -8.655217986   4.215451e-4   0.012586857   0.026456191
 40.90866859  -8.682311609   4.228646e-4   0.012473228   0.026201826
 41.03632630  -8.709405233   4.241842e-4   0.012361144   0.025950891
 41.16398402  -8.736498857   4.255038e-4   0.012250576   0.025703316
 41.29164173  -8.763592480   4.268233e-4   0.012141497   0.025459027
 41.41929945  -8.790686104   4.281429e-4   0.012033880   0.025217955
 41.54695716  -8.817779727   4.294625e-4   0.011927699   0.024980032
 41.67461488  -8.844873351   4.307821e-4   0.011822929   0.024745189
 41.80227259  -8.871966974   4.321016e-4   0.011719543   0.024513362
 41.92993031  -8.899060598   4.334212e-4   0.011617519   0.024284483
 42.05758803  -8.926154221   4.347408e-4   0.011516831   0.024058490
 42.18524574  -8.953247845   4.360604e-4   0.011417456   0.023835319
 42.31290346  -8.980341468   4.373799e-4   0.011319372   0.023614907
 42.44056117  -9.007435092   4.386995e-4   0.011222556   0.023397193
 42.56821889  -9.034528715   4.400191e-4   0.011126985   0.023182117
 42.69587660  -9.061622339   4.413386e-4   0.011032640   0.022969618
 42.82353432  -9.088715962   4.426582e-4   0.010939498   0.022759636
 42.95119203  -9.115809586   4.439778e-4   0.010847539   0.022552113
 43.07884975  -9.142903209   4.452974e-4   0.010756743   0.022346989
 43.20650747  -9.169996833   4.466169e-4   0.010667091   0.022144207
 43.33416518  -9.197090456   4.479365e-4   0.010578562   0.021943708
 43.46182290  -9.224184080   4.492561e-4   0.010491139   0.021745435
 43.58948061  -9.251277703   4.505756e-4   0.010404803   0.021549328
 43.71713833  -9.278371327   4.518952e-4   0.010319535   0.021355331
 43.84479604  -9.305464950   4.532148e-4   0.010235319   0.021163384
 43.97245376  -9.332558574   4.545344e-4   0.010152136   0.020973428
 44.10011147  -9.359652197   4.558539e-4   0.010069970   0.020785404
 44.22776919  -9.386745821   4.571735e-4   0.009988804   0.020599252
 44.35542690  -9.413839444   4.584931e-4   0.009908622   0.020414909
 44.48308462  -9.440933068   4.598126e-4   0.009829408   0.020232313
 44.61074234  -9.468026692   4.611322e-4   0.009751146   0.020051400
 44.73840005  -9.495120315   4.624518e-4   0.009673821   0.019872102
 44.86605777  -9.522213939   4.637714e-4   0.009597418   0.019694352
 44.99371548  -9.549307562   4.650909e-4   0.009521923   0.019518077
 45.12137320  -9.576401186   4.664105e-4   0.009447320   0.019343203
 45.24903091  -9.603494809   4.677301e-4   0.009373596   0.019169650
 45.37668863  -9.630588433   4.690497e-4   0.009300738   0.018997334
 45.50434634  -9.657682056   4.703692e-4   0.009228730   0.018826167
 45.63200406  -9.684775680   4.716888e-4   0.009157561   0.018656050
 45.75966178  -9.711869303   4.730084e-4   0.009087217   0.018486878
 45.88731949  -9.738962927   4.743279e-4   0.009017685   0.018318536
 46.01497721  -9.766056550   4.756475e-4   0.008948953   0.018150896
 46.14263492  -9.793150174   4.769671e-4   0.008881008   0.017983812
 46.27029264  -9.820243797   4.782867e-4   0.008813839   0.017817118
 46.39795035  -9.847337421   4.796062e-4   0.008747433   0.017650625
 46.52560807  -9.874431044   4.809258e-4   0.008681780   0.017484104
 46.65326578  -9.901524668   4.822454e-4   0.008616867   0.017317285
 46.78092350  -9.928618291   4.835649e-4   0.008552683   0.017149829
 46.90858121  -9.955711915   4.848845e-4   0.008489219   0.016981303
 47.03623893  -9.982805538   4.862041e-4   0.008426461   0.016811130
 47.16389665  -10.00989916   4.875237e-4   0.008364401   0.016638488
 47.29155436  -10.03699279   4.888432e-4   0.008303028   0.016462100
 47.41921208  -10.06408641   4.901628e-4   0.008242332   0.016279619
 47.54686979  -10.09118003   4.914824e-4   0.008182302   0.016084496
 47.67452751  -10.11827366   4.928019e-4   0.008122930   0.015873694
 47.80218522  -10.14536728   4.941215e-4   0.008064204   0.015664043
 47.92984294  -10.17246090   4.954411e-4   0.008006117   0.015456038
 48.05750065  -10.19955453   4.967607e-4   0.007948658   0.015249778
 48.18515837  -10.22664815   4.980802e-4   0.007891819   0.015045294
 48.31281609  -10.25374177   4.993998e-4   0.007835591   0.014842586
 48.44047380  -10.28083540   5.007194e-4   0.007779965   0.014641648
 48.56813152  -10.30792902   5.020390e-4   0.007724932   0.014442468
 48.69578923  -10.33502264   5.033585e-4   0.007670483   0.014245028
 48.82344695  -10.36211627   5.046781e-4   0.007616612   0.014049312
 48.95110466  -10.38920989   5.059977e-4   0.007563308   0.013855300
 49.07876238  -10.41630351   5.073172e-4   0.007510565   0.013662975
 49.20642009  -10.44339714   5.086368e-4   0.007458375   0.013472316
 49.33407781  -10.47049076   5.099564e-4   0.007406729   0.013283304
 49.46173552  -10.49758439   5.112760e-4   0.007355621   0.013095920
 49.58939324  -10.52467801   5.125955e-4   0.007305042   0.012910144
 49.71705096  -10.55177163   5.139151e-4   0.007254986   0.012725957
 49.84470867  -10.57886526   5.152347e-4   0.007205445   0.012543340
 49.97236639  -10.60595888   5.165542e-4   0.007156412   0.012362274
 50.10002410  -10.63305250   5.178738e-4   0.007107881   0.012182740
 50.22768182  -10.66014613   5.191934e-4   0.007059843   0.012004720
 50.35533953  -10.68723975   5.205130e-4   0.007012294   0.011828195
 50.48299725  -10.71433337   5.218325e-4   0.006965225   0.011653149
 50.61065496  -10.74142700   5.231521e-4   0.006918631   0.011479562
 50.73831268  -10.76852062   5.244717e-4   0.006872505   0.011307419
 50.86597040  -10.79561424   5.257912e-4   0.006826841   0.011136700
 50.99362811  -10.82270787   5.271108e-4   0.006781632   0.010967390
 51.12128583  -10.84980149   5.284304e-4   0.006736873   0.010799473
 51.24894354  -10.87689511   5.297500e-4   0.006692558   0.010632930
 51.37660126  -10.90398874   5.310695e-4   0.006648680   0.010467747
 51.50425897  -10.93108236   5.323891e-4   0.006605235   0.010303907
 51.63191669  -10.95817599   5.337087e-4   0.006562215   0.010141395
 51.75957440  -10.98526961   5.350283e-4   0.006519617   0.009980195
 51.88723212  -11.01236323   5.363478e-4   0.006477434   0.009820293
 52.01488984  -11.03945686   5.376674e-4   0.006435660   0.009661672
 52.14254755  -11.06655048   5.389870e-4   0.006394291   0.009504319
 52.27020527  -11.09364410   5.403065e-4   0.006353322   0.009348219
 52.39786298  -11.12073773   5.416261e-4   0.006312746   0.009193358
 52.52552070  -11.14783135   5.429457e-4   0.006272560   0.009039721
 52.65317841  -11.17492497   5.442653e-4   0.006232757   0.008887296
 52.78083613  -11.20201860   5.455848e-4   0.006193334   0.008736067
 52.90849384  -11.22911222   5.469044e-4   0.006154286   0.008586023
 53.03615156  -11.25620584   5.482240e-4   0.006115607   0.008437149
 53.16380927  -11.28329947   5.495435e-4   0.006077293   0.008289434
 53.29146699  -11.31039309   5.508631e-4   0.006039339   0.008142863
 53.41912471  -11.33748671   5.521827e-4   0.006001741   0.007997425
 53.54678242  -11.36458034   5.535023e-4   0.005964495   0.007853108
 53.67444014  -11.39167396   5.548218e-4   0.005927595   0.007709898
 53.80209785  -11.41876758   5.561414e-4   0.005891039   0.007567785