#XDI/1.1
# X-ray Monochromator Darwin Width from xrayweb  Fri Dec 12 07:36:01 2025
# Monochromator.xtal        : Si
# Monochromator.hkl         : 1 1 1
# Monochromator.polarization: 's'
# Monochromator.theta       : 8.947142 (deg)
# Monochromator.theta_width : 20.928865 (microrad)
# Monochromator.energy_width: 1.689910 (eV)
# Monochromator.theta_fwhm  : 22.198413 (microrad)
# Monochromator.rocking_fwhm: 29.509699 (microrad)
# Monochromator.energy_fwhm : 1.792420 (eV)
# Xray.Energy               : 12712.47 (eV)
# Column.1: dtheta (microrad)
# Column.2: denergy (eV)
# Column.3: zeta (delta_lambda / lambda)
# Column.4: intensity
# Column.5: rocking_curve
#---------------------
# {' '.join(array_names)}
-48.99622847   3.956221185  -3.112079e-4   0.005886867   0.007594408
-48.78693982   3.939322084  -3.098786e-4   0.005923384   0.007736727
-48.57765118   3.922422984  -3.085492e-4   0.005960244   0.007880080
-48.36836253   3.905523884  -3.072199e-4   0.005997450   0.008024477
-48.15907388   3.888624784  -3.058906e-4   0.006035007   0.008169929
-47.94978524   3.871725683  -3.045612e-4   0.006072920   0.008316447
-47.74049659   3.854826583  -3.032319e-4   0.006111192   0.008464042
-47.53120795   3.837927483  -3.019026e-4   0.006149829   0.008612726
-47.32191930   3.821028383  -3.005732e-4   0.006188835   0.008762508
-47.11263065   3.804129283  -2.992439e-4   0.006228215   0.008913401
-46.90334201   3.787230182  -2.979146e-4   0.006267973   0.009065416
-46.69405336   3.770331082  -2.965852e-4   0.006308115   0.009218564
-46.48476472   3.753431982  -2.952559e-4   0.006348645   0.009372857
-46.27547607   3.736532882  -2.939266e-4   0.006389569   0.009528306
-46.06618742   3.719633782  -2.925973e-4   0.006430892   0.009684924
-45.85689878   3.702734681  -2.912679e-4   0.006472619   0.009842721
-45.64761013   3.685835581  -2.899386e-4   0.006514754   0.010001709
-45.43832149   3.668936481  -2.886093e-4   0.006557305   0.010161901
-45.22903284   3.652037381  -2.872799e-4   0.006600275   0.010323308
-45.01974419   3.635138280  -2.859506e-4   0.006643672   0.010485941
-44.81045555   3.618239180  -2.846213e-4   0.006687499   0.010649813
-44.60116690   3.601340080  -2.832919e-4   0.006731764   0.010814936
-44.39187826   3.584440980  -2.819626e-4   0.006776471   0.010981320
-44.18258961   3.567541880  -2.806333e-4   0.006821628   0.011148977
-43.97330096   3.550642779  -2.793039e-4   0.006867239   0.011317919
-43.76401232   3.533743679  -2.779746e-4   0.006913312   0.011488156
-43.55472367   3.516844579  -2.766453e-4   0.006959852   0.011659699
-43.34543502   3.499945479  -2.753159e-4   0.007006866   0.011832559
-43.13614638   3.483046378  -2.739866e-4   0.007054360   0.012006746
-42.92685773   3.466147278  -2.726573e-4   0.007102340   0.012182269
-42.71756909   3.449248178  -2.713279e-4   0.007150815   0.012359137
-42.50828044   3.432349078  -2.699986e-4   0.007199790   0.012537357
-42.29899179   3.415449978  -2.686693e-4   0.007249272   0.012716938
-42.08970315   3.398550877  -2.673399e-4   0.007299268   0.012897883
-41.88041450   3.381651777  -2.660106e-4   0.007349786   0.013080197
-41.67112586   3.364752677  -2.646813e-4   0.007400833   0.013263883
-41.46183721   3.347853577  -2.633519e-4   0.007452417   0.013448940
-41.25254856   3.330954476  -2.620226e-4   0.007504544   0.013635363
-41.04325992   3.314055376  -2.606933e-4   0.007557223   0.013823147
-40.83397127   3.297156276  -2.593639e-4   0.007610461   0.014012277
-40.62468263   3.280257176  -2.580346e-4   0.007664267   0.014202734
-40.41539398   3.263358076  -2.567053e-4   0.007718648   0.014394490
-40.20610533   3.246458975  -2.553759e-4   0.007773613   0.014587502
-39.99681669   3.229559875  -2.540466e-4   0.007829171   0.014781711
-39.78752804   3.212660775  -2.527173e-4   0.007885330   0.014977030
-39.57823940   3.195761675  -2.513879e-4   0.007942098   0.015173333
-39.36895075   3.178862574  -2.500586e-4   0.007999485   0.015370429
-39.15966210   3.161963474  -2.487293e-4   0.008057499   0.015568015
-38.95037346   3.145064374  -2.473999e-4   0.008116150   0.015765576
-38.74108481   3.128165274  -2.460706e-4   0.008175448   0.015962174
-38.53179617   3.111266174  -2.447413e-4   0.008235401   0.016156019
-38.32250752   3.094367073  -2.434119e-4   0.008296020   0.016344561
-38.11321887   3.077467973  -2.420826e-4   0.008357315   0.016527027
-37.90393023   3.060568873  -2.407533e-4   0.008419295   0.016704715
-37.69464158   3.043669773  -2.394239e-4   0.008481971   0.016879014
-37.48535293   3.026770673  -2.380946e-4   0.008545354   0.017050947
-37.27606429   3.009871572  -2.367653e-4   0.008609454   0.017221252
-37.06677564   2.992972472  -2.354360e-4   0.008674283   0.017390475
-36.85748700   2.976073372  -2.341066e-4   0.008739850   0.017559040
-36.64819835   2.959174272  -2.327773e-4   0.008806169   0.017727281
-36.43890970   2.942275171  -2.314480e-4   0.008873249   0.017895473
-36.22962106   2.925376071  -2.301186e-4   0.008941104   0.018063843
-36.02033241   2.908476971  -2.287893e-4   0.009009744   0.018232585
-35.81104377   2.891577871  -2.274600e-4   0.009079183   0.018401869
-35.60175512   2.874678771  -2.261306e-4   0.009149433   0.018571840
-35.39246647   2.857779670  -2.248013e-4   0.009220507   0.018742631
-35.18317783   2.840880570  -2.234720e-4   0.009292417   0.018914359
-34.97388918   2.823981470  -2.221426e-4   0.009365177   0.019087133
-34.76460054   2.807082370  -2.208133e-4   0.009438800   0.019261051
-34.55531189   2.790183269  -2.194840e-4   0.009513300   0.019436206
-34.34602324   2.773284169  -2.181546e-4   0.009588692   0.019612681
-34.13673460   2.756385069  -2.168253e-4   0.009664990   0.019790559
-33.92744595   2.739485969  -2.154960e-4   0.009742207   0.019969917
-33.71815731   2.722586869  -2.141666e-4   0.009820360   0.020150826
-33.50886866   2.705687768  -2.128373e-4   0.009899464   0.020333358
-33.29958001   2.688788668  -2.115080e-4   0.009979533   0.020517580
-33.09029137   2.671889568  -2.101786e-4   0.010060585   0.020703557
-32.88100272   2.654990468  -2.088493e-4   0.010142635   0.020891355
-32.67171408   2.638091367  -2.075200e-4   0.010225700   0.021081035
-32.46242543   2.621192267  -2.061906e-4   0.010309796   0.021272659
-32.25313678   2.604293167  -2.048613e-4   0.010394941   0.021466288
-32.04384814   2.587394067  -2.035320e-4   0.010481154   0.021661982
-31.83455949   2.570494967  -2.022026e-4   0.010568450   0.021859800
-31.62527084   2.553595866  -2.008733e-4   0.010656850   0.022059802
-31.41598220   2.536696766  -1.995440e-4   0.010746372   0.022262046
-31.20669355   2.519797666  -1.982146e-4   0.010837035   0.022466592
-30.99740491   2.502898566  -1.968853e-4   0.010928858   0.022673498
-30.78811626   2.485999465  -1.955560e-4   0.011021863   0.022882825
-30.57882761   2.469100365  -1.942266e-4   0.011116068   0.023094630
-30.36953897   2.452201265  -1.928973e-4   0.011211496   0.023308975
-30.16025032   2.435302165  -1.915680e-4   0.011308167   0.023525920
-29.95096168   2.418403065  -1.902386e-4   0.011406104   0.023745526
-29.74167303   2.401503964  -1.889093e-4   0.011505329   0.023967855
-29.53238438   2.384604864  -1.875800e-4   0.011605864   0.024192968
-29.32309574   2.367705764  -1.862506e-4   0.011707733   0.024420930
-29.11380709   2.350806664  -1.849213e-4   0.011810960   0.024651804
-28.90451845   2.333907564  -1.835920e-4   0.011915569   0.024885656
-28.69522980   2.317008463  -1.822626e-4   0.012021586   0.025122552
-28.48594115   2.300109363  -1.809333e-4   0.012129036   0.025362558
-28.27665251   2.283210263  -1.796040e-4   0.012237944   0.025605744
-28.06736386   2.266311163  -1.782747e-4   0.012348339   0.025852179
-27.85807522   2.249412062  -1.769453e-4   0.012460247   0.026101933
-27.64878657   2.232512962  -1.756160e-4   0.012573695   0.026355081
-27.43949792   2.215613862  -1.742867e-4   0.012688714   0.026611694
-27.23020928   2.198714762  -1.729573e-4   0.012805332   0.026871849
-27.02092063   2.181815662  -1.716280e-4   0.012923579   0.027135622
-26.81163199   2.164916561  -1.702987e-4   0.013043487   0.027403092
-26.60234334   2.148017461  -1.689693e-4   0.013165085   0.027674339
-26.39305469   2.131118361  -1.676400e-4   0.013288408   0.027949445
-26.18376605   2.114219261  -1.663107e-4   0.013413488   0.028228495
-25.97447740   2.097320160  -1.649813e-4   0.013540358   0.028511573
-25.76518876   2.080421060  -1.636520e-4   0.013669053   0.028798768
-25.55590011   2.063521960  -1.623227e-4   0.013799609   0.029090170
-25.34661146   2.046622860  -1.609933e-4   0.013932063   0.029385871
-25.13732282   2.029723760  -1.596640e-4   0.014066450   0.029685966
-24.92803417   2.012824659  -1.583347e-4   0.014202811   0.029990550
-24.71874552   1.995925559  -1.570053e-4   0.014341184   0.030299724
-24.50945688   1.979026459  -1.556760e-4   0.014481608   0.030613589
-24.30016823   1.962127359  -1.543467e-4   0.014624126   0.030932250
-24.09087959   1.945228258  -1.530173e-4   0.014768779   0.031255813
-23.88159094   1.928329158  -1.516880e-4   0.014915611   0.031584388
-23.67230229   1.911430058  -1.503587e-4   0.015064666   0.031918089
-23.46301365   1.894530958  -1.490293e-4   0.015215990   0.032257031
-23.25372500   1.877631858  -1.477000e-4   0.015369630   0.032601333
-23.04443636   1.860732757  -1.463707e-4   0.015525633   0.032951117
-22.83514771   1.843833657  -1.450413e-4   0.015684049   0.033306509
-22.62585906   1.826934557  -1.437120e-4   0.015844928   0.033667639
-22.41657042   1.810035457  -1.423827e-4   0.016008322   0.034034639
-22.20728177   1.793136356  -1.410533e-4   0.016174285   0.034407645
-21.99799313   1.776237256  -1.397240e-4   0.016342871   0.034786799
-21.78870448   1.759338156  -1.383947e-4   0.016514136   0.035172244
-21.57941583   1.742439056  -1.370653e-4   0.016688138   0.035564130
-21.37012719   1.725539956  -1.357360e-4   0.016864937   0.035962610
-21.16083854   1.708640855  -1.344067e-4   0.017044593   0.036367842
-20.95154990   1.691741755  -1.330773e-4   0.017227169   0.036779988
-20.74226125   1.674842655  -1.317480e-4   0.017412730   0.037199215
-20.53297260   1.657943555  -1.304187e-4   0.017601341   0.037625696
-20.32368396   1.641044455  -1.290893e-4   0.017793070   0.038059610
-20.11439531   1.624145354  -1.277600e-4   0.017987988   0.038501138
-19.90510667   1.607246254  -1.264307e-4   0.018186167   0.038950471
-19.69581802   1.590347154  -1.251013e-4   0.018387680   0.039407804
-19.48652937   1.573448054  -1.237720e-4   0.018592604   0.039873337
-19.27724073   1.556548953  -1.224427e-4   0.018801017   0.040347279
-19.06795208   1.539649853  -1.211134e-4   0.019013000   0.040829843
-18.85866343   1.522750753  -1.197840e-4   0.019228635   0.041321253
-18.64937479   1.505851653  -1.184547e-4   0.019448009   0.041821735
-18.44008614   1.488952553  -1.171254e-4   0.019671210   0.042331527
-18.23079750   1.472053452  -1.157960e-4   0.019898328   0.042850873
-18.02150885   1.455154352  -1.144667e-4   0.020129456   0.043380025
-17.81222020   1.438255252  -1.131374e-4   0.020364691   0.043919244
-17.60293156   1.421356152  -1.118080e-4   0.020604133   0.044468802
-17.39364291   1.404457051  -1.104787e-4   0.020847883   0.045028976
-17.18435427   1.387557951  -1.091494e-4   0.021096047   0.045600058
-16.97506562   1.370658851  -1.078200e-4   0.021348734   0.046182345
-16.76577697   1.353759751  -1.064907e-4   0.021606055   0.046776148
-16.55648833   1.336860651  -1.051614e-4   0.021868128   0.047381789
-16.34719968   1.319961550  -1.038320e-4   0.022135070   0.047999601
-16.13791104   1.303062450  -1.025027e-4   0.022407006   0.048629929
-15.92862239   1.286163350  -1.011734e-4   0.022684062   0.049273131
-15.71933374   1.269264250  -9.984403e-5   0.022966371   0.049929578
-15.51004510   1.252365149  -9.851470e-5   0.023254067   0.050599656
-15.30075645   1.235466049  -9.718537e-5   0.023547291   0.051283766
-15.09146781   1.218566949  -9.585603e-5   0.023846188   0.051982322
-14.88217916   1.201667849  -9.452670e-5   0.024150908   0.052695756
-14.67289051   1.184768749  -9.319737e-5   0.024461604   0.053424517
-14.46360187   1.167869648  -9.186804e-5   0.024778438   0.054169072
-14.25431322   1.150970548  -9.053870e-5   0.025101574   0.054929905
-14.04502458   1.134071448  -8.920937e-5   0.025431185   0.055707522
-13.83573593   1.117172348  -8.788004e-5   0.025767446   0.056502448
-13.62644728   1.100273247  -8.655071e-5   0.026110542   0.057315230
-13.41715864   1.083374147  -8.522137e-5   0.026460662   0.058146439
-13.20786999   1.066475047  -8.389204e-5   0.026818002   0.058996668
-12.99858134   1.049575947  -8.256271e-5   0.027182767   0.059866538
-12.78929270   1.032676847  -8.123338e-5   0.027555168   0.060756695
-12.58000405   1.015777746  -7.990404e-5   0.027935423   0.061667814
-12.37071541   0.998878646  -7.857471e-5   0.028323758   0.062600600
-12.16142676   0.981979546  -7.724538e-5   0.028720409   0.063555790
-11.95213811   0.965080446  -7.591605e-5   0.029125620   0.064534153
-11.74284947   0.948181346  -7.458671e-5   0.029539644   0.065536495
-11.53356082   0.931282245  -7.325738e-5   0.029962744   0.066563658
-11.32427218   0.914383145  -7.192805e-5   0.030395192   0.067616526
-11.11498353   0.897484045  -7.059871e-5   0.030837271   0.068696024
-10.90569488   0.880584945  -6.926938e-5   0.031289277   0.069803120
-10.69640624   0.863685844  -6.794005e-5   0.031751514   0.070938834
-10.48711759   0.846786744  -6.661072e-5   0.032224301   0.072104232
-10.27782895   0.829887644  -6.528138e-5   0.032707969   0.073300437
-10.06854030   0.812988544  -6.395205e-5   0.033202861   0.074528628
-9.859251654   0.796089444  -6.262272e-5   0.033709336   0.075790048
-9.649963008   0.779190343  -6.129339e-5   0.034227766   0.077086002
-9.440674362   0.762291243  -5.996405e-5   0.034758540   0.078417867
-9.231385716   0.745392143  -5.863472e-5   0.035302063   0.079787095
-9.022097070   0.728493043  -5.730539e-5   0.035858755   0.081195219
-8.812808424   0.711593942  -5.597606e-5   0.036429058   0.082643858
-8.603519777   0.694694842  -5.464672e-5   0.037013428   0.084134723
-8.394231131   0.677795742  -5.331739e-5   0.037612346   0.085669625
-8.184942485   0.660896642  -5.198806e-5   0.038226310   0.087250486
-7.975653839   0.643997542  -5.065873e-5   0.038855842   0.088879338
-7.766365193   0.627098441  -4.932939e-5   0.039501488   0.090558345
-7.557076547   0.610199341  -4.800006e-5   0.040163817   0.092289802
-7.347787901   0.593300241  -4.667073e-5   0.040843426   0.094076155
-7.138499255   0.576401141  -4.534140e-5   0.041540938   0.095920008
-6.929210609   0.559502040  -4.401206e-5   0.042257006   0.097824141
-6.719921963   0.542602940  -4.268273e-5   0.042992314   0.099791524
-6.510633317   0.525703840  -4.135340e-5   0.043747578   0.101825335
-6.301344671   0.508804740  -4.002407e-5   0.044523550   0.103928980
-6.092056025   0.491905640  -3.869473e-5   0.045321016   0.106106116
-5.882767379   0.475006539  -3.736540e-5   0.046140804   0.108360678
-5.673478732   0.458107439  -3.603607e-5   0.046983783   0.110696904
-5.464190086   0.441208339  -3.470674e-5   0.047850864   0.113119372
-5.254901440   0.424309239  -3.337740e-5   0.048743005   0.115633035
-5.045612794   0.407410138  -3.204807e-5   0.049661217   0.118243267
-4.836324148   0.390511038  -3.071874e-5   0.050606560   0.120955913
-4.627035502   0.373611938  -2.938941e-5   0.051580152   0.123777348
-4.417746856   0.356712838  -2.806007e-5   0.052583172   0.126714544
-4.208458210   0.339813738  -2.673074e-5   0.053616862   0.129775156
-3.999169564   0.322914637  -2.540141e-5   0.054682533   0.132967615
-3.789880918   0.306015537  -2.407208e-5   0.055781570   0.136301247
-3.580592272   0.289116437  -2.274274e-5   0.056915437   0.139786415
-3.371303626   0.272217337  -2.141341e-5   0.058085680   0.143434692
-3.162014980   0.255318237  -2.008408e-5   0.059293938   0.147259076
-2.952726334   0.238419136  -1.875475e-5   0.060541944   0.151274262
-2.743437688   0.221520036  -1.742541e-5   0.061831539   0.155496992
-2.534149041   0.204620936  -1.609608e-5   0.063164672   0.159946499
-2.324860395   0.187721836  -1.476675e-5   0.064543415   0.164645113
-2.115571749   0.170822735  -1.343742e-5   0.065969969   0.169619064
-1.906283103   0.153923635  -1.210808e-5   0.067446677   0.174899581
-1.696994457   0.137024535  -1.077875e-5   0.068976033   0.180524341
-1.487705811   0.120125435  -9.449417e-6   0.070560694   0.186538884
-1.278417165   0.103226335  -8.120085e-6   0.072203496   0.192992652
-1.069128519   0.086327234  -6.790752e-6   0.073907468   0.199881815
-0.859839873   0.069428134  -5.461420e-6   0.075675848   0.206936776
-0.650551227   0.052529034  -4.132087e-6   0.077512105   0.214048702
-0.441262581   0.035629934  -2.802755e-6   0.079419952   0.221185916
-0.231973935   0.018730833  -1.473422e-6   0.081403378   0.228335711
-0.022685289   0.001831733  -1.440895e-7   0.083466667   0.235491359
 0.186603357  -0.015067367   1.185243e-6   0.085614428   0.242648733
 0.395892003  -0.031966467   2.514576e-6   0.087851626   0.249805045
 0.605180650  -0.048865567   3.843908e-6   0.090183620   0.256958286
 0.814469296  -0.065764668   5.173241e-6   0.092616201   0.264106929
 1.023757942  -0.082663768   6.502573e-6   0.095155635   0.271249767
 1.233046588  -0.099562868   7.831906e-6   0.097808718   0.278385809
 1.442335234  -0.116461968   9.161238e-6   0.100582827   0.285514224
 1.651623880  -0.133361069   1.049057e-5   0.103485994   0.292634288
 1.860912526  -0.150260169   1.181990e-5   0.106526970   0.299745367
 2.070201172  -0.167159269   1.314924e-5   0.109715320   0.306846885
 2.279489818  -0.184058369   1.447857e-5   0.113061510   0.313938317
 2.488778464  -0.200957469   1.580790e-5   0.116577028   0.321019172
 2.698067110  -0.217856570   1.713723e-5   0.120274508   0.328088987
 2.907355756  -0.234755670   1.846657e-5   0.124167882   0.335147321
 3.116644402  -0.251654770   1.979590e-5   0.128272555   0.342193747
 3.325933048  -0.268553870   2.112523e-5   0.132605610   0.349227851
 3.535221695  -0.285452971   2.245456e-5   0.137186046   0.356249224
 3.744510341  -0.302352071   2.378390e-5   0.142035070   0.363257463
 3.953798987  -0.319251171   2.511323e-5   0.147176431   0.370252167
 4.163087633  -0.336150271   2.644256e-5   0.152636827   0.377232936
 4.372376279  -0.353049371   2.777189e-5   0.158446396   0.384199365
 4.581664925  -0.369948472   2.910123e-5   0.164639311   0.391151048
 4.790953571  -0.386847572   3.043056e-5   0.171254504   0.398087572
 5.000242217  -0.403746672   3.175989e-5   0.178336564   0.405008519
 5.209530863  -0.420645772   3.308922e-5   0.185936853   0.411913462
 5.418819509  -0.437544872   3.441856e-5   0.194114908   0.418801966
 5.628108155  -0.454443973   3.574789e-5   0.202940229   0.425673583
 5.837396801  -0.471343073   3.707722e-5   0.212494568   0.432527856
 6.046685447  -0.488242173   3.840655e-5   0.222874937   0.439364315
 6.255974093  -0.505141273   3.973589e-5   0.234197572   0.446182475
 6.465262739  -0.522040374   4.106522e-5   0.246603302   0.452981837
 6.674551386  -0.538939474   4.239455e-5   0.260264918   0.459761885
 6.883840032  -0.555838574   4.372388e-5   0.275397562   0.466522088
 7.093128678  -0.572737674   4.505322e-5   0.292273739   0.473261893
 7.302417324  -0.589636774   4.638255e-5   0.311245712   0.479980730
 7.511705970  -0.606535875   4.771188e-5   0.332780193   0.486678007
 7.720994616  -0.623434975   4.904122e-5   0.357514576   0.493353108
 7.930283262  -0.640334075   5.037055e-5   0.386353428   0.500005395
 8.139571908  -0.657233175   5.169988e-5   0.420646624   0.506634205
 8.348860554  -0.674132276   5.302921e-5   0.462551919   0.513238845
 8.558149200  -0.691031376   5.435855e-5   0.515882201   0.519818595
 8.767437846  -0.707930476   5.568788e-5   0.588555534   0.526372705
 8.976726492  -0.724829576   5.701721e-5   0.702972116   0.532900391
 9.186015138  -0.741728676   5.834654e-5   0.909335316   0.539400833
 9.395303784  -0.758627777   5.967588e-5   0.952458628   0.545873178
 9.604592430  -0.775526877   6.100521e-5   0.962481604   0.552316530
 9.813881077  -0.792425977   6.233454e-5   0.967164496   0.558729950
 10.02316972  -0.809325077   6.366387e-5   0.969887827   0.565112459
 10.23245837  -0.826224178   6.499321e-5   0.971647609   0.571463024
 10.44174701  -0.843123278   6.632254e-5   0.972853726   0.577780565
 10.65103566  -0.860022378   6.765187e-5   0.973708881   0.584063946
 10.86032431  -0.876921478   6.898120e-5   0.974325884   0.590311971
 11.06961295  -0.893820578   7.031054e-5   0.974772940   0.596523383
 11.27890160  -0.910719679   7.163987e-5   0.975093902   0.602696854
 11.48819025  -0.927618779   7.296920e-5   0.975318334   0.608830988
 11.69747889  -0.944517879   7.429853e-5   0.975466931   0.614924306
 11.90676754  -0.961416979   7.562787e-5   0.975554636   0.620975248
 12.11605618  -0.978316080   7.695720e-5   0.975592510   0.626982162
 12.32534483  -0.995215180   7.828653e-5   0.975588919   0.632943297
 12.53463348  -1.012114280   7.961586e-5   0.975550303   0.638856796
 12.74392212  -1.029013380   8.094520e-5   0.975481696   0.644720686
 12.95321077  -1.045912480   8.227453e-5   0.975387085   0.650532868
 13.16249941  -1.062811581   8.360386e-5   0.975269661   0.656291109
 13.37178806  -1.079710681   8.493319e-5   0.975132003   0.661993024
 13.58107671  -1.096609781   8.626253e-5   0.974976211   0.667636065
 13.79036535  -1.113508881   8.759186e-5   0.974804006   0.673217508
 13.99965400  -1.130407981   8.892119e-5   0.974616804   0.678734429
 14.20894264  -1.147307082   9.025052e-5   0.974415773   0.684183692
 14.41823129  -1.164206182   9.157986e-5   0.974201883   0.689561918
 14.62751994  -1.181105282   9.290919e-5   0.973975933   0.694865467
 14.83680858  -1.198004382   9.423852e-5   0.973738584   0.700090403
 15.04609723  -1.214903483   9.556785e-5   0.973490378   0.705232464
 15.25538587  -1.231802583   9.689719e-5   0.973231757   0.710287021
 15.46467452  -1.248701683   9.822652e-5   0.972963076   0.715249033
 15.67396317  -1.265600783   9.955585e-5   0.972684615   0.720112995
 15.88325181  -1.282499883   1.008852e-4   0.972396589   0.724872875
 16.09254046  -1.299398984   1.022145e-4   0.972099152   0.729522040
 16.30182910  -1.316298084   1.035438e-4   0.971792407   0.734053174
 16.51111775  -1.333197184   1.048732e-4   0.971476410   0.738458166
 16.72040640  -1.350096284   1.062025e-4   0.971151173   0.742727989
 16.92969504  -1.366995385   1.075318e-4   0.970816667   0.746852543
 17.13898369  -1.383894485   1.088612e-4   0.970472824   0.750820465
 17.34827234  -1.400793585   1.101905e-4   0.970119543   0.754618892
 17.55756098  -1.417692685   1.115198e-4   0.969756684   0.758233157
 17.76684963  -1.434591785   1.128492e-4   0.969384078   0.761646404
 17.97613827  -1.451490886   1.141785e-4   0.969001518   0.764839086
 18.18542692  -1.468389986   1.155078e-4   0.968608767   0.767788293
 18.39471557  -1.485289086   1.168372e-4   0.968205554   0.770466851
 18.60400421  -1.502188186   1.181665e-4   0.967791573   0.772842078
 18.81329286  -1.519087287   1.194958e-4   0.967366483   0.774874047
 19.02258150  -1.535986387   1.208252e-4   0.966929908   0.776513164
 19.23187015  -1.552885487   1.221545e-4   0.966481434   0.777696981
 19.44115880  -1.569784587   1.234838e-4   0.966020608   0.778347212
 19.65044744  -1.586683687   1.248132e-4   0.965546934   0.778373475
 19.85973609  -1.603582788   1.261425e-4   0.965059871   0.777705724
 20.06902473  -1.620481888   1.274718e-4   0.964558833   0.776363403
 20.27831338  -1.637380988   1.288012e-4   0.964043179   0.774439953
 20.48760203  -1.654280088   1.301305e-4   0.963512217   0.772033656
 20.69689067  -1.671179189   1.314598e-4   0.962965191   0.769223460
 20.90617932  -1.688078289   1.327892e-4   0.962401282   0.766069921
 21.11546796  -1.704977389   1.341185e-4   0.961819599   0.762619984
 21.32475661  -1.721876489   1.354478e-4   0.961219171   0.758910820
 21.53404526  -1.738775589   1.367772e-4   0.960598943   0.754972485
 21.74333390  -1.755674690   1.381065e-4   0.959957763   0.750829735
 21.95262255  -1.772573790   1.394358e-4   0.959294373   0.746503277
 22.16191119  -1.789472890   1.407652e-4   0.958607399   0.742010673
 22.37119984  -1.806371990   1.420945e-4   0.957895333   0.737366981
 22.58048849  -1.823271090   1.434238e-4   0.957156521   0.732585244
 22.78977713  -1.840170191   1.447532e-4   0.956389145   0.727676856
 22.99906578  -1.857069291   1.460825e-4   0.955591197   0.722651844
 23.20835442  -1.873968391   1.474118e-4   0.954760460   0.717519095
 23.41764307  -1.890867491   1.487412e-4   0.953894477   0.712286528
 23.62693172  -1.907766592   1.500705e-4   0.952990514   0.706961240
 23.83622036  -1.924665692   1.513998e-4   0.952045525   0.701549620
 24.04550901  -1.941564792   1.527292e-4   0.951056102   0.696057448
 24.25479766  -1.958463892   1.540585e-4   0.950018417   0.690489971
 24.46408630  -1.975362992   1.553878e-4   0.948928156   0.684851972
 24.67337495  -1.992262093   1.567172e-4   0.947780434   0.679147822
 24.88266359  -2.009161193   1.580465e-4   0.946569698   0.673381534
 25.09195224  -2.026060293   1.593758e-4   0.945289604   0.667556798
 25.30124089  -2.042959393   1.607051e-4   0.943932862   0.661677020
 25.51052953  -2.059858494   1.620345e-4   0.942491054   0.655745350
 25.71981818  -2.076757594   1.633638e-4   0.940954393   0.649764708
 25.92910682  -2.093656694   1.646931e-4   0.939311423   0.643737808
 26.13839547  -2.110555794   1.660225e-4   0.937548640   0.637667179
 26.34768412  -2.127454894   1.673518e-4   0.935649989   0.631555181
 26.55697276  -2.144353995   1.686811e-4   0.933596211   0.625404021
 26.76626141  -2.161253095   1.700105e-4   0.931363972   0.619215768
 26.97555005  -2.178152195   1.713398e-4   0.928924682   0.612992365
 27.18483870  -2.195051295   1.726691e-4   0.926242868   0.606735637
 27.39412735  -2.211950396   1.739985e-4   0.923273884   0.600447307
 27.60341599  -2.228849496   1.753278e-4   0.919960629   0.594128999
 27.81270464  -2.245748596   1.766571e-4   0.916228694   0.587782250
 28.02199328  -2.262647696   1.779865e-4   0.911979010   0.581408515
 28.23128193  -2.279546796   1.793158e-4   0.907076292   0.575009174
 28.44057058  -2.296445897   1.806451e-4   0.901330171   0.568585538
 28.64985922  -2.313344997   1.819745e-4   0.894462923   0.562138858
 28.85914787  -2.330244097   1.833038e-4   0.886051129   0.555670322
 29.06843651  -2.347143197   1.846331e-4   0.875413106   0.549181068
 29.27772516  -2.364042298   1.859625e-4   0.861374414   0.542672184
 29.48701381  -2.380941398   1.872918e-4   0.841738099   0.536144710
 29.69630245  -2.397840498   1.886211e-4   0.812035005   0.529599649
 29.90559110  -2.414739598   1.899505e-4   0.763331647   0.523037961
 30.11487975  -2.431638698   1.912798e-4   0.687713344   0.516460572
 30.32416839  -2.448537799   1.926091e-4   0.604114618   0.509868377
 30.53345704  -2.465436899   1.939385e-4   0.534483852   0.503262241
 30.74274568  -2.482335999   1.952678e-4   0.479677321   0.496643001
 30.95203433  -2.499235099   1.965971e-4   0.435739524   0.490011471
 31.16132298  -2.516134199   1.979265e-4   0.399583918   0.483368441
 31.37061162  -2.533033300   1.992558e-4   0.369160495   0.476714682
 31.57990027  -2.549932400   2.005851e-4   0.343098260   0.470050949
 31.78918891  -2.566831500   2.019145e-4   0.320449501   0.463377980
 31.99847756  -2.583730600   2.032438e-4   0.300536236   0.456696500
 32.20776621  -2.600629701   2.045731e-4   0.282858402   0.450007224
 32.41705485  -2.617528801   2.059025e-4   0.267037373   0.443310854
 32.62634350  -2.634427901   2.072318e-4   0.252779991   0.436608091
 32.83563214  -2.651327001   2.085611e-4   0.239854902   0.429899626
 33.04492079  -2.668226101   2.098905e-4   0.228076499   0.423186149
 33.25420944  -2.685125202   2.112198e-4   0.217293738   0.416468350
 33.46349808  -2.702024302   2.125491e-4   0.207382166   0.409746921
 33.67278673  -2.718923402   2.138785e-4   0.198238102   0.403022556
 33.88207537  -2.735822502   2.152078e-4   0.189774333   0.396295959
 34.09136402  -2.752721603   2.165371e-4   0.181916854   0.389567841
 34.30065267  -2.769620703   2.178664e-4   0.174602380   0.382838926
 34.50994131  -2.786519803   2.191958e-4   0.167776407   0.376109956
 34.71922996  -2.803418903   2.205251e-4   0.161391698   0.369381689
 34.92851860  -2.820318003   2.218544e-4   0.155407075   0.362654910
 35.13780725  -2.837217104   2.231838e-4   0.149786446   0.355930428
 35.34709590  -2.854116204   2.245131e-4   0.144498027   0.349209088
 35.55638454  -2.871015304   2.258424e-4   0.139513700   0.342491771
 35.76567319  -2.887914404   2.271718e-4   0.134808486   0.335779406
 35.97496184  -2.904813505   2.285011e-4   0.130360109   0.329072973
 36.18425048  -2.921712605   2.298304e-4   0.126148630   0.322373512
 36.39353913  -2.938611705   2.311598e-4   0.122156147   0.315682136
 36.60282777  -2.955510805   2.324891e-4   0.118366532   0.309000043
 36.81211642  -2.972409905   2.338184e-4   0.114765212   0.302328528
 37.02140507  -2.989309006   2.351478e-4   0.111338987   0.295669001
 37.23069371  -3.006208106   2.364771e-4   0.108075866   0.289023010
 37.43998236  -3.023107206   2.378064e-4   0.104964930   0.282392269
 37.64927100  -3.040006306   2.391358e-4   0.101996216   0.275778683
 37.85855965  -3.056905407   2.404651e-4   0.099160609   0.269184397
 38.06784830  -3.073804507   2.417944e-4   0.096449754   0.262611845
 38.27713694  -3.090703607   2.431238e-4   0.093855982   0.256063816
 38.48642559  -3.107602707   2.444531e-4   0.091372232   0.249543544
 38.69571423  -3.124501807   2.457824e-4   0.088991999   0.243054825
 38.90500288  -3.141400908   2.471118e-4   0.086709276   0.236602177
 39.11429153  -3.158300008   2.484411e-4   0.084518507   0.230191060
 39.32358017  -3.175199108   2.497704e-4   0.082414547   0.223828188
 39.53286882  -3.192098208   2.510998e-4   0.080392622   0.217521975
 39.74215746  -3.208997308   2.524291e-4   0.078448300   0.211283185
 39.95144611  -3.225896409   2.537584e-4   0.076577457   0.205125874
 40.16073476  -3.242795509   2.550878e-4   0.074776250   0.199068681
 40.37002340  -3.259694609   2.564171e-4   0.073041097   0.193136296
 40.57931205  -3.276593709   2.577464e-4   0.071368655   0.187359993
 40.78860069  -3.293492810   2.590758e-4   0.069755795   0.181774471
 40.99788934  -3.310391910   2.604051e-4   0.068199594   0.176409321
 41.20717799  -3.327291010   2.617344e-4   0.066697308   0.171280904
 41.41646663  -3.344190110   2.630638e-4   0.065246368   0.166391726
 41.62575528  -3.361089210   2.643931e-4   0.063844361   0.161735108
 41.83504392  -3.377988311   2.657224e-4   0.062489019   0.157299806
 42.04433257  -3.394887411   2.670518e-4   0.061178209   0.153072861
 42.25362122  -3.411786511   2.683811e-4   0.059909924   0.149041079
 42.46290986  -3.428685611   2.697104e-4   0.058682271   0.145191734
 42.67219851  -3.445584712   2.710398e-4   0.057493468   0.141512859
 42.88148716  -3.462483812   2.723691e-4   0.056341830   0.137993355
 43.09077580  -3.479382912   2.736984e-4   0.055225767   0.134622989
 43.30006445  -3.496282012   2.750277e-4   0.054143776   0.131392359
 43.50935309  -3.513181112   2.763571e-4   0.053094435   0.128292833
 43.71864174  -3.530080213   2.776864e-4   0.052076398   0.125316484
 43.92793039  -3.546979313   2.790157e-4   0.051088390   0.122456024
 44.13721903  -3.563878413   2.803451e-4   0.050129202   0.119704749
 44.34650768  -3.580777513   2.816744e-4   0.049197686   0.117056478
 44.55579632  -3.597676614   2.830037e-4   0.048292755   0.114505505
 44.76508497  -3.614575714   2.843331e-4   0.047413374   0.112046553
 44.97437362  -3.631474814   2.856624e-4   0.046558561   0.109674736
 45.18366226  -3.648373914   2.869917e-4   0.045727381   0.107385517
 45.39295091  -3.665273014   2.883211e-4   0.044918945   0.105174682
 45.60223955  -3.682172115   2.896504e-4   0.044132406   0.103038309
 45.81152820  -3.699071215   2.909797e-4   0.043366958   0.100972740
 46.02081685  -3.715970315   2.923091e-4   0.042621832   0.098974563
 46.23010549  -3.732869415   2.936384e-4   0.041896295   0.097040585
 46.43939414  -3.749768516   2.949677e-4   0.041189647   0.095167820
 46.64868278  -3.766667616   2.962971e-4   0.040501220   0.093353467
 46.85797143  -3.783566716   2.976264e-4   0.039830377   0.091594898
 47.06726008  -3.800465816   2.989557e-4   0.039176509   0.089889645
 47.27654872  -3.817364916   3.002851e-4   0.038539033   0.088235385
 47.48583737  -3.834264017   3.016144e-4   0.037917392   0.086629930
 47.69512601  -3.851163117   3.029437e-4   0.037311052   0.085071220
 47.90441466  -3.868062217   3.042731e-4   0.036719503   0.083557308
 48.11370331  -3.884961317   3.056024e-4   0.036142257   0.082086358
 48.32299195  -3.901860417   3.069317e-4   0.035578845   0.080656631
 48.53228060  -3.918759518   3.082611e-4   0.035028819   0.079266485
 48.74156925  -3.935658618   3.095904e-4   0.034491747   0.077914363
 48.95085789  -3.952557718   3.109197e-4   0.033967217   0.076598788
 49.16014654  -3.969456818   3.122491e-4   0.033454834   0.075318361
 49.36943518  -3.986355919   3.135784e-4   0.032954216   0.074071753
 49.57872383  -4.003255019   3.149077e-4   0.032464998   0.072857702
 49.78801248  -4.020154119   3.162371e-4   0.031986829   0.071675006
 49.99730112  -4.037053219   3.175664e-4   0.031519373   0.070522525
 50.20658977  -4.053952319   3.188957e-4   0.031062305   0.069399169
 50.41587841  -4.070851420   3.202251e-4   0.030615313   0.068303904
 50.62516706  -4.087750520   3.215544e-4   0.030178097   0.067235742
 50.83445571  -4.104649620   3.228837e-4   0.029750369   0.066193741
 51.04374435  -4.121548720   3.242131e-4   0.029331850   0.065177001
 51.25303300  -4.138447821   3.255424e-4   0.028922274   0.064184664
 51.46232164  -4.155346921   3.268717e-4   0.028521382   0.063215909
 51.67161029  -4.172246021   3.282011e-4   0.028128926   0.062269951
 51.88089894  -4.189145121   3.295304e-4   0.027744666   0.061346041
 52.09018758  -4.206044221   3.308597e-4   0.027368373   0.060443459
 52.29947623  -4.222943322   3.321890e-4   0.026999822   0.059561519
 52.50876487  -4.239842422   3.335184e-4   0.026638800   0.058699560
 52.71805352  -4.256741522   3.348477e-4   0.026285099   0.057856952
 52.92734217  -4.273640622   3.361770e-4   0.025938519   0.057033088
 53.13663081  -4.290539723   3.375064e-4   0.025598866   0.056227388
 53.34591946  -4.307438823   3.388357e-4   0.025265956   0.055439293
 53.55520810  -4.324337923   3.401650e-4   0.024939607   0.054668269
 53.76449675  -4.341237023   3.414944e-4   0.024619644   0.053913800
 53.97378540  -4.358136123   3.428237e-4   0.024305901   0.053175392
 54.18307404  -4.375035224   3.441530e-4   0.023998214   0.052452571
 54.39236269  -4.391934324   3.454824e-4   0.023696426   0.051744877
 54.60165134  -4.408833424   3.468117e-4   0.023400384   0.051051872
 54.81093998  -4.425732524   3.481410e-4   0.023109942   0.050373132
 55.02022863  -4.442631625   3.494704e-4   0.022824957   0.049708250
 55.22951727  -4.459530725   3.507997e-4   0.022545291   0.049056832
 55.43880592  -4.476429825   3.521290e-4   0.022270810   0.048418500
 55.64809457  -4.493328925   3.534584e-4   0.022001386   0.047792890
 55.85738321  -4.510228025   3.547877e-4   0.021736893   0.047179649
 56.06667186  -4.527127126   3.561170e-4   0.021477210   0.046578438
 56.27596050  -4.544026226   3.574464e-4   0.021222219   0.045988930
 56.48524915  -4.560925326   3.587757e-4   0.020971806   0.045410809
 56.69453780  -4.577824426   3.601050e-4   0.020725861   0.044843770
 56.90382644  -4.594723526   3.614344e-4   0.020484276   0.044287518
 57.11311509  -4.611622627   3.627637e-4   0.020246949   0.043741768
 57.32240373  -4.628521727   3.640930e-4   0.020013777   0.043206245
 57.53169238  -4.645420827   3.654224e-4   0.019784664   0.042680684
 57.74098103  -4.662319927   3.667517e-4   0.019559515   0.042164827
 57.95026967  -4.679219028   3.680810e-4   0.019338236   0.041658426
 58.15955832  -4.696118128   3.694104e-4   0.019120740   0.041161239
 58.36884696  -4.713017228   3.707397e-4   0.018906939   0.040673034
 58.57813561  -4.729916328   3.720690e-4   0.018696749   0.040193586
 58.78742426  -4.746815428   3.733984e-4   0.018490088   0.039722676
 58.99671290  -4.763714529   3.747277e-4   0.018286877   0.039260092
 59.20600155  -4.780613629   3.760570e-4   0.018087038   0.038805631
 59.41529019  -4.797512729   3.773864e-4   0.017890496   0.038359093
 59.62457884  -4.814411829   3.787157e-4   0.017697179   0.037920286
 59.83386749  -4.831310930   3.800450e-4   0.017507014   0.037489024
 60.04315613  -4.848210030   3.813744e-4   0.017319934   0.037065125
 60.25244478  -4.865109130   3.827037e-4   0.017135871   0.036648414
 60.46173343  -4.882008230   3.840330e-4   0.016954760   0.036238721
 60.67102207  -4.898907330   3.853624e-4   0.016776538   0.035835880
 60.88031072  -4.915806431   3.866917e-4   0.016601142   0.035439731
 61.08959936  -4.932705531   3.880210e-4   0.016428513   0.035050119
 61.29888801  -4.949604631   3.893503e-4   0.016258591   0.034666892
 61.50817666  -4.966503731   3.906797e-4   0.016091321   0.034289902
 61.71746530  -4.983402832   3.920090e-4   0.015926647   0.033919007
 61.92675395  -5.000301932   3.933383e-4   0.015764514   0.033554069
 62.13604259  -5.017201032   3.946677e-4   0.015604870   0.033194952
 62.34533124  -5.034100132   3.959970e-4   0.015447664   0.032841525
 62.55461989  -5.050999232   3.973263e-4   0.015292846   0.032493661
 62.76390853  -5.067898333   3.986557e-4   0.015140367   0.032151234
 62.97319718  -5.084797433   3.999850e-4   0.014990181   0.031814125
 63.18248582  -5.101696533   4.013143e-4   0.014842240   0.031482215
 63.39177447  -5.118595633   4.026437e-4   0.014696500   0.031155391
 63.60106312  -5.135494734   4.039730e-4   0.014552917   0.030833540
 63.81035176  -5.152393834   4.053023e-4   0.014411448   0.030516553
 64.01964041  -5.169292934   4.066317e-4   0.014272052   0.030204326
 64.22892905  -5.186192034   4.079610e-4   0.014134688   0.029896754
 64.43821770  -5.203091134   4.092903e-4   0.013999315   0.029593738
 64.64750635  -5.219990235   4.106197e-4   0.013865897   0.029295178
 64.85679499  -5.236889335   4.119490e-4   0.013734394   0.029000979
 65.06608364  -5.253788435   4.132783e-4   0.013604770   0.028711048
 65.27537228  -5.270687535   4.146077e-4   0.013476989   0.028425294
 65.48466093  -5.287586635   4.159370e-4   0.013351016   0.028143627
 65.69394958  -5.304485736   4.172663e-4   0.013226816   0.027865960
 65.90323822  -5.321384836   4.185957e-4   0.013104357   0.027592209
 66.11252687  -5.338283936   4.199250e-4   0.012983605   0.027322291
 66.32181551  -5.355183036   4.212543e-4   0.012864529   0.027056124
 66.53110416  -5.372082137   4.225837e-4   0.012747098   0.026793629
 66.74039281  -5.388981237   4.239130e-4   0.012631280   0.026534728
 66.94968145  -5.405880337   4.252423e-4   0.012517048   0.026279345
 67.15897010  -5.422779437   4.265717e-4   0.012404370   0.026027405
 67.36825875  -5.439678537   4.279010e-4   0.012293220   0.025778836
 67.57754739  -5.456577638   4.292303e-4   0.012183570   0.025533566
 67.78683604  -5.473476738   4.305597e-4   0.012075391   0.025291525
 67.99612468  -5.490375838   4.318890e-4   0.011968659   0.025052643
 68.20541333  -5.507274938   4.332183e-4   0.011863347   0.024816853
 68.41470198  -5.524174039   4.345477e-4   0.011759429   0.024584088
 68.62399062  -5.541073139   4.358770e-4   0.011656882   0.024354283
 68.83327927  -5.557972239   4.372063e-4   0.011555680   0.024127374
 69.04256791  -5.574871339   4.385357e-4   0.011455801   0.023903296
 69.25185656  -5.591770439   4.398650e-4   0.011357221   0.023681989
 69.46114521  -5.608669540   4.411943e-4   0.011259917   0.023463388
 69.67043385  -5.625568640   4.425237e-4   0.011163868   0.023247435
 69.87972250  -5.642467740   4.438530e-4   0.011069052   0.023034068
 70.08901114  -5.659366840   4.451823e-4   0.010975447   0.022823227
 70.29829979  -5.676265941   4.465116e-4   0.010883033   0.022614853
 70.50758844  -5.693165041   4.478410e-4   0.010791791   0.022408888
 70.71687708  -5.710064141   4.491703e-4   0.010701698   0.022205273
 70.92616573  -5.726963241   4.504996e-4   0.010612738   0.022003950
 71.13545437  -5.743862341   4.518290e-4   0.010524890   0.021804860
 71.34474302  -5.760761442   4.531583e-4   0.010438135   0.021607945
 71.55403167  -5.777660542   4.544876e-4   0.010352457   0.021413148
 71.76332031  -5.794559642   4.558170e-4   0.010267836   0.021220408
 71.97260896  -5.811458742   4.571463e-4   0.010184255   0.021029668
 72.18189760  -5.828357843   4.584756e-4   0.010101698   0.020840867
 72.39118625  -5.845256943   4.598050e-4   0.010020147   0.020653945
 72.60047490  -5.862156043   4.611343e-4   0.009939587   0.020468841
 72.80976354  -5.879055143   4.624636e-4   0.009860000   0.020285491
 73.01905219  -5.895954243   4.637930e-4   0.009781372   0.020103832
 73.22834084  -5.912853344   4.651223e-4   0.009703687   0.019923797
 73.43762948  -5.929752444   4.664516e-4   0.009626929   0.019745318
 73.64691813  -5.946651544   4.677810e-4   0.009551084   0.019568323
 73.85620677  -5.963550644   4.691103e-4   0.009476138   0.019392737
 74.06549542  -5.980449744   4.704396e-4   0.009402076   0.019218483
 74.27478407  -5.997348845   4.717690e-4   0.009328884   0.019045477
 74.48407271  -6.014247945   4.730983e-4   0.009256549   0.018873631
 74.69336136  -6.031147045   4.744276e-4   0.009185057   0.018702848
 74.90265000  -6.048046145   4.757570e-4   0.009114396   0.018533027
 75.11193865  -6.064945246   4.770863e-4   0.009044551   0.018364052
 75.32122730  -6.081844346   4.784156e-4   0.008975511   0.018195799
 75.53051594  -6.098743446   4.797450e-4   0.008907263   0.018028127
 75.73980459  -6.115642546   4.810743e-4   0.008839795   0.017860875
 75.94909323  -6.132541646   4.824036e-4   0.008773096   0.017693860
 76.15838188  -6.149440747   4.837330e-4   0.008707153   0.017526866
 76.36767053  -6.166339847   4.850623e-4   0.008641954   0.017359635
 76.57695917  -6.183238947   4.863916e-4   0.008577490   0.017191849
 76.78624782  -6.200138047   4.877210e-4   0.008513748   0.017023110
 76.99553646  -6.217037148   4.890503e-4   0.008450718   0.016852893
 77.20482511  -6.233936248   4.903796e-4   0.008388390   0.016680473
 77.41411376  -6.250835348   4.917090e-4   0.008326752   0.016504773
 77.62340240  -6.267734448   4.930383e-4   0.008265795   0.016323971
 77.83269105  -6.284633548   4.943676e-4   0.008205509   0.016134146
 78.04197969  -6.301532649   4.956970e-4   0.008145883   0.015926665
 78.25126834  -6.318431749   4.970263e-4   0.008086908   0.015717023
 78.46055699  -6.335330849   4.983556e-4   0.008028575   0.015508343
 78.66984563  -6.352229949   4.996850e-4   0.007970874   0.015301108
 78.87913428  -6.369129050   5.010143e-4   0.007913796   0.015095481
 79.08842293  -6.386028150   5.023436e-4   0.007857333   0.014891530
 79.29771157  -6.402927250   5.036729e-4   0.007801474   0.014689283
 79.50700022  -6.419826350   5.050023e-4   0.007746212   0.014488750
 79.71628886  -6.436725450   5.063316e-4   0.007691539   0.014289931
 79.92557751  -6.453624551   5.076609e-4   0.007637445   0.014092819
 80.13486616  -6.470523651   5.089903e-4   0.007583922   0.013897403
 80.34415480  -6.487422751   5.103196e-4   0.007530963   0.013703671
 80.55344345  -6.504321851   5.116489e-4   0.007478560   0.013511606
 80.76273209  -6.521220952   5.129783e-4   0.007426704   0.013321195
 80.97202074  -6.538120052   5.143076e-4   0.007375389   0.013132419
 81.18130939  -6.555019152   5.156369e-4   0.007324606   0.012945263
 81.39059803  -6.571918252   5.169663e-4   0.007274348   0.012759709
 81.59988668  -6.588817352   5.182956e-4   0.007224609   0.012575739
 81.80917532  -6.605716453   5.196249e-4   0.007175380   0.012393336
 82.01846397  -6.622615553   5.209543e-4   0.007126655   0.012212483
 82.22775262  -6.639514653   5.222836e-4   0.007078427   0.012033162
 82.43704126  -6.656413753   5.236129e-4   0.007030689   0.011855356
 82.64632991  -6.673312853   5.249423e-4   0.006983435   0.011679047
 82.85561855  -6.690211954   5.262716e-4   0.006936658   0.011504220
 83.06490720  -6.707111054   5.276009e-4   0.006890351   0.011330857
 83.27419585  -6.724010154   5.289303e-4   0.006844509   0.011158941
 83.48348449  -6.740909254   5.302596e-4   0.006799124   0.010988456
 83.69277314  -6.757808355   5.315889e-4   0.006754192   0.010819386
 83.90206178  -6.774707455   5.329183e-4   0.006709705   0.010651716
 84.11135043  -6.791606555   5.342476e-4   0.006665659   0.010485428
 84.32063908  -6.808505655   5.355769e-4   0.006622047   0.010320508
 84.52992772  -6.825404755   5.369063e-4   0.006578863   0.010156940
 84.73921637  -6.842303856   5.382356e-4   0.006536102   0.009994710
 84.94850502  -6.859202956   5.395649e-4   0.006493759   0.009833803
 85.15779366  -6.876102056   5.408943e-4   0.006451827   0.009674203
 85.36708231  -6.893001156   5.422236e-4   0.006410302   0.009515897
 85.57637095  -6.909900257   5.435529e-4   0.006369178   0.009358870
 85.78565960  -6.926799357   5.448823e-4   0.006328451   0.009203109
 85.99494825  -6.943698457   5.462116e-4   0.006288114   0.009048599
 86.20423689  -6.960597557   5.475409e-4   0.006248164   0.008895328
 86.41352554  -6.977496657   5.488703e-4   0.006208594   0.008743282
 86.62281418  -6.994395758   5.501996e-4   0.006169401   0.008592449
 86.83210283  -7.011294858   5.515289e-4   0.006130579   0.008442814
 87.04139148  -7.028193958   5.528583e-4   0.006092124   0.008294367
 87.25068012  -7.045093058   5.541876e-4   0.006054032   0.008147094
 87.45996877  -7.061992159   5.555169e-4   0.006016296   0.008000983
 87.66925741  -7.078891259   5.568463e-4   0.005978914   0.007856023
 87.87854606  -7.095790359   5.581756e-4   0.005941881   0.007712201
 88.08783471  -7.112689459   5.595049e-4   0.005905192   0.007569507