#XDI/1.1
# X-ray Monochromator Darwin Width from xrayweb  Fri Dec 12 07:38:30 2025
# Monochromator.xtal        : Si
# Monochromator.hkl         : 1 1 1
# Monochromator.polarization: 's'
# Monochromator.theta       : 6.813758 (deg)
# Monochromator.theta_width : 15.809019 (microrad)
# Monochromator.energy_width: 2.204814 (eV)
# Monochromator.theta_fwhm  : 16.767997 (microrad)
# Monochromator.rocking_fwhm: 22.132627 (microrad)
# Monochromator.energy_fwhm : 2.338559 (eV)
# Xray.Energy               : 16664.23 (eV)
# Column.1: dtheta (microrad)
# Column.2: denergy (eV)
# Column.3: zeta (delta_lambda / lambda)
# Column.4: intensity
# Column.5: rocking_curve
#---------------------
# {' '.join(array_names)}
-37.05448570   5.167825530  -3.101149e-4   0.005872688   0.007602811
-36.89639550   5.145777388  -3.087918e-4   0.005909073   0.007744805
-36.73830531   5.123729247  -3.074687e-4   0.005945798   0.007887849
-36.58021511   5.101681105  -3.061456e-4   0.005982869   0.008031956
-36.42212492   5.079632964  -3.048225e-4   0.006020288   0.008177135
-36.26403472   5.057584823  -3.034995e-4   0.006058062   0.008323400
-36.10594453   5.035536681  -3.021764e-4   0.006096193   0.008470761
-35.94785434   5.013488540  -3.008533e-4   0.006134687   0.008619230
-35.78976414   4.991440398  -2.995302e-4   0.006173548   0.008768820
-35.63167395   4.969392257  -2.982071e-4   0.006212781   0.008919542
-35.47358375   4.947344115  -2.968841e-4   0.006252391   0.009071408
-35.31549356   4.925295974  -2.955610e-4   0.006292383   0.009224432
-35.15740336   4.903247832  -2.942379e-4   0.006332761   0.009378625
-34.99931317   4.881199691  -2.929148e-4   0.006373531   0.009533999
-34.84122298   4.859151549  -2.915917e-4   0.006414697   0.009690569
-34.68313278   4.837103408  -2.902686e-4   0.006456265   0.009848346
-34.52504259   4.815055267  -2.889456e-4   0.006498241   0.010007344
-34.36695239   4.793007125  -2.876225e-4   0.006540629   0.010167576
-34.20886220   4.770958984  -2.862994e-4   0.006583434   0.010329054
-34.05077200   4.748910842  -2.849763e-4   0.006626664   0.010491792
-33.89268181   4.726862701  -2.836532e-4   0.006670322   0.010655804
-33.73459162   4.704814559  -2.823302e-4   0.006714415   0.010821103
-33.57650142   4.682766418  -2.810071e-4   0.006758949   0.010987702
-33.41841123   4.660718276  -2.796840e-4   0.006803930   0.011155614
-33.26032103   4.638670135  -2.783609e-4   0.006849363   0.011324853
-33.10223084   4.616621993  -2.770378e-4   0.006895255   0.011495433
-32.94414064   4.594573852  -2.757147e-4   0.006941612   0.011667367
-32.78605045   4.572525711  -2.743917e-4   0.006988440   0.011840667
-32.62796025   4.550477569  -2.730686e-4   0.007035745   0.012015348
-32.46987006   4.528429428  -2.717455e-4   0.007083535   0.012191420
-32.31177987   4.506381286  -2.704224e-4   0.007131816   0.012368898
-32.15368967   4.484333145  -2.690993e-4   0.007180595   0.012547793
-31.99559948   4.462285003  -2.677762e-4   0.007229878   0.012728116
-31.83750928   4.440236862  -2.664532e-4   0.007279673   0.012909877
-31.67941909   4.418188720  -2.651301e-4   0.007329986   0.013093088
-31.52132889   4.396140579  -2.638070e-4   0.007380826   0.013277755
-31.36323870   4.374092437  -2.624839e-4   0.007432199   0.013463886
-31.20514851   4.352044296  -2.611608e-4   0.007484113   0.013651485
-31.04705831   4.329996155  -2.598378e-4   0.007536576   0.013840554
-30.88896812   4.307948013  -2.585147e-4   0.007589595   0.014031092
-30.73087792   4.285899872  -2.571916e-4   0.007643178   0.014223093
-30.57278773   4.263851730  -2.558685e-4   0.007697334   0.014416541
-30.41469753   4.241803589  -2.545454e-4   0.007752070   0.014611415
-30.25660734   4.219755447  -2.532223e-4   0.007807395   0.014807676
-30.09851715   4.197707306  -2.518993e-4   0.007863318   0.015005265
-29.94042695   4.175659164  -2.505762e-4   0.007919848   0.015204086
-29.78233676   4.153611023  -2.492531e-4   0.007976992   0.015403979
-29.62424656   4.131562882  -2.479300e-4   0.008034760   0.015604664
-29.46615637   4.109514740  -2.466069e-4   0.008093162   0.015805581
-29.30806617   4.087466599  -2.452839e-4   0.008152206   0.016005385
-29.14997598   4.065418457  -2.439608e-4   0.008211902   0.016200194
-28.99188579   4.043370316  -2.426377e-4   0.008272260   0.016385787
-28.83379559   4.021322174  -2.413146e-4   0.008333290   0.016564555
-28.67570540   3.999274033  -2.399915e-4   0.008395001   0.016738947
-28.51761520   3.977225891  -2.386684e-4   0.008457405   0.016910427
-28.35952501   3.955177750  -2.373454e-4   0.008520511   0.017079939
-28.20143481   3.933129608  -2.360223e-4   0.008584329   0.017248140
-28.04334462   3.911081467  -2.346992e-4   0.008648872   0.017415513
-27.88525443   3.889033326  -2.333761e-4   0.008714150   0.017582434
-27.72716423   3.866985184  -2.320530e-4   0.008780174   0.017749202
-27.56907404   3.844937043  -2.307300e-4   0.008846956   0.017916063
-27.41098384   3.822888901  -2.294069e-4   0.008914507   0.018083224
-27.25289365   3.800840760  -2.280838e-4   0.008982839   0.018250862
-27.09480345   3.778792618  -2.267607e-4   0.009051965   0.018419130
-26.93671326   3.756744477  -2.254376e-4   0.009121897   0.018588166
-26.77862307   3.734696335  -2.241145e-4   0.009192648   0.018758091
-26.62053287   3.712648194  -2.227915e-4   0.009264230   0.018929015
-26.46244268   3.690600052  -2.214684e-4   0.009336656   0.019101040
-26.30435248   3.668551911  -2.201453e-4   0.009409941   0.019274260
-26.14626229   3.646503770  -2.188222e-4   0.009484097   0.019448760
-25.98817209   3.624455628  -2.174991e-4   0.009559140   0.019624622
-25.83008190   3.602407487  -2.161761e-4   0.009635082   0.019801924
-25.67199171   3.580359345  -2.148530e-4   0.009711939   0.019980739
-25.51390151   3.558311204  -2.135299e-4   0.009789725   0.020161138
-25.35581132   3.536263062  -2.122068e-4   0.009868456   0.020343187
-25.19772112   3.514214921  -2.108837e-4   0.009948147   0.020526954
-25.03963093   3.492166779  -2.095606e-4   0.010028813   0.020712501
-24.88154073   3.470118638  -2.082376e-4   0.010110472   0.020899892
-24.72345054   3.448070496  -2.069145e-4   0.010193138   0.021089186
-24.56536035   3.426022355  -2.055914e-4   0.010276830   0.021280444
-24.40727015   3.403974214  -2.042683e-4   0.010361564   0.021473727
-24.24917996   3.381926072  -2.029452e-4   0.010447358   0.021669092
-24.09108976   3.359877931  -2.016222e-4   0.010534229   0.021866598
-23.93299957   3.337829789  -2.002991e-4   0.010622197   0.022066304
-23.77490937   3.315781648  -1.989760e-4   0.010711279   0.022268268
-23.61681918   3.293733506  -1.976529e-4   0.010801494   0.022472547
-23.45872899   3.271685365  -1.963298e-4   0.010892862   0.022679201
-23.30063879   3.249637223  -1.950067e-4   0.010985404   0.022888288
-23.14254860   3.227589082  -1.936837e-4   0.011079138   0.023099867
-22.98445840   3.205540940  -1.923606e-4   0.011174086   0.023313997
-22.82636821   3.183492799  -1.910375e-4   0.011270270   0.023530739
-22.66827801   3.161444658  -1.897144e-4   0.011367710   0.023750153
-22.51018782   3.139396516  -1.883913e-4   0.011466430   0.023972301
-22.35209763   3.117348375  -1.870683e-4   0.011566451   0.024197244
-22.19400743   3.095300233  -1.857452e-4   0.011667797   0.024425045
-22.03591724   3.073252092  -1.844221e-4   0.011770491   0.024655769
-21.87782704   3.051203950  -1.830990e-4   0.011874559   0.024889480
-21.71973685   3.029155809  -1.817759e-4   0.011980023   0.025126245
-21.56164665   3.007107667  -1.804528e-4   0.012086911   0.025366129
-21.40355646   2.985059526  -1.791298e-4   0.012195247   0.025609203
-21.24546627   2.963011385  -1.778067e-4   0.012305059   0.025855534
-21.08737607   2.940963243  -1.764836e-4   0.012416373   0.026105194
-20.92928588   2.918915102  -1.751605e-4   0.012529218   0.026358255
-20.77119568   2.896866960  -1.738374e-4   0.012643621   0.026614791
-20.61310549   2.874818819  -1.725144e-4   0.012759611   0.026874878
-20.45501529   2.852770677  -1.711913e-4   0.012877220   0.027138591
-20.29692510   2.830722536  -1.698682e-4   0.012996476   0.027406010
-20.13883491   2.808674394  -1.685451e-4   0.013117411   0.027677214
-19.98074471   2.786626253  -1.672220e-4   0.013240057   0.027952286
-19.82265452   2.764578111  -1.658989e-4   0.013364448   0.028231310
-19.66456432   2.742529970  -1.645759e-4   0.013490615   0.028514372
-19.50647413   2.720481829  -1.632528e-4   0.013618595   0.028801559
-19.34838393   2.698433687  -1.619297e-4   0.013748421   0.029092962
-19.19029374   2.676385546  -1.606066e-4   0.013880130   0.029388672
-19.03220355   2.654337404  -1.592835e-4   0.014013759   0.029688785
-18.87411335   2.632289263  -1.579604e-4   0.014149346   0.029993397
-18.71602316   2.610241121  -1.566374e-4   0.014286929   0.030302608
-18.55793296   2.588192980  -1.553143e-4   0.014426549   0.030616520
-18.39984277   2.566144838  -1.539912e-4   0.014568245   0.030935236
-18.24175257   2.544096697  -1.526681e-4   0.014712061   0.031258865
-18.08366238   2.522048555  -1.513450e-4   0.014858038   0.031587516
-17.92557219   2.500000414  -1.500220e-4   0.015006221   0.031921302
-17.76748199   2.477952273  -1.486989e-4   0.015156655   0.032260340
-17.60939180   2.455904131  -1.473758e-4   0.015309386   0.032604749
-17.45130160   2.433855990  -1.460527e-4   0.015464462   0.032954652
-17.29321141   2.411807848  -1.447296e-4   0.015621931   0.033310173
-17.13512121   2.389759707  -1.434065e-4   0.015781843   0.033671444
-16.97703102   2.367711565  -1.420835e-4   0.015944251   0.034038596
-16.81894083   2.345663424  -1.407604e-4   0.016109206   0.034411767
-16.66085063   2.323615282  -1.394373e-4   0.016276762   0.034791098
-16.50276044   2.301567141  -1.381142e-4   0.016446976   0.035176734
-16.34467024   2.279518999  -1.367911e-4   0.016619904   0.035568824
-16.18658005   2.257470858  -1.354681e-4   0.016795606   0.035967522
-16.02848985   2.235422717  -1.341450e-4   0.016974141   0.036372986
-15.87039966   2.213374575  -1.328219e-4   0.017155571   0.036785379
-15.71230947   2.191326434  -1.314988e-4   0.017339961   0.037204869
-15.55421927   2.169278292  -1.301757e-4   0.017527374   0.037631628
-15.39612908   2.147230151  -1.288526e-4   0.017717880   0.038065837
-15.23803888   2.125182009  -1.275296e-4   0.017911547   0.038507678
-15.07994869   2.103133868  -1.262065e-4   0.018108446   0.038957341
-14.92185849   2.081085726  -1.248834e-4   0.018308651   0.039415022
-14.76376830   2.059037585  -1.235603e-4   0.018512236   0.039880923
-14.60567811   2.036989443  -1.222372e-4   0.018719280   0.040355252
-14.44758791   2.014941302  -1.209142e-4   0.018929861   0.040838226
-14.28949772   1.992893161  -1.195911e-4   0.019144063   0.041330065
-14.13140752   1.970845019  -1.182680e-4   0.019361970   0.041831000
-13.97331733   1.948796878  -1.169449e-4   0.019583669   0.042341269
-13.81522713   1.926748736  -1.156218e-4   0.019809249   0.042861116
-13.65713694   1.904700595  -1.142987e-4   0.020038803   0.043390795
-13.49904675   1.882652453  -1.129757e-4   0.020272426   0.043930568
-13.34095655   1.860604312  -1.116526e-4   0.020510217   0.044480707
-13.18286636   1.838556170  -1.103295e-4   0.020752275   0.045041492
-13.02477616   1.816508029  -1.090064e-4   0.020998707   0.045613215
-12.86668597   1.794459887  -1.076833e-4   0.021249618   0.046196175
-12.70859577   1.772411746  -1.063603e-4   0.021505120   0.046790685
-12.55050558   1.750363605  -1.050372e-4   0.021765327   0.047397068
-12.39241539   1.728315463  -1.037141e-4   0.022030358   0.048015658
-12.23432519   1.706267322  -1.023910e-4   0.022300333   0.048646803
-12.07623500   1.684219180  -1.010679e-4   0.022575379   0.049290862
-11.91814480   1.662171039  -9.974485e-5   0.022855626   0.049948208
-11.76005461   1.640122897  -9.842176e-5   0.023141206   0.050619230
-11.60196441   1.618074756  -9.709868e-5   0.023432260   0.051304330
-11.44387422   1.596026614  -9.577560e-5   0.023728930   0.052003925
-11.28578403   1.573978473  -9.445252e-5   0.024031363   0.052718449
-11.12769383   1.551930332  -9.312944e-5   0.024339712   0.053448355
-10.96960364   1.529882190  -9.180635e-5   0.024654136   0.054194110
-10.81151344   1.507834049  -9.048327e-5   0.024974797   0.054956205
-10.65342325   1.485785907  -8.916019e-5   0.025301865   0.055735145
-10.49533305   1.463737766  -8.783711e-5   0.025635514   0.056531461
-10.33724286   1.441689624  -8.651403e-5   0.025975926   0.057345703
-10.17915267   1.419641483  -8.519094e-5   0.026323287   0.058178445
-10.02106247   1.397593341  -8.386786e-5   0.026677792   0.059030286
-9.862972277   1.375545200  -8.254478e-5   0.027039640   0.059901849
-9.704882083   1.353497058  -8.122170e-5   0.027409042   0.060793786
-9.546791888   1.331448917  -7.989862e-5   0.027786211   0.061706777
-9.388701694   1.309400776  -7.857553e-5   0.028171372   0.062641532
-9.230611500   1.287352634  -7.725245e-5   0.028564757   0.063598792
-9.072521305   1.265304493  -7.592937e-5   0.028966605   0.064579335
-8.914431111   1.243256351  -7.460629e-5   0.029377167   0.065583972
-8.756340917   1.221208210  -7.328321e-5   0.029796701   0.066613553
-8.598250722   1.199160068  -7.196012e-5   0.030225475   0.067668968
-8.440160528   1.177111927  -7.063704e-5   0.030663770   0.068751149
-8.282070334   1.155063785  -6.931396e-5   0.031111876   0.069861077
-8.123980140   1.133015644  -6.799088e-5   0.031570092   0.070999776
-7.965889945   1.110967502  -6.666780e-5   0.032038733   0.072168326
-7.807799751   1.088919361  -6.534472e-5   0.032518125   0.073367859
-7.649709557   1.066871220  -6.402163e-5   0.033008605   0.074599567
-7.491619362   1.044823078  -6.269855e-5   0.033510528   0.075864703
-7.333529168   1.022774937  -6.137547e-5   0.034024259   0.077164587
-7.175438974   1.000726795  -6.005239e-5   0.034550181   0.078500612
-7.017348780   0.978678654  -5.872931e-5   0.035088692   0.079874246
-6.859258585   0.956630512  -5.740622e-5   0.035640208   0.081287038
-6.701168391   0.934582371  -5.608314e-5   0.036205159   0.082740626
-6.543078197   0.912534229  -5.476006e-5   0.036783999   0.084236743
-6.384988002   0.890486088  -5.343698e-5   0.037377196   0.085777223
-6.226897808   0.868437946  -5.211390e-5   0.037985244   0.087364010
-6.068807614   0.846389805  -5.079081e-5   0.038608654   0.088999167
-5.910717420   0.824341664  -4.946773e-5   0.039247963   0.090684885
-5.752627225   0.802293522  -4.814465e-5   0.039903731   0.092423493
-5.594537031   0.780245381  -4.682157e-5   0.040576544   0.094217472
-5.436446837   0.758197239  -4.549849e-5   0.041267014   0.096069467
-5.278356642   0.736149098  -4.417540e-5   0.041975782   0.097982302
-5.120266448   0.714100956  -4.285232e-5   0.042703521   0.099958996
-4.962176254   0.692052815  -4.152924e-5   0.043450934   0.102002782
-4.804086059   0.670004673  -4.020616e-5   0.044218758   0.104117126
-4.645995865   0.647956532  -3.888308e-5   0.045007766   0.106305755
-4.487905671   0.625908390  -3.755999e-5   0.045818770   0.108572679
-4.329815477   0.603860249  -3.623691e-5   0.046652622   0.110922224
-4.171725282   0.581812108  -3.491383e-5   0.047510216   0.113359065
-4.013635088   0.559763966  -3.359075e-5   0.048392493   0.115888266
-3.855544894   0.537715825  -3.226767e-5   0.049300442   0.118515329
-3.697454699   0.515667683  -3.094459e-5   0.050235103   0.121246244
-3.539364505   0.493619542  -2.962150e-5   0.051197573   0.124087553
-3.381274311   0.471571400  -2.829842e-5   0.052189004   0.127046425
-3.223184117   0.449523259  -2.697534e-5   0.053210616   0.130130741
-3.065093922   0.427475117  -2.565226e-5   0.054263691   0.133349200
-2.907003728   0.405426976  -2.432918e-5   0.055349585   0.136711446
-2.748913534   0.383378834  -2.300609e-5   0.056469730   0.140228224
-2.590823339   0.361330693  -2.168301e-5   0.057625641   0.143911567
-2.432733145   0.339282552  -2.035993e-5   0.058818919   0.147775040
-2.274642951   0.317234410  -1.903685e-5   0.060051260   0.151834046
-2.116552756   0.295186269  -1.771377e-5   0.061324463   0.156106220
-1.958462562   0.273138127  -1.639068e-5   0.062640432   0.160611962
-1.800372368   0.251089986  -1.506760e-5   0.064001193   0.165375156
-1.642282174   0.229041844  -1.374452e-5   0.065408894   0.170424190
-1.484191979   0.206993703  -1.242144e-5   0.066865822   0.175793444
-1.326101785   0.184945561  -1.109836e-5   0.068374411   0.181525557
-1.168011591   0.162897420  -9.775274e-6   0.069937253   0.187674918
-1.009921396   0.140849279  -8.452192e-6   0.071557113   0.194310969
-0.851831202   0.118801137  -7.129110e-6   0.073236944   0.201334748
-0.693741008   0.096752996  -5.806029e-6   0.074979901   0.208507613
-0.535650814   0.074704854  -4.482947e-6   0.076789359   0.215708735
-0.377560619   0.052656713  -3.159865e-6   0.078668937   0.222920810
-0.219470425   0.030608571  -1.836783e-6   0.080622511   0.230136964
-0.061380231   0.008560430  -5.137009e-7   0.082654249   0.237353512
 0.096709964  -0.013487712   8.093810e-7   0.084768631   0.244568151
 0.254800158  -0.035535853   2.132463e-6   0.086970479   0.251779298
 0.412890352  -0.057583995   3.455545e-6   0.089264995   0.258985785
 0.570980546  -0.079632136   4.778627e-6   0.091657798   0.266186705
 0.729070741  -0.101680277   6.101709e-6   0.094154965   0.273381323
 0.887160935  -0.123728419   7.424791e-6   0.096763078   0.280569020
 1.045251129  -0.145776560   8.747873e-6   0.099489284   0.287749262
 1.203341324  -0.167824702   1.007095e-5   0.102341351   0.294921574
 1.361431518  -0.189872843   1.139404e-5   0.105327744   0.302085525
 1.519521712  -0.211920985   1.271712e-5   0.108457701   0.309240715
 1.677611907  -0.233969126   1.404020e-5   0.111741327   0.316386769
 1.835702101  -0.256017268   1.536328e-5   0.115189700   0.323523329
 1.993792295  -0.278065409   1.668636e-5   0.118814993   0.330650051
 2.151882489  -0.300113551   1.800945e-5   0.122630617   0.337766598
 2.309972684  -0.322161692   1.933253e-5   0.126651385   0.344872639
 2.468062878  -0.344209833   2.065561e-5   0.130893702   0.351967845
 2.626153072  -0.366257975   2.197869e-5   0.135375797   0.359051891
 2.784243267  -0.388306116   2.330177e-5   0.140117985   0.366124447
 2.942333461  -0.410354258   2.462486e-5   0.145142988   0.373185184
 3.100423655  -0.432402399   2.594794e-5   0.150476309   0.380233767
 3.258513849  -0.454450541   2.727102e-5   0.156146694   0.387269856
 3.416604044  -0.476498682   2.859410e-5   0.162186678   0.394293108
 3.574694238  -0.498546824   2.991718e-5   0.168633256   0.401303168
 3.732784432  -0.520594965   3.124027e-5   0.175528715   0.408299676
 3.890874627  -0.542643107   3.256335e-5   0.182921651   0.415282261
 4.048964821  -0.564691248   3.388643e-5   0.190868259   0.422250544
 4.207055015  -0.586739389   3.520951e-5   0.199433952   0.429204133
 4.365145210  -0.608787531   3.653259e-5   0.208695444   0.436142625
 4.523235404  -0.630835672   3.785567e-5   0.218743453   0.443065604
 4.681325598  -0.652883814   3.917876e-5   0.229686259   0.449972640
 4.839415792  -0.674931955   4.050184e-5   0.241654474   0.456863288
 4.997505987  -0.696980097   4.182492e-5   0.254807550   0.463737088
 5.155596181  -0.719028238   4.314800e-5   0.269342867   0.470593563
 5.313686375  -0.741076380   4.447108e-5   0.285508724   0.477432218
 5.471776570  -0.763124521   4.579417e-5   0.303623494   0.484252538
 5.629866764  -0.785172663   4.711725e-5   0.324104848   0.491053990
 5.787956958  -0.807220804   4.844033e-5   0.347516284   0.497836018
 5.946047152  -0.829268945   4.976341e-5   0.374645197   0.504598043
 6.104137347  -0.851317087   5.108649e-5   0.406642892   0.511339463
 6.262227541  -0.873365228   5.240958e-5   0.445298736   0.518059650
 6.420317735  -0.895413370   5.373266e-5   0.493646540   0.524757948
 6.578407930  -0.917461511   5.505574e-5   0.557575110   0.531433673
 6.736498124  -0.939509653   5.637882e-5   0.651699462   0.538086111
 6.894588318  -0.961557794   5.770190e-5   0.845278874   0.544714512
 7.052678513  -0.983605936   5.902499e-5   0.967106021   0.551318094
 7.210768707  -1.005654077   6.034807e-5   0.976336389   0.557896037
 7.368858901  -1.027702219   6.167115e-5   0.979932925   0.564447482
 7.526949095  -1.049750360   6.299423e-5   0.981884126   0.570971526
 7.685039290  -1.071798501   6.431731e-5   0.983100692   0.577467222
 7.843129484  -1.093846643   6.564040e-5   0.983917605   0.583933576
 8.001219678  -1.115894784   6.696348e-5   0.984490051   0.590369539
 8.159309873  -1.137942926   6.828656e-5   0.984900743   0.596774009
 8.317400067  -1.159991067   6.960964e-5   0.985198167   0.603145825
 8.475490261  -1.182039209   7.093272e-5   0.985412783   0.609483759
 8.633580455  -1.204087350   7.225580e-5   0.985564758   0.615786519
 8.791670650  -1.226135492   7.357889e-5   0.985668008   0.622052735
 8.949760844  -1.248183633   7.490197e-5   0.985732460   0.628280958
 9.107851038  -1.270231774   7.622505e-5   0.985765392   0.634469655
 9.265941233  -1.292279916   7.754813e-5   0.985772263   0.640617196
 9.424031427  -1.314328057   7.887121e-5   0.985757246   0.646721854
 9.582121621  -1.336376199   8.019430e-5   0.985723583   0.652781788
 9.740211815  -1.358424340   8.151738e-5   0.985673828   0.658795040
 9.898302010  -1.380472482   8.284046e-5   0.985610019   0.664759522
 10.05639220  -1.402520623   8.416354e-5   0.985533794   0.670673001
 10.21448240  -1.424568765   8.548662e-5   0.985446484   0.676533092
 10.37257259  -1.446616906   8.680971e-5   0.985349175   0.682337234
 10.53066279  -1.468665048   8.813279e-5   0.985242762   0.688082681
 10.68875298  -1.490713189   8.945587e-5   0.985127981   0.693766479
 10.84684318  -1.512761330   9.077895e-5   0.985005440   0.699385442
 11.00493337  -1.534809472   9.210203e-5   0.984875643   0.704936130
 11.16302356  -1.556857613   9.342512e-5   0.984739005   0.710414818
 11.32111376  -1.578905755   9.474820e-5   0.984595869   0.715817464
 11.47920395  -1.600953896   9.607128e-5   0.984446512   0.721139667
 11.63729415  -1.623002038   9.739436e-5   0.984291161   0.726376626
 11.79538434  -1.645050179   9.871744e-5   0.984129993   0.731523082
 11.95347454  -1.667098321   1.000405e-4   0.983963148   0.736573261
 12.11156473  -1.689146462   1.013636e-4   0.983790726   0.741520793
 12.26965492  -1.711194604   1.026867e-4   0.983612798   0.746358630
 12.42774512  -1.733242745   1.040098e-4   0.983429404   0.751078930
 12.58583531  -1.755290886   1.053329e-4   0.983240560   0.755672931
 12.74392551  -1.777339028   1.066559e-4   0.983046254   0.760130788
 12.90201570  -1.799387169   1.079790e-4   0.982846453   0.764441365
 13.06010590  -1.821435311   1.093021e-4   0.982641103   0.768591984
 13.21819609  -1.843483452   1.106252e-4   0.982430128   0.772568090
 13.37628628  -1.865531594   1.119483e-4   0.982213431   0.776352816
 13.53437648  -1.887579735   1.132713e-4   0.981990898   0.779926409
 13.69246667  -1.909627877   1.145944e-4   0.981762393   0.783265427
 13.85055687  -1.931676018   1.159175e-4   0.981527761   0.786341622
 14.00864706  -1.953724160   1.172406e-4   0.981286827   0.789120293
 14.16673726  -1.975772301   1.185637e-4   0.981039394   0.791557786
 14.32482745  -1.997820442   1.198868e-4   0.980785246   0.793597478
 14.48291764  -2.019868584   1.212098e-4   0.980524145   0.795162980
 14.64100784  -2.041916725   1.225329e-4   0.980255827   0.796146365
 14.79909803  -2.063964867   1.238560e-4   0.979980007   0.796394438
 14.95718823  -2.086013008   1.251791e-4   0.979696371   0.795780527
 15.11527842  -2.108061150   1.265022e-4   0.979404581   0.794367811
 15.27336862  -2.130109291   1.278252e-4   0.979104264   0.792328569
 15.43145881  -2.152157433   1.291483e-4   0.978795020   0.789797054
 15.58954900  -2.174205574   1.304714e-4   0.978476411   0.786863646
 15.74763920  -2.196253716   1.317945e-4   0.978147962   0.783592383
 15.90572939  -2.218301857   1.331176e-4   0.977809157   0.780031027
 16.06381959  -2.240349998   1.344407e-4   0.977459432   0.776216621
 16.22190978  -2.262398140   1.357637e-4   0.977098177   0.772178757
 16.37999998  -2.284446281   1.370868e-4   0.976724724   0.767941627
 16.53809017  -2.306494423   1.384099e-4   0.976338344   0.763525371
 16.69618036  -2.328542564   1.397330e-4   0.975938240   0.758947013
 16.85427056  -2.350590706   1.410561e-4   0.975523540   0.754221119
 17.01236075  -2.372638847   1.423791e-4   0.975093286   0.749360285
 17.17045095  -2.394686989   1.437022e-4   0.974646425   0.744375502
 17.32854114  -2.416735130   1.450253e-4   0.974181795   0.739276435
 17.48663134  -2.438783272   1.463484e-4   0.973698115   0.734071642
 17.64472153  -2.460831413   1.476715e-4   0.973193962   0.728768750
 17.80281172  -2.482879554   1.489946e-4   0.972667758   0.723374585
 17.96090192  -2.504927696   1.503176e-4   0.972117743   0.717895296
 18.11899211  -2.526975837   1.516407e-4   0.971541948   0.712336440
 18.27708231  -2.549023979   1.529638e-4   0.970938164   0.706703060
 18.43517250  -2.571072120   1.542869e-4   0.970303903   0.700999752
 18.59326270  -2.593120262   1.556100e-4   0.969636351   0.695230717
 18.75135289  -2.615168403   1.569330e-4   0.968932308   0.689399806
 18.90944308  -2.637216545   1.582561e-4   0.968188124   0.683510563
 19.06753328  -2.659264686   1.595792e-4   0.967399605   0.677566253
 19.22562347  -2.681312827   1.609023e-4   0.966561916   0.671569896
 19.38371367  -2.703360969   1.622254e-4   0.965669438   0.665524292
 19.54180386  -2.725409110   1.635485e-4   0.964715602   0.659432040
 19.69989406  -2.747457252   1.648715e-4   0.963692674   0.653295558
 19.85798425  -2.769505393   1.661946e-4   0.962591467   0.647117102
 20.01607444  -2.791553535   1.675177e-4   0.961400978   0.640898782
 20.17416464  -2.813601676   1.688408e-4   0.960107893   0.634642571
 20.33225483  -2.835649818   1.701639e-4   0.958695925   0.628350319
 20.49034503  -2.857697959   1.714869e-4   0.957144897   0.622023765
 20.64843522  -2.879746101   1.728100e-4   0.955429460   0.615664546
 20.80652542  -2.901794242   1.741331e-4   0.953517252   0.609274202
 20.96461561  -2.923842383   1.754562e-4   0.951366186   0.602854190
 21.12270580  -2.945890525   1.767793e-4   0.948920329   0.596405885
 21.28079600  -2.967938666   1.781024e-4   0.946103444   0.589930590
 21.43888619  -2.989986808   1.794254e-4   0.942808405   0.583429539
 21.59697639  -3.012034949   1.807485e-4   0.938879013   0.576903905
 21.75506658  -3.034083091   1.820716e-4   0.934076804   0.570354803
 21.91315678  -3.056131232   1.833947e-4   0.928015723   0.563783295
 22.07124697  -3.078179374   1.847178e-4   0.920020518   0.557190392
 22.22933716  -3.100227515   1.860409e-4   0.908777737   0.550577063
 22.38742736  -3.122275657   1.873639e-4   0.891310705   0.543944230
 22.54551755  -3.144323798   1.886870e-4   0.859195638   0.537292780
 22.70360775  -3.166371939   1.900101e-4   0.785210569   0.530623563
 22.86169794  -3.188420081   1.913332e-4   0.665933348   0.523937393
 23.01978814  -3.210468222   1.926563e-4   0.572877009   0.517235057
 23.17787833  -3.232516364   1.939793e-4   0.506468357   0.510517310
 23.33596852  -3.254564505   1.953024e-4   0.455971957   0.503784882
 23.49405872  -3.276612647   1.966255e-4   0.415658052   0.497038481
 23.65214891  -3.298660788   1.979486e-4   0.382377826   0.490278790
 23.81023911  -3.320708930   1.992717e-4   0.354237995   0.483506473
 23.96832930  -3.342757071   2.005948e-4   0.330013773   0.476722175
 24.12641950  -3.364805213   2.019178e-4   0.308867181   0.469926526
 24.28450969  -3.386853354   2.032409e-4   0.290199471   0.463120140
 24.44259988  -3.408901495   2.045640e-4   0.273567876   0.456303618
 24.60069008  -3.430949637   2.058871e-4   0.258635755   0.449477550
 24.75878027  -3.452997778   2.072102e-4   0.245141229   0.442642517
 24.91687047  -3.475045920   2.085332e-4   0.232876634   0.435799091
 25.07496066  -3.497094061   2.098563e-4   0.221674592   0.428947838
 25.23305086  -3.519142203   2.111794e-4   0.211398291   0.422089319
 25.39114105  -3.541190344   2.125025e-4   0.201934534   0.415224093
 25.54923124  -3.563238486   2.138256e-4   0.193188658   0.408352718
 25.70732144  -3.585286627   2.151487e-4   0.185080745   0.401475754
 25.86541163  -3.607334769   2.164717e-4   0.177542756   0.394593763
 26.02350183  -3.629382910   2.177948e-4   0.170516327   0.387707314
 26.18159202  -3.651431051   2.191179e-4   0.163951051   0.380816982
 26.33968222  -3.673479193   2.204410e-4   0.157803123   0.373923355
 26.49777241  -3.695527334   2.217641e-4   0.152034258   0.367027035
 26.65586260  -3.717575476   2.230871e-4   0.146610828   0.360128639
 26.81395280  -3.739623617   2.244102e-4   0.141503151   0.353228809
 26.97204299  -3.761671759   2.257333e-4   0.136684915   0.346328210
 27.13013319  -3.783719900   2.270564e-4   0.132132702   0.339427537
 27.28822338  -3.805768042   2.283795e-4   0.127825588   0.332527526
 27.44631358  -3.827816183   2.297026e-4   0.123744818   0.325628952
 27.60440377  -3.849864325   2.310256e-4   0.119873519   0.318732646
 27.76249396  -3.871912466   2.323487e-4   0.116196472   0.311839501
 27.92058416  -3.893960607   2.336718e-4   0.112699906   0.304950482
 28.07867435  -3.916008749   2.349949e-4   0.109371326   0.298066646
 28.23676455  -3.938056890   2.363180e-4   0.106199373   0.291189158
 28.39485474  -3.960105032   2.376410e-4   0.103173686   0.284319316
 28.55294494  -3.982153173   2.389641e-4   0.100284801   0.277458578
 28.71103513  -4.004201315   2.402872e-4   0.097524052   0.270608604
 28.86912532  -4.026249456   2.416103e-4   0.094883487   0.263771310
 29.02721552  -4.048297598   2.429334e-4   0.092355797   0.256948931
 29.18530571  -4.070345739   2.442565e-4   0.089934249   0.250144125
 29.34339591  -4.092393880   2.455795e-4   0.087612632   0.243360105
 29.50148610  -4.114442022   2.469026e-4   0.085385207   0.236600841
 29.65957630  -4.136490163   2.482257e-4   0.083246660   0.229871362
 29.81766649  -4.158538305   2.495488e-4   0.081192069   0.223178237
 29.97575668  -4.180586446   2.508719e-4   0.079216861   0.216530366
 30.13384688  -4.202634588   2.521949e-4   0.077316786   0.209940384
 30.29193707  -4.224682729   2.535180e-4   0.075487888   0.203427268
 30.45002727  -4.246730871   2.548411e-4   0.073726481   0.197021350
 30.60811746  -4.268779012   2.561642e-4   0.072029124   0.190772435
 30.76620766  -4.290827154   2.574873e-4   0.070392601   0.184750169
 30.92429785  -4.312875295   2.588104e-4   0.068813906   0.179014325
 31.08238805  -4.334923436   2.601334e-4   0.067290223   0.173582846
 31.24047824  -4.356971578   2.614565e-4   0.065818913   0.168445892
 31.39856843  -4.379019719   2.627796e-4   0.064397500   0.163583965
 31.55665863  -4.401067861   2.641027e-4   0.063023656   0.158975906
 31.71474882  -4.423116002   2.654258e-4   0.061695195   0.154601544
 31.87283902  -4.445164144   2.667488e-4   0.060410060   0.150442447
 32.03092921  -4.467212285   2.680719e-4   0.059166312   0.146482017
 32.18901941  -4.489260427   2.693950e-4   0.057962123   0.142705372
 32.34710960  -4.511308568   2.707181e-4   0.056795770   0.139099174
 32.50519979  -4.533356710   2.720412e-4   0.055665626   0.135651438
 32.66328999  -4.555404851   2.733643e-4   0.054570151   0.132351371
 32.82138018  -4.577452992   2.746873e-4   0.053507893   0.129189216
 32.97947038  -4.599501134   2.760104e-4   0.052477473   0.126156129
 33.13756057  -4.621549275   2.773335e-4   0.051477590   0.123244066
 33.29565077  -4.643597417   2.786566e-4   0.050507006   0.120445692
 33.45374096  -4.665645558   2.799797e-4   0.049564551   0.117754292
 33.61183115  -4.687693700   2.813027e-4   0.048649113   0.115163712
 33.76992135  -4.709741841   2.826258e-4   0.047759635   0.112668288
 33.92801154  -4.731789983   2.839489e-4   0.046895115   0.110262802
 34.08610174  -4.753838124   2.852720e-4   0.046054600   0.107942432
 34.24419193  -4.775886266   2.865951e-4   0.045237181   0.105702715
 34.40228213  -4.797934407   2.879182e-4   0.044441995   0.103539510
 34.56037232  -4.819982548   2.892412e-4   0.043668219   0.101448968
 34.71846251  -4.842030690   2.905643e-4   0.042915070   0.099427508
 34.87655271  -4.864078831   2.918874e-4   0.042181800   0.097471788
 35.03464290  -4.886126973   2.932105e-4   0.041467697   0.095578688
 35.19273310  -4.908175114   2.945336e-4   0.040772080   0.093745290
 35.35082329  -4.930223256   2.958566e-4   0.040094300   0.091968861
 35.50891349  -4.952271397   2.971797e-4   0.039433735   0.090246835
 35.66700368  -4.974319539   2.985028e-4   0.038789793   0.088576806
 35.82509387  -4.996367680   2.998259e-4   0.038161906   0.086956508
 35.98318407  -5.018415822   3.011490e-4   0.037549532   0.085383811
 36.14127426  -5.040463963   3.024721e-4   0.036952150   0.083856706
 36.29936446  -5.062512104   3.037951e-4   0.036369265   0.082373298
 36.45745465  -5.084560246   3.051182e-4   0.035800399   0.080931798
 36.61554485  -5.106608387   3.064413e-4   0.035245096   0.079530515
 36.77363504  -5.128656529   3.077644e-4   0.034702918   0.078167847
 36.93172523  -5.150704670   3.090875e-4   0.034173446   0.076842279
 37.08981543  -5.172752812   3.104106e-4   0.033656276   0.075552376
 37.24790562  -5.194800953   3.117336e-4   0.033151021   0.074296774
 37.40599582  -5.216849095   3.130567e-4   0.032657312   0.073074180
 37.56408601  -5.238897236   3.143798e-4   0.032174790   0.071883366
 37.72217621  -5.260945378   3.157029e-4   0.031703114   0.070723162
 37.88026640  -5.282993519   3.170260e-4   0.031241954   0.069592457
 38.03835659  -5.305041660   3.183490e-4   0.030790994   0.068490193
 38.19644679  -5.327089802   3.196721e-4   0.030349927   0.067415361
 38.35453698  -5.349137943   3.209952e-4   0.029918463   0.066367000
 38.51262718  -5.371186085   3.223183e-4   0.029496318   0.065344192
 38.67071737  -5.393234226   3.236414e-4   0.029083221   0.064346063
 38.82880757  -5.415282368   3.249645e-4   0.028678909   0.063371777
 38.98689776  -5.437330509   3.262875e-4   0.028283132   0.062420534
 39.14498795  -5.459378651   3.276106e-4   0.027895646   0.061491570
 39.30307815  -5.481426792   3.289337e-4   0.027516217   0.060584155
 39.46116834  -5.503474933   3.302568e-4   0.027144618   0.059697589
 39.61925854  -5.525523075   3.315799e-4   0.026780633   0.058831202
 39.77734873  -5.547571216   3.329029e-4   0.026424051   0.057984352
 39.93543893  -5.569619358   3.342260e-4   0.026074668   0.057156424
 40.09352912  -5.591667499   3.355491e-4   0.025732290   0.056346827
 40.25161931  -5.613715641   3.368722e-4   0.025396727   0.055554996
 40.40970951  -5.635763782   3.381953e-4   0.025067796   0.054780387
 40.56779970  -5.657811924   3.395184e-4   0.024745321   0.054022478
 40.72588990  -5.679860065   3.408414e-4   0.024429131   0.053280768
 40.88398009  -5.701908207   3.421645e-4   0.024119061   0.052554774
 41.04207029  -5.723956348   3.434876e-4   0.023814952   0.051844033
 41.20016048  -5.746004489   3.448107e-4   0.023516650   0.051148099
 41.35825067  -5.768052631   3.461338e-4   0.023224006   0.050466543
 41.51634087  -5.790100772   3.474568e-4   0.022936874   0.049798953
 41.67443106  -5.812148914   3.487799e-4   0.022655116   0.049144931
 41.83252126  -5.834197055   3.501030e-4   0.022378596   0.048504093
 41.99061145  -5.856245197   3.514261e-4   0.022107184   0.047876070
 42.14870165  -5.878293338   3.527492e-4   0.021840752   0.047260506
 42.30679184  -5.900341480   3.540723e-4   0.021579177   0.046657059
 42.46488203  -5.922389621   3.553953e-4   0.021322341   0.046065397
 42.62297223  -5.944437763   3.567184e-4   0.021070128   0.045485200
 42.78106242  -5.966485904   3.580415e-4   0.020822426   0.044916161
 42.93915262  -5.988534045   3.593646e-4   0.020579127   0.044357980
 43.09724281  -6.010582187   3.606877e-4   0.020340126   0.043810372
 43.25533301  -6.032630328   3.620107e-4   0.020105321   0.043273057
 43.41342320  -6.054678470   3.633338e-4   0.019874613   0.042745766
 43.57151339  -6.076726611   3.646569e-4   0.019647905   0.042228242
 43.72960359  -6.098774753   3.659800e-4   0.019425105   0.041720231
 43.88769378  -6.120822894   3.673031e-4   0.019206122   0.041221491
 44.04578398  -6.142871036   3.686262e-4   0.018990869   0.040731788
 44.20387417  -6.164919177   3.699492e-4   0.018779259   0.040250892
 44.36196437  -6.186967319   3.712723e-4   0.018571211   0.039778586
 44.52005456  -6.209015460   3.725954e-4   0.018366644   0.039314654
 44.67814475  -6.231063601   3.739185e-4   0.018165480   0.038858890
 44.83623495  -6.253111743   3.752416e-4   0.017967643   0.038411094
 44.99432514  -6.275159884   3.765646e-4   0.017773058   0.037971072
 45.15241534  -6.297208026   3.778877e-4   0.017581655   0.037538637
 45.31050553  -6.319256167   3.792108e-4   0.017393363   0.037113604
 45.46859573  -6.341304309   3.805339e-4   0.017208114   0.036695798
 45.62668592  -6.363352450   3.818570e-4   0.017025843   0.036285047
 45.78477611  -6.385400592   3.831801e-4   0.016846486   0.035881184
 45.94286631  -6.407448733   3.845031e-4   0.016669980   0.035484048
 46.10095650  -6.429496875   3.858262e-4   0.016496263   0.035093482
 46.25904670  -6.451545016   3.871493e-4   0.016325278   0.034709333
 46.41713689  -6.473593157   3.884724e-4   0.016156966   0.034331453
 46.57522709  -6.495641299   3.897955e-4   0.015991272   0.033959698
 46.73331728  -6.517689440   3.911185e-4   0.015828141   0.033593929
 46.89140747  -6.539737582   3.924416e-4   0.015667519   0.033234009
 47.04949767  -6.561785723   3.937647e-4   0.015509356   0.032879807
 47.20758786  -6.583833865   3.950878e-4   0.015353600   0.032531194
 47.36567806  -6.605882006   3.964109e-4   0.015200202   0.032188045
 47.52376825  -6.627930148   3.977340e-4   0.015049115   0.031850238
 47.68185845  -6.649978289   3.990570e-4   0.014900292   0.031517655
 47.83994864  -6.672026430   4.003801e-4   0.014753688   0.031190180
 47.99803883  -6.694074572   4.017032e-4   0.014609258   0.030867702
 48.15612903  -6.716122713   4.030263e-4   0.014466959   0.030550112
 48.31421922  -6.738170855   4.043494e-4   0.014326748   0.030237302
 48.47230942  -6.760218996   4.056724e-4   0.014188586   0.029929168
 48.63039961  -6.782267138   4.069955e-4   0.014052431   0.029625611
 48.78848981  -6.804315279   4.083186e-4   0.013918246   0.029326530
 48.94658000  -6.826363421   4.096417e-4   0.013785990   0.029031830
 49.10467019  -6.848411562   4.109648e-4   0.013655628   0.028741417
 49.26276039  -6.870459704   4.122879e-4   0.013527124   0.028455200
 49.42085058  -6.892507845   4.136109e-4   0.013400441   0.028173088
 49.57894078  -6.914555986   4.149340e-4   0.013275545   0.027894995
 49.73703097  -6.936604128   4.162571e-4   0.013152402   0.027620835
 49.89512117  -6.958652269   4.175802e-4   0.013030980   0.027350524
 50.05321136  -6.980700411   4.189033e-4   0.012911246   0.027083983
 50.21130155  -7.002748552   4.202264e-4   0.012793169   0.026821129
 50.36939175  -7.024796694   4.215494e-4   0.012676718   0.026561886
 50.52748194  -7.046844835   4.228725e-4   0.012561863   0.026306178
 50.68557214  -7.068892977   4.241956e-4   0.012448575   0.026053929
 50.84366233  -7.090941118   4.255187e-4   0.012336825   0.025805066
 51.00175253  -7.112989260   4.268418e-4   0.012226586   0.025559518
 51.15984272  -7.135037401   4.281648e-4   0.012117829   0.025317214
 51.31793291  -7.157085542   4.294879e-4   0.012010529   0.025078085
 51.47602311  -7.179133684   4.308110e-4   0.011904659   0.024842063
 51.63411330  -7.201181825   4.321341e-4   0.011800194   0.024609082
 51.79220350  -7.223229967   4.334572e-4   0.011697109   0.024379076
 51.95029369  -7.245278108   4.347803e-4   0.011595379   0.024151980
 52.10838389  -7.267326250   4.361033e-4   0.011494981   0.023927732
 52.26647408  -7.289374391   4.374264e-4   0.011395891   0.023706269
 52.42456427  -7.311422533   4.387495e-4   0.011298086   0.023487528
 52.58265447  -7.333470674   4.400726e-4   0.011201544   0.023271450
 52.74074466  -7.355518816   4.413957e-4   0.011106244   0.023057973
 52.89883486  -7.377566957   4.427187e-4   0.011012164   0.022847039
 53.05692505  -7.399615098   4.440418e-4   0.010919283   0.022638588
 53.21501525  -7.421663240   4.453649e-4   0.010827580   0.022432562
 53.37310544  -7.443711381   4.466880e-4   0.010737037   0.022228903
 53.53119563  -7.465759523   4.480111e-4   0.010647632   0.022027552
 53.68928583  -7.487807664   4.493342e-4   0.010559347   0.021828452
 53.84737602  -7.509855806   4.506572e-4   0.010472163   0.021631545
 54.00546622  -7.531903947   4.519803e-4   0.010386063   0.021436773
 54.16355641  -7.553952089   4.533034e-4   0.010301027   0.021244079
 54.32164661  -7.576000230   4.546265e-4   0.010217038   0.021053404
 54.47973680  -7.598048372   4.559496e-4   0.010134079   0.020864689
 54.63782699  -7.620096513   4.572726e-4   0.010052133   0.020677874
 54.79591719  -7.642144654   4.585957e-4   0.009971184   0.020492900
 54.95400738  -7.664192796   4.599188e-4   0.009891215   0.020309704
 55.11209758  -7.686240937   4.612419e-4   0.009812211   0.020128224
 55.27018777  -7.708289079   4.625650e-4   0.009734155   0.019948394
 55.42827797  -7.730337220   4.638881e-4   0.009657034   0.019770148
 55.58636816  -7.752385362   4.652111e-4   0.009580831   0.019593417
 55.74445835  -7.774433503   4.665342e-4   0.009505532   0.019418128
 55.90254855  -7.796481645   4.678573e-4   0.009431123   0.019244206
 56.06063874  -7.818529786   4.691804e-4   0.009357590   0.019071570
 56.21872894  -7.840577928   4.705035e-4   0.009284919   0.018900135
 56.37681913  -7.862626069   4.718265e-4   0.009213096   0.018729811
 56.53490933  -7.884674210   4.731496e-4   0.009142108   0.018560497
 56.69299952  -7.906722352   4.744727e-4   0.009071943   0.018392087
 56.85108971  -7.928770493   4.757958e-4   0.009002587   0.018224462
 57.00917991  -7.950818635   4.771189e-4   0.008934029   0.018057489
 57.16727010  -7.972866776   4.784420e-4   0.008866255   0.017891019
 57.32536030  -7.994914918   4.797650e-4   0.008799254   0.017724882
 57.48345049  -8.016963059   4.810881e-4   0.008733014   0.017558878
 57.64154069  -8.039011201   4.824112e-4   0.008667523   0.017392770
 57.79963088  -8.061059342   4.837343e-4   0.008602771   0.017226274
 57.95772107  -8.083107483   4.850574e-4   0.008538745   0.017059030
 58.11581127  -8.105155625   4.863804e-4   0.008475436   0.016890579
 58.27390146  -8.127203766   4.877035e-4   0.008412833   0.016720297
 58.43199166  -8.149251908   4.890266e-4   0.008350924   0.016547284
 58.59008185  -8.171300049   4.903497e-4   0.008289700   0.016370102
 58.74817205  -8.193348191   4.916728e-4   0.008229150   0.016185968
 58.90626224  -8.215396332   4.929959e-4   0.008169265   0.015985717
 59.06435243  -8.237444474   4.943189e-4   0.008110035   0.015776066
 59.22244263  -8.259492615   4.956420e-4   0.008051450   0.015567472
 59.38053282  -8.281540757   4.969651e-4   0.007993501   0.015360433
 59.53862302  -8.303588898   4.982882e-4   0.007936179   0.015155079
 59.69671321  -8.325637039   4.996113e-4   0.007879474   0.014951455
 59.85480341  -8.347685181   5.009343e-4   0.007823378   0.014749572
 60.01289360  -8.369733322   5.022574e-4   0.007767882   0.014549432
 60.17098379  -8.391781464   5.035805e-4   0.007712978   0.014351024
 60.32907399  -8.413829605   5.049036e-4   0.007658657   0.014154337
 60.48716418  -8.435877747   5.062267e-4   0.007604910   0.013959356
 60.64525438  -8.457925888   5.075498e-4   0.007551730   0.013766064
 60.80334457  -8.479974030   5.088728e-4   0.007499109   0.013574443
 60.96143477  -8.502022171   5.101959e-4   0.007447038   0.013384476
 61.11952496  -8.524070313   5.115190e-4   0.007395511   0.013196145
 61.27761515  -8.546118454   5.128421e-4   0.007344519   0.013009431
 61.43570535  -8.568166595   5.141652e-4   0.007294055   0.012824314
 61.59379554  -8.590214737   5.154882e-4   0.007244112   0.012640778
 61.75188574  -8.612262878   5.168113e-4   0.007194683   0.012458803
 61.90997593  -8.634311020   5.181344e-4   0.007145760   0.012278372
 62.06806613  -8.656359161   5.194575e-4   0.007097338   0.012099465
 62.22615632  -8.678407303   5.207806e-4   0.007049407   0.011922065
 62.38424651  -8.700455444   5.221037e-4   0.007001964   0.011746155
 62.54233671  -8.722503586   5.234267e-4   0.006954999   0.011571717
 62.70042690  -8.744551727   5.247498e-4   0.006908508   0.011398733
 62.85851710  -8.766599869   5.260729e-4   0.006862483   0.011227187
 63.01660729  -8.788648010   5.273960e-4   0.006816919   0.011057061
 63.17469749  -8.810696151   5.287191e-4   0.006771810   0.010888340
 63.33278768  -8.832744293   5.300421e-4   0.006727148   0.010721006
 63.49087788  -8.854792434   5.313652e-4   0.006682929   0.010555044
 63.64896807  -8.876840576   5.326883e-4   0.006639147   0.010390438
 63.80705826  -8.898888717   5.340114e-4   0.006595795   0.010227172
 63.96514846  -8.920936859   5.353345e-4   0.006552868   0.010065231
 64.12323865  -8.942985000   5.366576e-4   0.006510361   0.009904600
 64.28132885  -8.965033142   5.379806e-4   0.006468268   0.009745263
 64.43941904  -8.987081283   5.393037e-4   0.006426583   0.009587207
 64.59750924  -9.009129425   5.406268e-4   0.006385302   0.009430416
 64.75559943  -9.031177566   5.419499e-4   0.006344419   0.009274877
 64.91368962  -9.053225707   5.432730e-4   0.006303929   0.009120575
 65.07177982  -9.075273849   5.445961e-4   0.006263827   0.008967497
 65.22987001  -9.097321990   5.459191e-4   0.006224108   0.008815630
 65.38796021  -9.119370132   5.472422e-4   0.006184768   0.008664959
 65.54605040  -9.141418273   5.485653e-4   0.006145800   0.008515472
 65.70414060  -9.163466415   5.498884e-4   0.006107201   0.008367156
 65.86223079  -9.185514556   5.512115e-4   0.006068967   0.008219998
 66.02032098  -9.207562698   5.525345e-4   0.006031091   0.008073986
 66.17841118  -9.229610839   5.538576e-4   0.005993571   0.007929108
 66.33650137  -9.251658981   5.551807e-4   0.005956400   0.007785351
 66.49459157  -9.273707122   5.565038e-4   0.005919576   0.007642703
 66.65268176  -9.295755263   5.578269e-4   0.005883094   0.007501154