#XDI/1.1
# X-ray Monochromator Darwin Width from xrayweb  Wed Dec 10 08:19:08 2025
# Monochromator.xtal        : Si
# Monochromator.hkl         : 1 1 1
# Monochromator.polarization: 's'
# Monochromator.theta       : 17.403857 (deg)
# Monochromator.theta_width : 42.364524 (microrad)
# Monochromator.energy_width: 0.893364 (eV)
# Monochromator.theta_fwhm  : 44.934363 (microrad)
# Monochromator.rocking_fwhm: 60.581269 (microrad)
# Monochromator.energy_fwhm : 0.947556 (eV)
# Xray.Energy               : 6610 (eV)
# Column.1: dtheta (microrad)
# Column.2: denergy (eV)
# Column.3: zeta (delta_lambda / lambda)
# Column.4: intensity
# Column.5: rocking_curve
#---------------------
# {' '.join(array_names)}
-98.71451552   2.081648405  -3.149241e-4   0.005942401   0.008048835
-98.29087028   2.072714760  -3.135726e-4   0.005979438   0.008195621
-97.86722504   2.063781115  -3.122210e-4   0.006016823   0.008343366
-97.44357980   2.054847470  -3.108695e-4   0.006054562   0.008492080
-97.01993457   2.045913825  -3.095180e-4   0.006092658   0.008641767
-96.59628933   2.036980180  -3.081664e-4   0.006131116   0.008792437
-96.17264409   2.028046535  -3.068149e-4   0.006169941   0.008944095
-95.74899885   2.019112890  -3.054634e-4   0.006209138   0.009096750
-95.32535361   2.010179246  -3.041118e-4   0.006248710   0.009250408
-94.90170837   2.001245601  -3.027603e-4   0.006288664   0.009405075
-94.47806314   1.992311956  -3.014088e-4   0.006329004   0.009560759
-94.05441790   1.983378311  -3.000572e-4   0.006369735   0.009717466
-93.63077266   1.974444666  -2.987057e-4   0.006410863   0.009875202
-93.20712742   1.965511021  -2.973542e-4   0.006452391   0.010033974
-92.78348218   1.956577376  -2.960026e-4   0.006494326   0.010193786
-92.35983695   1.947643731  -2.946511e-4   0.006536673   0.010354644
-91.93619171   1.938710086  -2.932996e-4   0.006579438   0.010516554
-91.51254647   1.929776441  -2.919480e-4   0.006622625   0.010679519
-91.08890123   1.920842796  -2.905965e-4   0.006666241   0.010843545
-90.66525599   1.911909151  -2.892450e-4   0.006710291   0.011008634
-90.24161076   1.902975506  -2.878934e-4   0.006754781   0.011174790
-89.81796552   1.894041861  -2.865419e-4   0.006799717   0.011342015
-89.39432028   1.885108216  -2.851904e-4   0.006845106   0.011510310
-88.97067504   1.876174571  -2.838388e-4   0.006890952   0.011679676
-88.54702980   1.867240926  -2.824873e-4   0.006937262   0.011850111
-88.12338457   1.858307281  -2.811357e-4   0.006984043   0.012021616
-87.69973933   1.849373636  -2.797842e-4   0.007031301   0.012194185
-87.27609409   1.840439991  -2.784327e-4   0.007079043   0.012367814
-86.85244885   1.831506346  -2.770811e-4   0.007127275   0.012542497
-86.42880361   1.822572701  -2.757296e-4   0.007176003   0.012718225
-86.00515838   1.813639056  -2.743781e-4   0.007225236   0.012894987
-85.58151314   1.804705411  -2.730265e-4   0.007274980   0.013072768
-85.15786790   1.795771766  -2.716750e-4   0.007325241   0.013251551
-84.73422266   1.786838121  -2.703235e-4   0.007376028   0.013431313
-84.31057742   1.777904477  -2.689719e-4   0.007427348   0.013612030
-83.88693219   1.768970832  -2.676204e-4   0.007479207   0.013793669
-83.46328695   1.760037187  -2.662689e-4   0.007531615   0.013976192
-83.03964171   1.751103542  -2.649173e-4   0.007584578   0.014159553
-82.61599647   1.742169897  -2.635658e-4   0.007638104   0.014343694
-82.19235123   1.733236252  -2.622143e-4   0.007692202   0.014528550
-81.76870600   1.724302607  -2.608627e-4   0.007746880   0.014714038
-81.34506076   1.715368962  -2.595112e-4   0.007802146   0.014900058
-80.92141552   1.706435317  -2.581597e-4   0.007858009   0.015086493
-80.49777028   1.697501672  -2.568081e-4   0.007914477   0.015273194
-80.07412504   1.688568027  -2.554566e-4   0.007971559   0.015459988
-79.65047981   1.679634382  -2.541051e-4   0.008029264   0.015646662
-79.22683457   1.670700737  -2.527535e-4   0.008087601   0.015832968
-78.80318933   1.661767092  -2.514020e-4   0.008146580   0.016018621
-78.37954409   1.652833447  -2.500504e-4   0.008206210   0.016203317
-77.95589885   1.643899802  -2.486989e-4   0.008266501   0.016386767
-77.53225361   1.634966157  -2.473474e-4   0.008327463   0.016568740
-77.10860838   1.626032512  -2.459958e-4   0.008389105   0.016749121
-76.68496314   1.617098867  -2.446443e-4   0.008451438   0.016927930
-76.26131790   1.608165222  -2.432928e-4   0.008514472   0.017105309
-75.83767266   1.599231577  -2.419412e-4   0.008578218   0.017281481
-75.41402742   1.590297932  -2.405897e-4   0.008642687   0.017456705
-74.99038219   1.581364287  -2.392382e-4   0.008707889   0.017631244
-74.56673695   1.572430642  -2.378866e-4   0.008773837   0.017805354
-74.14309171   1.563496997  -2.365351e-4   0.008840541   0.017979269
-73.71944647   1.554563352  -2.351836e-4   0.008908013   0.018153201
-73.29580123   1.545629708  -2.338320e-4   0.008976266   0.018327342
-72.87215600   1.536696063  -2.324805e-4   0.009045310   0.018501864
-72.44851076   1.527762418  -2.311290e-4   0.009115159   0.018676925
-72.02486552   1.518828773  -2.297774e-4   0.009185826   0.018852665
-71.60122028   1.509895128  -2.284259e-4   0.009257322   0.019029213
-71.17757504   1.500961483  -2.270744e-4   0.009329662   0.019206688
-70.75392981   1.492027838  -2.257228e-4   0.009402858   0.019385198
-70.33028457   1.483094193  -2.243713e-4   0.009476924   0.019564846
-69.90663933   1.474160548  -2.230198e-4   0.009551875   0.019745727
-69.48299409   1.465226903  -2.216682e-4   0.009627725   0.019927929
-69.05934885   1.456293258  -2.203167e-4   0.009704487   0.020111538
-68.63570362   1.447359613  -2.189651e-4   0.009782177   0.020296633
-68.21205838   1.438425968  -2.176136e-4   0.009860810   0.020483293
-67.78841314   1.429492323  -2.162621e-4   0.009940401   0.020671591
-67.36476790   1.420558678  -2.149105e-4   0.010020966   0.020861599
-66.94112266   1.411625033  -2.135590e-4   0.010102521   0.021053386
-66.51747743   1.402691388  -2.122075e-4   0.010185083   0.021247020
-66.09383219   1.393757743  -2.108559e-4   0.010268668   0.021442567
-65.67018695   1.384824098  -2.095044e-4   0.010353293   0.021640093
-65.24654171   1.375890453  -2.081529e-4   0.010438977   0.021839662
-64.82289647   1.366956808  -2.068013e-4   0.010525735   0.022041336
-64.39925124   1.358023163  -2.054498e-4   0.010613588   0.022245180
-63.97560600   1.349089518  -2.040983e-4   0.010702553   0.022451255
-63.55196076   1.340155873  -2.027467e-4   0.010792650   0.022659624
-63.12831552   1.331222228  -2.013952e-4   0.010883897   0.022870349
-62.70467028   1.322288584  -2.000437e-4   0.010976315   0.023083492
-62.28102504   1.313354939  -1.986921e-4   0.011069924   0.023299115
-61.85737981   1.304421294  -1.973406e-4   0.011164745   0.023517282
-61.43373457   1.295487649  -1.959891e-4   0.011260799   0.023738054
-61.01008933   1.286554004  -1.946375e-4   0.011358106   0.023961497
-60.58644409   1.277620359  -1.932860e-4   0.011456691   0.024187673
-60.16279885   1.268686714  -1.919344e-4   0.011556575   0.024416647
-59.73915362   1.259753069  -1.905829e-4   0.011657780   0.024648486
-59.31550838   1.250819424  -1.892314e-4   0.011760332   0.024883254
-58.89186314   1.241885779  -1.878798e-4   0.011864254   0.025121020
-58.46821790   1.232952134  -1.865283e-4   0.011969570   0.025361852
-58.04457266   1.224018489  -1.851768e-4   0.012076307   0.025605819
-57.62092743   1.215084844  -1.838252e-4   0.012184489   0.025852990
-57.19728219   1.206151199  -1.824737e-4   0.012294144   0.026103439
-56.77363695   1.197217554  -1.811222e-4   0.012405298   0.026357237
-56.34999171   1.188283909  -1.797706e-4   0.012517979   0.026614459
-55.92634647   1.179350264  -1.784191e-4   0.012632215   0.026875181
-55.50270124   1.170416619  -1.770676e-4   0.012748036   0.027139479
-55.07905600   1.161482974  -1.757160e-4   0.012865471   0.027407432
-54.65541076   1.152549329  -1.743645e-4   0.012984551   0.027679121
-54.23176552   1.143615684  -1.730130e-4   0.013105306   0.027954627
-53.80812028   1.134682039  -1.716614e-4   0.013227769   0.028234034
-53.38447505   1.125748394  -1.703099e-4   0.013351971   0.028517429
-52.96082981   1.116814749  -1.689584e-4   0.013477948   0.028804898
-52.53718457   1.107881104  -1.676068e-4   0.013605732   0.029096531
-52.11353933   1.098947459  -1.662553e-4   0.013735359   0.029392420
-51.68989409   1.090013815  -1.649038e-4   0.013866865   0.029692659
-51.26624886   1.081080170  -1.635522e-4   0.014000286   0.029997344
-50.84260362   1.072146525  -1.622007e-4   0.014135661   0.030306573
-50.41895838   1.063212880  -1.608491e-4   0.014273027   0.030620448
-49.99531314   1.054279235  -1.594976e-4   0.014412426   0.030939071
-49.57166790   1.045345590  -1.581461e-4   0.014553897   0.031262550
-49.14802267   1.036411945  -1.567945e-4   0.014697481   0.031590993
-48.72437743   1.027478300  -1.554430e-4   0.014843223   0.031924511
-48.30073219   1.018544655  -1.540915e-4   0.014991166   0.032263220
-47.87708695   1.009611010  -1.527399e-4   0.015141354   0.032607237
-47.45344171   1.000677365  -1.513884e-4   0.015293833   0.032956683
-47.02979648   0.991743720  -1.500369e-4   0.015448652   0.033311682
-46.60615124   0.982810075  -1.486853e-4   0.015605859   0.033672362
-46.18250600   0.973876430  -1.473338e-4   0.015765503   0.034038853
-45.75886076   0.964942785  -1.459823e-4   0.015927636   0.034411292
-45.33521552   0.956009140  -1.446307e-4   0.016092311   0.034789815
-44.91157028   0.947075495  -1.432792e-4   0.016259581   0.035174567
-44.48792505   0.938141850  -1.419277e-4   0.016429501   0.035565693
-44.06427981   0.929208205  -1.405761e-4   0.016602130   0.035963344
-43.64063457   0.920274560  -1.392246e-4   0.016777524   0.036367677
-43.21698933   0.911340915  -1.378731e-4   0.016955745   0.036778850
-42.79334409   0.902407270  -1.365215e-4   0.017136854   0.037197029
-42.36969886   0.893473625  -1.351700e-4   0.017320915   0.037622382
-41.94605362   0.884539980  -1.338185e-4   0.017507992   0.038055086
-41.52240838   0.875606335  -1.324669e-4   0.017698153   0.038495320
-41.09876314   0.866672690  -1.311154e-4   0.017891467   0.038943270
-40.67511790   0.857739046  -1.297638e-4   0.018088005   0.039399127
-40.25147267   0.848805401  -1.284123e-4   0.018287840   0.039863089
-39.82782743   0.839871756  -1.270608e-4   0.018491046   0.040335360
-39.40418219   0.830938111  -1.257092e-4   0.018697702   0.040816150
-38.98053695   0.822004466  -1.243577e-4   0.018907886   0.041305675
-38.55689171   0.813070821  -1.230062e-4   0.019121681   0.041804161
-38.13324648   0.804137176  -1.216546e-4   0.019339170   0.042311838
-37.70960124   0.795203531  -1.203031e-4   0.019560440   0.042828946
-37.28595600   0.786269886  -1.189516e-4   0.019785582   0.043355731
-36.86231076   0.777336241  -1.176000e-4   0.020014686   0.043892449
-36.43866552   0.768402596  -1.162485e-4   0.020247848   0.044439364
-36.01502029   0.759468951  -1.148970e-4   0.020485165   0.044996749
-35.59137505   0.750535306  -1.135454e-4   0.020726738   0.045564886
-35.16772981   0.741601661  -1.121939e-4   0.020972671   0.046144068
-34.74408457   0.732668016  -1.108424e-4   0.021223071   0.046734597
-34.32043933   0.723734371  -1.094908e-4   0.021478049   0.047336786
-33.89679410   0.714800726  -1.081393e-4   0.021737718   0.047950961
-33.47314886   0.705867081  -1.067878e-4   0.022002195   0.048577456
-33.04950362   0.696933436  -1.054362e-4   0.022271603   0.049216621
-32.62585838   0.687999791  -1.040847e-4   0.022546066   0.049868816
-32.20221314   0.679066146  -1.027332e-4   0.022825713   0.050534416
-31.77856791   0.670132501  -1.013816e-4   0.023110678   0.051213811
-31.35492267   0.661198856  -1.000301e-4   0.023401099   0.051907402
-30.93127743   0.652265211  -9.867855e-5   0.023697119   0.052615610
-30.50763219   0.643331566  -9.732701e-5   0.023998883   0.053338868
-30.08398695   0.634397921  -9.597548e-5   0.024306546   0.054077629
-29.66034171   0.625464277  -9.462395e-5   0.024620262   0.054832363
-29.23669648   0.616530632  -9.327241e-5   0.024940197   0.055603557
-28.81305124   0.607596987  -9.192088e-5   0.025266516   0.056391720
-28.38940600   0.598663342  -9.056934e-5   0.025599396   0.057197380
-27.96576076   0.589729697  -8.921781e-5   0.025939015   0.058021087
-27.54211552   0.580796052  -8.786627e-5   0.026285560   0.058863415
-27.11847029   0.571862407  -8.651474e-5   0.026639225   0.059724960
-26.69482505   0.562928762  -8.516320e-5   0.027000208   0.060606345
-26.27117981   0.553995117  -8.381167e-5   0.027368718   0.061508219
-25.84753457   0.545061472  -8.246013e-5   0.027744969   0.062431259
-25.42388933   0.536127827  -8.110860e-5   0.028129183   0.063376172
-25.00024410   0.527194182  -7.975706e-5   0.028521591   0.064343696
-24.57659886   0.518260537  -7.840553e-5   0.028922433   0.065334602
-24.15295362   0.509326892  -7.705399e-5   0.029331957   0.066349698
-23.72930838   0.500393247  -7.570246e-5   0.029750419   0.067389825
-23.30566314   0.491459602  -7.435092e-5   0.030178089   0.068455869
-22.88201791   0.482525957  -7.299939e-5   0.030615243   0.069548752
-22.45837267   0.473592312  -7.164785e-5   0.031062170   0.070669443
-22.03472743   0.464658667  -7.029632e-5   0.031519170   0.071818958
-21.61108219   0.455725022  -6.894478e-5   0.031986554   0.072998363
-21.18743695   0.446791377  -6.759325e-5   0.032464647   0.074208776
-20.76379172   0.437857732  -6.624171e-5   0.032953785   0.075451372
-20.34014648   0.428924087  -6.489018e-5   0.033454319   0.076727385
-19.91650124   0.419990442  -6.353864e-5   0.033966615   0.078038116
-19.49285600   0.411056797  -6.218711e-5   0.034491052   0.079384931
-19.06921076   0.402123152  -6.083558e-5   0.035028026   0.080769271
-18.64556553   0.393189508  -5.948404e-5   0.035577950   0.082192657
-18.22192029   0.384255863  -5.813251e-5   0.036141254   0.083656689
-17.79827505   0.375322218  -5.678097e-5   0.036718387   0.085163062
-17.37462981   0.366388573  -5.542944e-5   0.037309816   0.086713565
-16.95098457   0.357454928  -5.407790e-5   0.037916030   0.088310091
-16.52733934   0.348521283  -5.272637e-5   0.038537540   0.089954645
-16.10369410   0.339587638  -5.137483e-5   0.039174877   0.091649354
-15.68004886   0.330653993  -5.002330e-5   0.039828599   0.093396472
-15.25640362   0.321720348  -4.867176e-5   0.040499288   0.095198396
-14.83275838   0.312786703  -4.732023e-5   0.041187553   0.097057674
-14.40911315   0.303853058  -4.596869e-5   0.041894031   0.098977022
-13.98546791   0.294919413  -4.461716e-5   0.042619389   0.100959332
-13.56182267   0.285985768  -4.326562e-5   0.043364327   0.103007693
-13.13817743   0.277052123  -4.191409e-5   0.044129577   0.105125410
-12.71453219   0.268118478  -4.056255e-5   0.044915907   0.107316016
-12.29088695   0.259184833  -3.921102e-5   0.045724124   0.109583305
-11.86724172   0.250251188  -3.785948e-5   0.046555072   0.111931348
-11.44359648   0.241317543  -3.650795e-5   0.047409642   0.114364527
-11.01995124   0.232383898  -3.515641e-5   0.048288766   0.116887563
-10.59630600   0.223450253  -3.380488e-5   0.049193427   0.119505555
-10.17266076   0.214516608  -3.245334e-5   0.050124658   0.122224021
-9.749015527   0.205582963  -3.110181e-5   0.051083546   0.125048944
-9.325370289   0.196649318  -2.975028e-5   0.052071239   0.127986827
-8.901725050   0.187715673  -2.839874e-5   0.053088942   0.131044753
-8.478079812   0.178782028  -2.704721e-5   0.054137932   0.134230460
-8.054434574   0.169848383  -2.569567e-5   0.055219552   0.137552422
-7.630789336   0.160914739  -2.434414e-5   0.056335224   0.141019941
-7.207144098   0.151981094  -2.299260e-5   0.057486450   0.144643263
-6.783498860   0.143047449  -2.164107e-5   0.058674819   0.148433697
-6.359853622   0.134113804  -2.028953e-5   0.059902013   0.152403761
-5.936208384   0.125180159  -1.893800e-5   0.061169814   0.156567330
-5.512563146   0.116246514  -1.758646e-5   0.062480113   0.160939788
-5.088917908   0.107312869  -1.623493e-5   0.063834915   0.165538147
-4.665272670   0.098379224  -1.488339e-5   0.065236352   0.170381031
-4.241627432   0.089445579  -1.353186e-5   0.066686690   0.175488320
-3.817982194   0.080511934  -1.218032e-5   0.068188339   0.180879827
-3.394336956   0.071578289  -1.082879e-5   0.069743868   0.186571370
-2.970691718   0.062644644  -9.477253e-6   0.071356017   0.192564289
-2.547046480   0.053710999  -8.125718e-6   0.073027708   0.198825722
-2.123401242   0.044777354  -6.774184e-6   0.074762066   0.205286023
-1.699756004   0.035843709  -5.422649e-6   0.076562434   0.211873436
-1.276110766   0.026910064  -4.071114e-6   0.078432390   0.218539964
-0.852465528   0.017976419  -2.719579e-6   0.080375772   0.225256588
-0.428820289   0.009042774  -1.368045e-6   0.082396703   0.232005152
-0.005175051   1.091292e-4  -1.650971e-8   0.084499613   0.238773596
 0.418470187  -0.008824516   1.335025e-6   0.086689270   0.245553460
 0.842115425  -0.017758161   2.686560e-6   0.088970819   0.252338537
 1.265760663  -0.026691806   4.038095e-6   0.091349809   0.259124098
 1.689405901  -0.035625451   5.389629e-6   0.093832245   0.265906427
 2.113051139  -0.044559096   6.741164e-6   0.096424629   0.272682528
 2.536696377  -0.053492741   8.092699e-6   0.099134017   0.279449925
 2.960341615  -0.062426386   9.444234e-6   0.101968075   0.286206534
 3.383986853  -0.071360030   1.079577e-5   0.104935156   0.292950565
 3.807632091  -0.080293675   1.214730e-5   0.108044370   0.299680457
 4.231277329  -0.089227320   1.349884e-5   0.111305680   0.306394827
 4.654922567  -0.098160965   1.485037e-5   0.114730001   0.313092434
 5.078567805  -0.107094610   1.620191e-5   0.118329324   0.319772148
 5.502213043  -0.116028255   1.755344e-5   0.122116851   0.326432929
 5.925858281  -0.124961900   1.890498e-5   0.126107157   0.333073809
 6.349503519  -0.133895545   2.025651e-5   0.130316374   0.339693878
 6.773148757  -0.142829190   2.160805e-5   0.134762417   0.346292271
 7.196793995  -0.151762835   2.295958e-5   0.139465238   0.352868163
 7.620439234  -0.160696480   2.431112e-5   0.144447134   0.359420754
 8.044084472  -0.169630125   2.566265e-5   0.149733116   0.365949269
 8.467729710  -0.178563770   2.701419e-5   0.155351347   0.372452949
 8.891374948  -0.187497415   2.836572e-5   0.161333672   0.378931046
 9.315020186  -0.196431060   2.971726e-5   0.167716267   0.385382821
 9.738665424  -0.205364705   3.106879e-5   0.174540431   0.391807538
 10.16231066  -0.214298350   3.242033e-5   0.181853565   0.398204463
 10.58595590  -0.223231995   3.377186e-5   0.189710403   0.404572858
 11.00960114  -0.232165640   3.512339e-5   0.198174550   0.410911980
 11.43324638  -0.241099285   3.647493e-5   0.207320465   0.417221079
 11.85689161  -0.250032930   3.782646e-5   0.217236006   0.423499396
 12.28053685  -0.258966575   3.917800e-5   0.228025781   0.429746157
 12.70418209  -0.267900220   4.052953e-5   0.239815605   0.435960578
 13.12782733  -0.276833865   4.188107e-5   0.252758540   0.442141853
 13.55147257  -0.285767510   4.323260e-5   0.267043267   0.448289163
 13.97511780  -0.294701155   4.458414e-5   0.282905929   0.454401665
 14.39876304  -0.303634799   4.593567e-5   0.300647372   0.460478494
 14.82240828  -0.312568444   4.728721e-5   0.320659030   0.466518762
 15.24605352  -0.321502089   4.863874e-5   0.343463272   0.472521555
 15.66969876  -0.330435734   4.999028e-5   0.369779140   0.478485927
 16.09334399  -0.339369379   5.134181e-5   0.400635399   0.484410904
 16.51698923  -0.348303024   5.269335e-5   0.437578105   0.490295478
 16.94063447  -0.357236669   5.404488e-5   0.483082558   0.496138608
 17.36427971  -0.366170314   5.539642e-5   0.541437395   0.501939212
 17.78792495  -0.375103959   5.674795e-5   0.620560889   0.507696169
 18.21157018  -0.384037604   5.809949e-5   0.729391543   0.513408317
 18.63521542  -0.392971249   5.945102e-5   0.823374986   0.519074446
 19.05886066  -0.401904894   6.080256e-5   0.864283971   0.524693298
 19.48250590  -0.410838539   6.215409e-5   0.883457191   0.530263563
 19.90615114  -0.419772184   6.350563e-5   0.894322927   0.535783878
 20.32979638  -0.428705829   6.485716e-5   0.901212228   0.541252819
 20.75344161  -0.437639474   6.620869e-5   0.905877719   0.546668900
 21.17708685  -0.446573119   6.756023e-5   0.909164186   0.552030568
 21.60073209  -0.455506764   6.891176e-5   0.911531172   0.557336199
 22.02437733  -0.464440409   7.026330e-5   0.913251312   0.562584094
 22.44802257  -0.473374054   7.161483e-5   0.914497191   0.567772472
 22.87166780  -0.482307699   7.296637e-5   0.915383680   0.572899466
 23.29531304  -0.491241344   7.431790e-5   0.915990346   0.577963117
 23.71895828  -0.500174989   7.566944e-5   0.916374115   0.582961364
 24.14260352  -0.509108634   7.702097e-5   0.916576820   0.587892045
 24.56624876  -0.518042279   7.837251e-5   0.916629894   0.592752879
 24.98989399  -0.526975924   7.972404e-5   0.916557410   0.597541466
 25.41353923  -0.535909568   8.107558e-5   0.916378100   0.602255273
 25.83718447  -0.544843213   8.242711e-5   0.916106746   0.606891628
 26.26082971  -0.553776858   8.377865e-5   0.915755146   0.611447705
 26.68447495  -0.562710503   8.513018e-5   0.915332814   0.615920514
 27.10812018  -0.571644148   8.648172e-5   0.914847488   0.620306889
 27.53176542  -0.580577793   8.783325e-5   0.914305501   0.624603470
 27.95541066  -0.589511438   8.918479e-5   0.913712072   0.628806692
 28.37905590  -0.598445083   9.053632e-5   0.913071516   0.632912764
 28.80270114  -0.607378728   9.188786e-5   0.912387411   0.636917651
 29.22634637  -0.616312373   9.323939e-5   0.911662730   0.640817051
 29.64999161  -0.625246018   9.459093e-5   0.910899942   0.644606373
 30.07363685  -0.634179663   9.594246e-5   0.910101090   0.648280711
 30.49728209  -0.643113308   9.729400e-5   0.909267861   0.651834815
 30.92092733  -0.652046953   9.864553e-5   0.908401634   0.655263055
 31.34457256  -0.660980598   9.999706e-5   0.907503521   0.658559392
 31.76821780  -0.669914243   1.013486e-4   0.906574406   0.661717331
 32.19186304  -0.678847888   1.027001e-4   0.905614969   0.664729884
 32.61550828  -0.687781533   1.040517e-4   0.904625709   0.667589517
 33.03915352  -0.696715178   1.054032e-4   0.903606964   0.670288103
 33.46279875  -0.705648823   1.067547e-4   0.902558924   0.672816859
 33.88644399  -0.714582468   1.081063e-4   0.901481645   0.675166293
 34.31008923  -0.723516113   1.094578e-4   0.900375060   0.677326136
 34.73373447  -0.732449758   1.108093e-4   0.899238981   0.679285288
 35.15737971  -0.741383403   1.121609e-4   0.898073113   0.681031759
 35.58102494  -0.750317048   1.135124e-4   0.896877051   0.682552630
 36.00467018  -0.759250693   1.148639e-4   0.895650288   0.683834048
 36.42831542  -0.768184337   1.162155e-4   0.894392215   0.684861261
 36.85196066  -0.777117982   1.175670e-4   0.893102123   0.685618754
 37.27560590  -0.786051627   1.189186e-4   0.891779200   0.686090517
 37.69925114  -0.794985272   1.202701e-4   0.890422532   0.686260527
 38.12289637  -0.803918917   1.216216e-4   0.889031099   0.686113521
 38.54654161  -0.812852562   1.229732e-4   0.887603776   0.685636140
 38.97018685  -0.821786207   1.243247e-4   0.886139323   0.684818394
 39.39383209  -0.830719852   1.256762e-4   0.884636383   0.683655273
 39.81747733  -0.839653497   1.270278e-4   0.883093474   0.682147407
 40.24112256  -0.848587142   1.283793e-4   0.881508984   0.680303372
 40.66476780  -0.857520787   1.297308e-4   0.879881161   0.678137134
 41.08841304  -0.866454432   1.310824e-4   0.878208104   0.675667080
 41.51205828  -0.875388077   1.324339e-4   0.876487749   0.672914096
 41.93570352  -0.884321722   1.337854e-4   0.874717858   0.669899877
 42.35934875  -0.893255367   1.351370e-4   0.872896006   0.666645702
 42.78299399  -0.902189012   1.364885e-4   0.871019562   0.663171709
 43.20663923  -0.911122657   1.378400e-4   0.869085669   0.659496533
 43.63028447  -0.920056302   1.391916e-4   0.867091226   0.655637191
 44.05392971  -0.928989947   1.405431e-4   0.865032859   0.651609110
 44.47757494  -0.937923592   1.418946e-4   0.862906899   0.647426222
 44.90122018  -0.946857237   1.432462e-4   0.860709344   0.643101096
 45.32486542  -0.955790882   1.445977e-4   0.858435826   0.638645072
 45.74851066  -0.964724527   1.459492e-4   0.856081569   0.634068399
 46.17215590  -0.973658172   1.473008e-4   0.853641342   0.629380354
 46.59580113  -0.982591817   1.486523e-4   0.851109402   0.624589355
 47.01944637  -0.991525462   1.500039e-4   0.848479431   0.619703063
 47.44309161  -1.000459106   1.513554e-4   0.845744465   0.614728461
 47.86673685  -1.009392751   1.527069e-4   0.842896802   0.609671937
 48.29038209  -1.018326396   1.540585e-4   0.839927911   0.604539348
 48.71402732  -1.027260041   1.554100e-4   0.836828308   0.599336077
 49.13767256  -1.036193686   1.567615e-4   0.833587419   0.594067087
 49.56131780  -1.045127331   1.581131e-4   0.830193419   0.588736961
 49.98496304  -1.054060976   1.594646e-4   0.826633040   0.583349945
 50.40860828  -1.062994621   1.608161e-4   0.822891333   0.577909981
 50.83225351  -1.071928266   1.621677e-4   0.818951398   0.572420736
 51.25589875  -1.080861911   1.635192e-4   0.814794048   0.566885630
 51.67954399  -1.089795556   1.648707e-4   0.810397401   0.561307860
 52.10318923  -1.098729201   1.662223e-4   0.805736388   0.555690420
 52.52683447  -1.107662846   1.675738e-4   0.800782147   0.550036121
 52.95047971  -1.116596491   1.689253e-4   0.795501274   0.544347607
 53.37412494  -1.125530136   1.702769e-4   0.789854895   0.538627369
 53.79777018  -1.134463781   1.716284e-4   0.783797507   0.532877762
 54.22141542  -1.143397426   1.729799e-4   0.777275525   0.527101012
 54.64506066  -1.152331071   1.743315e-4   0.770225449   0.521299233
 55.06870590  -1.161264716   1.756830e-4   0.762571552   0.515474432
 55.49235113  -1.170198361   1.770345e-4   0.754222955   0.509628519
 55.91599637  -1.179132006   1.783861e-4   0.745069945   0.503763319
 56.33964161  -1.188065651   1.797376e-4   0.734979410   0.497880574
 56.76328685  -1.196999296   1.810892e-4   0.723789294   0.491981955
 57.18693209  -1.205932941   1.824407e-4   0.711302273   0.486069064
 57.61057732  -1.214866586   1.837922e-4   0.697279374   0.480143443
 58.03422256  -1.223800230   1.851438e-4   0.681435678   0.474206579
 58.45786780  -1.232733875   1.864953e-4   0.663443056   0.468259907
 58.88151304  -1.241667520   1.878468e-4   0.642950179   0.462304818
 59.30515828  -1.250601165   1.891984e-4   0.619637449   0.456342660
 59.72880351  -1.259534810   1.905499e-4   0.593328348   0.450374744
 60.15244875  -1.268468455   1.919014e-4   0.564159194   0.444402349
 60.57609399  -1.277402100   1.932530e-4   0.532740679   0.438426722
 60.99973923  -1.286335745   1.946045e-4   0.500160634   0.432449086
 61.42338447  -1.295269390   1.959560e-4   0.467728740   0.426470641
 61.84702970  -1.304203035   1.973076e-4   0.436597891   0.420492566
 62.27067494  -1.313136680   1.986591e-4   0.407521043   0.414516026
 62.69432018  -1.322070325   2.000106e-4   0.380836679   0.408542172
 63.11796542  -1.331003970   2.013622e-4   0.356584842   0.402572144
 63.54161066  -1.339937615   2.027137e-4   0.334637148   0.396607075
 63.96525589  -1.348871260   2.040652e-4   0.314790476   0.390648094
 64.38890113  -1.357804905   2.054168e-4   0.296821558   0.384696330
 64.81254637  -1.366738550   2.067683e-4   0.280514448   0.378752912
 65.23619161  -1.375672195   2.081198e-4   0.265672294   0.372818974
 65.65983685  -1.384605840   2.094714e-4   0.252120943   0.366895659
 66.08348208  -1.393539485   2.108229e-4   0.239708643   0.360984118
 66.50712732  -1.402473130   2.121745e-4   0.228304107   0.355085518
 66.93077256  -1.411406775   2.135260e-4   0.217794032   0.349201045
 67.35441780  -1.420340420   2.148775e-4   0.208080618   0.343331903
 67.77806304  -1.429274065   2.162291e-4   0.199079291   0.337479321
 68.20170827  -1.438207710   2.175806e-4   0.190716713   0.331644559
 68.62535351  -1.447141355   2.189321e-4   0.182929080   0.325828907
 69.04899875  -1.456074999   2.202837e-4   0.175660684   0.320033692
 69.47264399  -1.465008644   2.216352e-4   0.168862704   0.314260284
 69.89628923  -1.473942289   2.229867e-4   0.162492203   0.308510099
 70.31993447  -1.482875934   2.243383e-4   0.156511276   0.302784604
 70.74357970  -1.491809579   2.256898e-4   0.150886344   0.297085326
 71.16722494  -1.500743224   2.270413e-4   0.145587561   0.291413853
 71.59087018  -1.509676869   2.283929e-4   0.140588311   0.285771846
 72.01451542  -1.518610514   2.297444e-4   0.135864783   0.280161045
 72.43816066  -1.527544159   2.310959e-4   0.131395612   0.274583273
 72.86180589  -1.536477804   2.324475e-4   0.127161576   0.269040452
 73.28545113  -1.545411449   2.337990e-4   0.123145328   0.263534606
 73.70909637  -1.554345094   2.351505e-4   0.119331180   0.258067873
 74.13274161  -1.563278739   2.365021e-4   0.115704903   0.252642520
 74.55638685  -1.572212384   2.378536e-4   0.112253564   0.247260947
 74.98003208  -1.581146029   2.392051e-4   0.108965380   0.241925706
 75.40367732  -1.590079674   2.405567e-4   0.105829596   0.236639512
 75.82732256  -1.599013319   2.419082e-4   0.102836369   0.231405254
 76.25096780  -1.607946964   2.432598e-4   0.099976681   0.226226011
 76.67461304  -1.616880609   2.446113e-4   0.097242248   0.221105061
 77.09825827  -1.625814254   2.459628e-4   0.094625450   0.216045895
 77.52190351  -1.634747899   2.473144e-4   0.092119264   0.211052219
 77.94554875  -1.643681544   2.486659e-4   0.089717207   0.206127959
 78.36919399  -1.652615189   2.500174e-4   0.087413289   0.201277254
 78.79283923  -1.661548834   2.513690e-4   0.085201959   0.196504434
 79.21648446  -1.670482479   2.527205e-4   0.083078074   0.191813994
 79.64012970  -1.679416124   2.540720e-4   0.081036856   0.187210536
 80.06377494  -1.688349768   2.554236e-4   0.079073864   0.182698689
 80.48742018  -1.697283413   2.567751e-4   0.077184963   0.178283015
 80.91106542  -1.706217058   2.581266e-4   0.075366299   0.173967870
 81.33471065  -1.715150703   2.594782e-4   0.073614276   0.169757263
 81.75835589  -1.724084348   2.608297e-4   0.071925533   0.165654699
 82.18200113  -1.733017993   2.621812e-4   0.070296928   0.161663029
 82.60564637  -1.741951638   2.635328e-4   0.068725517   0.157784337
 83.02929161  -1.750885283   2.648843e-4   0.067208543   0.154019863
 83.45293684  -1.759818928   2.662358e-4   0.065743417   0.150369983
 83.87658208  -1.768752573   2.675874e-4   0.064327710   0.146834244
 84.30022732  -1.777686218   2.689389e-4   0.062959137   0.143411436
 84.72387256  -1.786619863   2.702904e-4   0.061635548   0.140099698
 85.14751780  -1.795553508   2.716420e-4   0.060354919   0.136896639
 85.57116303  -1.804487153   2.729935e-4   0.059115343   0.133799452
 85.99480827  -1.813420798   2.743451e-4   0.057915020   0.130805029
 86.41845351  -1.822354443   2.756966e-4   0.056752251   0.127910057
 86.84209875  -1.831288088   2.770481e-4   0.055625432   0.125111098
 87.26574399  -1.840221733   2.783997e-4   0.054533045   0.122404661
 87.68938923  -1.849155378   2.797512e-4   0.053473654   0.119787249
 88.11303446  -1.858089023   2.811027e-4   0.052445900   0.117255402
 88.53667970  -1.867022668   2.824543e-4   0.051448495   0.114805726
 88.96032494  -1.875956313   2.838058e-4   0.050480218   0.112434915
 89.38397018  -1.884889958   2.851573e-4   0.049539911   0.110139767
 89.80761542  -1.893823603   2.865089e-4   0.048626473   0.107917192
 90.23126065  -1.902757248   2.878604e-4   0.047738860   0.105764218
 90.65490589  -1.911690893   2.892119e-4   0.046876078   0.103677993
 91.07855113  -1.920624537   2.905635e-4   0.046037183   0.101655790
 91.50219637  -1.929558182   2.919150e-4   0.045221276   0.099694999
 91.92584161  -1.938491827   2.932665e-4   0.044427501   0.097793130
 92.34948684  -1.947425472   2.946181e-4   0.043655043   0.095947806
 92.77313208  -1.956359117   2.959696e-4   0.042903124   0.094156762
 93.19677732  -1.965292762   2.973211e-4   0.042171004   0.092417839
 93.62042256  -1.974226407   2.986727e-4   0.041457975   0.090728979
 94.04406780  -1.983160052   3.000242e-4   0.040763362   0.089088224
 94.46771303  -1.992093697   3.013757e-4   0.040086519   0.087493705
 94.89135827  -2.001027342   3.027273e-4   0.039426832   0.085943645
 95.31500351  -2.009960987   3.040788e-4   0.038783710   0.084436348
 95.73864875  -2.018894632   3.054304e-4   0.038156590   0.082970201
 96.16229399  -2.027828277   3.067819e-4   0.037544934   0.081543664
 96.58593922  -2.036761922   3.081334e-4   0.036948224   0.080155268
 97.00958446  -2.045695567   3.094850e-4   0.036365966   0.078803616
 97.43322970  -2.054629212   3.108365e-4   0.035797688   0.077487370
 97.85687494  -2.063562857   3.121880e-4   0.035242934   0.076205257
 98.28052018  -2.072496502   3.135396e-4   0.034701270   0.074956059
 98.70416541  -2.081430147   3.148911e-4   0.034172278   0.073738616
 99.12781065  -2.090363792   3.162426e-4   0.033655558   0.072551817
 99.55145589  -2.099297437   3.175942e-4   0.033150724   0.071394599
 99.97510113  -2.108231082   3.189457e-4   0.032657408   0.070265950
 100.3987464  -2.117164727   3.202972e-4   0.032175254   0.069164899
 100.8223916  -2.126098372   3.216488e-4   0.031703921   0.068090516
 101.2460368  -2.135032017   3.230003e-4   0.031243082   0.067041913
 101.6696821  -2.143965662   3.243518e-4   0.030792421   0.066018238
 102.0933273  -2.152899306   3.257034e-4   0.030351634   0.065018676
 102.5169726  -2.161832951   3.270549e-4   0.029920431   0.064042445
 102.9406178  -2.170766596   3.284064e-4   0.029498529   0.063088795
 103.3642630  -2.179700241   3.297580e-4   0.029085659   0.062157009
 103.7879083  -2.188633886   3.311095e-4   0.028681559   0.061246395
 104.2115535  -2.197567531   3.324610e-4   0.028285979   0.060356293
 104.6351987  -2.206501176   3.338126e-4   0.027898676   0.059486065
 105.0588440  -2.215434821   3.351641e-4   0.027519417   0.058635103
 105.4824892  -2.224368466   3.365157e-4   0.027147977   0.057802818
 105.9061345  -2.233302111   3.378672e-4   0.026784138   0.056988647
 106.3297797  -2.242235756   3.392187e-4   0.026427692   0.056192048
 106.7534249  -2.251169401   3.405703e-4   0.026078436   0.055412498
 107.1770702  -2.260103046   3.419218e-4   0.025736174   0.054649497
 107.6007154  -2.269036691   3.432733e-4   0.025400718   0.053902560
 108.0243607  -2.277970336   3.446249e-4   0.025071886   0.053171223
 108.4480059  -2.286903981   3.459764e-4   0.024749502   0.052455037
 108.8716511  -2.295837626   3.473279e-4   0.024433396   0.051753570
 109.2952964  -2.304771271   3.486795e-4   0.024123403   0.051066407
 109.7189416  -2.313704916   3.500310e-4   0.023819365   0.050393146
 110.1425868  -2.322638561   3.513825e-4   0.023521126   0.049733400
 110.5662321  -2.331572206   3.527341e-4   0.023228540   0.049086796
 110.9898773  -2.340505851   3.540856e-4   0.022941461   0.048452974
 111.4135226  -2.349439496   3.554371e-4   0.022659750   0.047831585
 111.8371678  -2.358373141   3.567887e-4   0.022383272   0.047222295
 112.2608130  -2.367306786   3.581402e-4   0.022111897   0.046624779
 112.6844583  -2.376240431   3.594917e-4   0.021845498   0.046038723
 113.1081035  -2.385174075   3.608433e-4   0.021583953   0.045463825
 113.5317487  -2.394107720   3.621948e-4   0.021327142   0.044899793
 113.9553940  -2.403041365   3.635463e-4   0.021074950   0.044346343
 114.3790392  -2.411975010   3.648979e-4   0.020827267   0.043803201
 114.8026845  -2.420908655   3.662494e-4   0.020583983   0.043270104
 115.2263297  -2.429842300   3.676010e-4   0.020344994   0.042746794
 115.6499749  -2.438775945   3.689525e-4   0.020110198   0.042233024
 116.0736202  -2.447709590   3.703040e-4   0.019879496   0.041728553
 116.4972654  -2.456643235   3.716556e-4   0.019652792   0.041233150
 116.9209107  -2.465576880   3.730071e-4   0.019429993   0.040746588
 117.3445559  -2.474510525   3.743586e-4   0.019211010   0.040268651
 117.7682011  -2.483444170   3.757102e-4   0.018995754   0.039799125
 118.1918464  -2.492377815   3.770617e-4   0.018784140   0.039337807
 118.6154916  -2.501311460   3.784132e-4   0.018576085   0.038884497
 119.0391368  -2.510245105   3.797648e-4   0.018371510   0.038439002
 119.4627821  -2.519178750   3.811163e-4   0.018170335   0.038001137
 119.8864273  -2.528112395   3.824678e-4   0.017972486   0.037570719
 120.3100726  -2.537046040   3.838194e-4   0.017777889   0.037147571
 120.7337178  -2.545979685   3.851709e-4   0.017586471   0.036731524
 121.1573630  -2.554913330   3.865224e-4   0.017398163   0.036322411
 121.5810083  -2.563846975   3.878740e-4   0.017212898   0.035920072
 122.0046535  -2.572780620   3.892255e-4   0.017030610   0.035524348
 122.4282987  -2.581714265   3.905770e-4   0.016851233   0.035135089
 122.8519440  -2.590647910   3.919286e-4   0.016674707   0.034752146
 123.2755892  -2.599581555   3.932801e-4   0.016500970   0.034375375
 123.6992345  -2.608515200   3.946316e-4   0.016329964   0.034004638
 124.1228797  -2.617448844   3.959832e-4   0.016161630   0.033639797
 124.5465249  -2.626382489   3.973347e-4   0.015995913   0.033280721
 124.9701702  -2.635316134   3.986863e-4   0.015832758   0.032927280
 125.3938154  -2.644249779   4.000378e-4   0.015672112   0.032579351
 125.8174606  -2.653183424   4.013893e-4   0.015513923   0.032236810
 126.2411059  -2.662117069   4.027409e-4   0.015358142   0.031899539
 126.6647511  -2.671050714   4.040924e-4   0.015204719   0.031567423
 127.0883964  -2.679984359   4.054439e-4   0.015053606   0.031240348
 127.5120416  -2.688918004   4.067955e-4   0.014904756   0.030918206
 127.9356868  -2.697851649   4.081470e-4   0.014758125   0.030600889
 128.3593321  -2.706785294   4.094985e-4   0.014613667   0.030288293
 128.7829773  -2.715718939   4.108501e-4   0.014471340   0.029980315
 129.2066226  -2.724652584   4.122016e-4   0.014331102   0.029676858
 129.6302678  -2.733586229   4.135531e-4   0.014192912   0.029377824
 130.0539130  -2.742519874   4.149047e-4   0.014056729   0.029083119
 130.4775583  -2.751453519   4.162562e-4   0.013922515   0.028792649
 130.9012035  -2.760387164   4.176077e-4   0.013790231   0.028506327
 131.3248487  -2.769320809   4.189593e-4   0.013659840   0.028224062
 131.7484940  -2.778254454   4.203108e-4   0.013531307   0.027945770
 132.1721392  -2.787188099   4.216623e-4   0.013404595   0.027671366
 132.5957845  -2.796121744   4.230139e-4   0.013279669   0.027400768
 133.0194297  -2.805055389   4.243654e-4   0.013156498   0.027133896
 133.4430749  -2.813989034   4.257169e-4   0.013035046   0.026870670
 133.8667202  -2.822922679   4.270685e-4   0.012915283   0.026611015
 134.2903654  -2.831856324   4.284200e-4   0.012797177   0.026354853
 134.7140106  -2.840789969   4.297716e-4   0.012680697   0.026102111
 135.1376559  -2.849723613   4.311231e-4   0.012565813   0.025852717
 135.5613011  -2.858657258   4.324746e-4   0.012452495   0.025606600
 135.9849464  -2.867590903   4.338262e-4   0.012340717   0.025363688
 136.4085916  -2.876524548   4.351777e-4   0.012230448   0.025123915
 136.8322368  -2.885458193   4.365292e-4   0.012121663   0.024887212
 137.2558821  -2.894391838   4.378808e-4   0.012014334   0.024653513
 137.6795273  -2.903325483   4.392323e-4   0.011908435   0.024422753
 138.1031726  -2.912259128   4.405838e-4   0.011803941   0.024194867
 138.5268178  -2.921192773   4.419354e-4   0.011700827   0.023969791
 138.9504630  -2.930126418   4.432869e-4   0.011599069   0.023747465
 139.3741083  -2.939060063   4.446384e-4   0.011498642   0.023527824
 139.7977535  -2.947993708   4.459900e-4   0.011399523   0.023310809
 140.2213987  -2.956927353   4.473415e-4   0.011301691   0.023096359
 140.6450440  -2.965860998   4.486930e-4   0.011205121   0.022884414
 141.0686892  -2.974794643   4.500446e-4   0.011109793   0.022674914
 141.4923345  -2.983728288   4.513961e-4   0.011015685   0.022467800
 141.9159797  -2.992661933   4.527476e-4   0.010922776   0.022263013
 142.3396249  -3.001595578   4.540992e-4   0.010831046   0.022060495
 142.7632702  -3.010529223   4.554507e-4   0.010740475   0.021860187
 143.1869154  -3.019462868   4.568022e-4   0.010651043   0.021662029
 143.6105606  -3.028396513   4.581538e-4   0.010562731   0.021465963
 144.0342059  -3.037330158   4.595053e-4   0.010475521   0.021271930
 144.4578511  -3.046263803   4.608569e-4   0.010389393   0.021079870
 144.8814964  -3.055197448   4.622084e-4   0.010304331   0.020889721
 145.3051416  -3.064131093   4.635599e-4   0.010220316   0.020701424
 145.7287868  -3.073064738   4.649115e-4   0.010137331   0.020514914
 146.1524321  -3.081998382   4.662630e-4   0.010055359   0.020330129
 146.5760773  -3.090932027   4.676145e-4   0.009974384   0.020147002
 146.9997226  -3.099865672   4.689661e-4   0.009894390   0.019965466
 147.4233678  -3.108799317   4.703176e-4   0.009815360   0.019785451
 147.8470130  -3.117732962   4.716691e-4   0.009737279   0.019606884
 148.2706583  -3.126666607   4.730207e-4   0.009660133   0.019429689
 148.6943035  -3.135600252   4.743722e-4   0.009583905   0.019253786
 149.1179487  -3.144533897   4.757237e-4   0.009508581   0.019079090
 149.5415940  -3.153467542   4.770753e-4   0.009434148   0.018905510
 149.9652392  -3.162401187   4.784268e-4   0.009360590   0.018732949
 150.3888845  -3.171334832   4.797783e-4   0.009287895   0.018561301
 150.8125297  -3.180268477   4.811299e-4   0.009216048   0.018390452
 151.2361749  -3.189202122   4.824814e-4   0.009145037   0.018220273
 151.6598202  -3.198135767   4.838329e-4   0.009074848   0.018050622
 152.0834654  -3.207069412   4.851845e-4   0.009005469   0.017881339
 152.5071106  -3.216003057   4.865360e-4   0.008936887   0.017712240
 152.9307559  -3.224936702   4.878875e-4   0.008869091   0.017543111
 153.3544011  -3.233870347   4.892391e-4   0.008802067   0.017373699
 153.7780464  -3.242803992   4.905906e-4   0.008735804   0.017203698
 154.2016916  -3.251737637   4.919422e-4   0.008670291   0.017032730
 154.6253368  -3.260671282   4.932937e-4   0.008605517   0.016860312
 155.0489821  -3.269604927   4.946452e-4   0.008541470   0.016685802
 155.4726273  -3.278538572   4.959968e-4   0.008478139   0.016508304
 155.8962726  -3.287472217   4.973483e-4   0.008415513   0.016326482
 156.3199178  -3.296405862   4.986998e-4   0.008353583   0.016138179
 156.7435630  -3.305339507   5.000514e-4   0.008292338   0.015940322
 157.1672083  -3.314273151   5.014029e-4   0.008231767   0.015734504
 157.5908535  -3.323206796   5.027544e-4   0.008171861   0.015526301
 158.0144987  -3.332140441   5.041060e-4   0.008112610   0.015317982
 158.4381440  -3.341074086   5.054575e-4   0.008054005   0.015110401
 158.8617892  -3.350007731   5.068090e-4   0.007996036   0.014903955
 159.2854345  -3.358941376   5.081606e-4   0.007938693   0.014698858
 159.7090797  -3.367875021   5.095121e-4   0.007881968   0.014495230
 160.1327249  -3.376808666   5.108636e-4   0.007825853   0.014293148
 160.5563702  -3.385742311   5.122152e-4   0.007770337   0.014092656
 160.9800154  -3.394675956   5.135667e-4   0.007715413   0.013893782
 161.4036606  -3.403609601   5.149182e-4   0.007661073   0.013696542
 161.8273059  -3.412543246   5.162698e-4   0.007607307   0.013500943
 162.2509511  -3.421476891   5.176213e-4   0.007554108   0.013306988
 162.6745964  -3.430410536   5.189728e-4   0.007501468   0.013114675
 163.0982416  -3.439344181   5.203244e-4   0.007449379   0.012923997
 163.5218868  -3.448277826   5.216759e-4   0.007397833   0.012734947
 163.9455321  -3.457211471   5.230275e-4   0.007346823   0.012547516
 164.3691773  -3.466145116   5.243790e-4   0.007296341   0.012361694
 164.7928226  -3.475078761   5.257305e-4   0.007246380   0.012177468
 165.2164678  -3.484012406   5.270821e-4   0.007196933   0.011994827
 165.6401130  -3.492946051   5.284336e-4   0.007147993   0.011813758
 166.0637583  -3.501879696   5.297851e-4   0.007099553   0.011634247
 166.4874035  -3.510813341   5.311367e-4   0.007051605   0.011456282
 166.9110487  -3.519746986   5.324882e-4   0.007004144   0.011279849
 167.3346940  -3.528680631   5.338397e-4   0.006957163   0.011104933
 167.7583392  -3.537614275   5.351913e-4   0.006910655   0.010931522
 168.1819845  -3.546547920   5.365428e-4   0.006864614   0.010759601
 168.6056297  -3.555481565   5.378943e-4   0.006819033   0.010589157
 169.0292749  -3.564415210   5.392459e-4   0.006773907   0.010420176
 169.4529202  -3.573348855   5.405974e-4   0.006729230   0.010252645
 169.8765654  -3.582282500   5.419489e-4   0.006684995   0.010086549
 170.3002106  -3.591216145   5.433005e-4   0.006641196   0.009921877
 170.7238559  -3.600149790   5.446520e-4   0.006597829   0.009758614
 171.1475011  -3.609083435   5.460035e-4   0.006554886   0.009596748
 171.5711464  -3.618017080   5.473551e-4   0.006512364   0.009436266
 171.9947916  -3.626950725   5.487066e-4   0.006470255   0.009277156
 172.4184368  -3.635884370   5.500581e-4   0.006428555   0.009119405
 172.8420821  -3.644818015   5.514097e-4   0.006387259   0.008963001
 173.2657273  -3.653751660   5.527612e-4   0.006346361   0.008807933
 173.6893725  -3.662685305   5.541128e-4   0.006305857   0.008654188
 174.1130178  -3.671618950   5.554643e-4   0.006265740   0.008501755
 174.5366630  -3.680552595   5.568158e-4   0.006226007   0.008350623
 174.9603083  -3.689486240   5.581674e-4   0.006186652   0.008200782
 175.3839535  -3.698419885   5.595189e-4   0.006147670   0.008052220
 175.8075987  -3.707353530   5.608704e-4   0.006109057   0.007904927
 176.2312440  -3.716287175   5.622220e-4   0.006070808   0.007758894
 176.6548892  -3.725220820   5.635735e-4   0.006032919   0.007614109
 177.0785345  -3.734154465   5.649250e-4   0.005995385   0.007470565
 177.5021797  -3.743088110   5.662766e-4   0.005958201   0.007328251
