#XDI/1.1
# X-ray Monochromator Darwin Width from xrayweb  Fri Dec 12 07:39:32 2025
# Monochromator.xtal        : Si
# Monochromator.hkl         : 1 1 1
# Monochromator.polarization: 's'
# Monochromator.theta       : 6.095996 (deg)
# Monochromator.theta_width : 14.109059 (microrad)
# Monochromator.energy_width: 2.459550 (eV)
# Monochromator.theta_fwhm  : 14.964917 (microrad)
# Monochromator.rocking_fwhm: 19.611592 (microrad)
# Monochromator.energy_fwhm : 2.608747 (eV)
# Xray.Energy               : 18617.56 (eV)
# Column.1: dtheta (microrad)
# Column.2: denergy (eV)
# Column.3: zeta (delta_lambda / lambda)
# Column.4: intensity
# Column.5: rocking_curve
#---------------------
# {' '.join(array_names)}
-33.08245625   5.767071841  -3.097652e-4   0.005868213   0.007562041
-32.94136566   5.742476340  -3.084441e-4   0.005904556   0.007703618
-32.80027508   5.717880840  -3.071230e-4   0.005941239   0.007846246
-32.65918449   5.693285340  -3.058019e-4   0.005978267   0.007989937
-32.51809390   5.668689839  -3.044808e-4   0.006015643   0.008134704
-32.37700331   5.644094339  -3.031597e-4   0.006053372   0.008280556
-32.23591272   5.619498838  -3.018386e-4   0.006091459   0.008427507
-32.09482213   5.594903338  -3.005175e-4   0.006129908   0.008575568
-31.95373154   5.570307838  -2.991964e-4   0.006168724   0.008724751
-31.81264095   5.545712337  -2.978754e-4   0.006207911   0.008875069
-31.67155036   5.521116837  -2.965543e-4   0.006247474   0.009026534
-31.53045977   5.496521336  -2.952332e-4   0.006287418   0.009179159
-31.38936918   5.471925836  -2.939121e-4   0.006327748   0.009332956
-31.24827859   5.447330336  -2.925910e-4   0.006368469   0.009487939
-31.10718800   5.422734835  -2.912699e-4   0.006409586   0.009644119
-30.96609741   5.398139335  -2.899488e-4   0.006451104   0.009801511
-30.82500682   5.373543835  -2.886277e-4   0.006493029   0.009960128
-30.68391623   5.348948334  -2.873066e-4   0.006535366   0.010119983
-30.54282564   5.324352834  -2.859855e-4   0.006578120   0.010281089
-30.40173505   5.299757333  -2.846644e-4   0.006621296   0.010443461
-30.26064446   5.275161833  -2.833434e-4   0.006664902   0.010607112
-30.11955387   5.250566333  -2.820223e-4   0.006708941   0.010772055
-29.97846329   5.225970832  -2.807012e-4   0.006753420   0.010938306
-29.83737270   5.201375332  -2.793801e-4   0.006798345   0.011105877
-29.69628211   5.176779831  -2.780590e-4   0.006843722   0.011274783
-29.55519152   5.152184331  -2.767379e-4   0.006889557   0.011445039
-29.41410093   5.127588831  -2.754168e-4   0.006935856   0.011616657
-29.27301034   5.102993330  -2.740957e-4   0.006982625   0.011789652
-29.13191975   5.078397830  -2.727746e-4   0.007029871   0.011964039
-28.99082916   5.053802329  -2.714535e-4   0.007077601   0.012139830
-28.84973857   5.029206829  -2.701324e-4   0.007125821   0.012317039
-28.70864798   5.004611329  -2.688113e-4   0.007174538   0.012495680
-28.56755739   4.980015828  -2.674903e-4   0.007223758   0.012675766
-28.42646680   4.955420328  -2.661692e-4   0.007273489   0.012857309
-28.28537621   4.930824827  -2.648481e-4   0.007323738   0.013040320
-28.14428562   4.906229327  -2.635270e-4   0.007374513   0.013224810
-28.00319503   4.881633827  -2.622059e-4   0.007425819   0.013410790
-27.86210444   4.857038326  -2.608848e-4   0.007477666   0.013598266
-27.72101385   4.832442826  -2.595637e-4   0.007530061   0.013787246
-27.57992326   4.807847325  -2.582426e-4   0.007583010   0.013977731
-27.43883267   4.783251825  -2.569215e-4   0.007636524   0.014169722
-27.29774208   4.758656325  -2.556004e-4   0.007690608   0.014363212
-27.15665149   4.734060824  -2.542793e-4   0.007745272   0.014558188
-27.01556091   4.709465324  -2.529582e-4   0.007800525   0.014754625
-26.87447032   4.684869824  -2.516372e-4   0.007856373   0.014952482
-26.73337973   4.660274323  -2.503161e-4   0.007912827   0.015151689
-26.59228914   4.635678823  -2.489950e-4   0.007969895   0.015352127
-26.45119855   4.611083322  -2.476739e-4   0.008027586   0.015553583
-26.31010796   4.586487822  -2.463528e-4   0.008085908   0.015755630
-26.16901737   4.561892322  -2.450317e-4   0.008144873   0.015957207
-26.02792678   4.537296821  -2.437106e-4   0.008204488   0.016154647
-25.88683619   4.512701321  -2.423895e-4   0.008264764   0.016341554
-25.74574560   4.488105820  -2.410684e-4   0.008325710   0.016520744
-25.60465501   4.463510320  -2.397473e-4   0.008387336   0.016695201
-25.46356442   4.438914820  -2.384262e-4   0.008449654   0.016866565
-25.32247383   4.414319319  -2.371051e-4   0.008512672   0.017035850
-25.18138324   4.389723819  -2.357841e-4   0.008576402   0.017203749
-25.04029265   4.365128318  -2.344630e-4   0.008640855   0.017370768
-24.89920206   4.340532818  -2.331419e-4   0.008706042   0.017537293
-24.75811147   4.315937318  -2.318208e-4   0.008771973   0.017703633
-24.61702088   4.291341817  -2.304997e-4   0.008838660   0.017870038
-24.47593029   4.266746317  -2.291786e-4   0.008906115   0.018036720
-24.33483970   4.242150816  -2.278575e-4   0.008974351   0.018203858
-24.19374911   4.217555316  -2.265364e-4   0.009043378   0.018371608
-24.05265853   4.192959816  -2.252153e-4   0.009113210   0.018540109
-23.91156794   4.168364315  -2.238942e-4   0.009183858   0.018709484
-23.77047735   4.143768815  -2.225731e-4   0.009255337   0.018879844
-23.62938676   4.119173314  -2.212520e-4   0.009327659   0.019051290
-23.48829617   4.094577814  -2.199310e-4   0.009400837   0.019223917
-23.34720558   4.069982314  -2.186099e-4   0.009474885   0.019397812
-23.20611499   4.045386813  -2.172888e-4   0.009549817   0.019573057
-23.06502440   4.020791313  -2.159677e-4   0.009625647   0.019749728
-22.92393381   3.996195813  -2.146466e-4   0.009702390   0.019927900
-22.78284322   3.971600312  -2.133255e-4   0.009780061   0.020107644
-22.64175263   3.947004812  -2.120044e-4   0.009858674   0.020289026
-22.50066204   3.922409311  -2.106833e-4   0.009938245   0.020472112
-22.35957145   3.897813811  -2.093622e-4   0.010018790   0.020656967
-22.21848086   3.873218311  -2.080411e-4   0.010100325   0.020843652
-22.07739027   3.848622810  -2.067200e-4   0.010182867   0.021032228
-21.93629968   3.824027310  -2.053990e-4   0.010266431   0.021222757
-21.79520909   3.799431809  -2.040779e-4   0.010351035   0.021415296
-21.65411850   3.774836309  -2.027568e-4   0.010436697   0.021609904
-21.51302791   3.750240809  -2.014357e-4   0.010523435   0.021806640
-21.37193732   3.725645308  -2.001146e-4   0.010611266   0.022005563
-21.23084674   3.701049808  -1.987935e-4   0.010700209   0.022206729
-21.08975615   3.676454307  -1.974724e-4   0.010790283   0.022410197
-20.94866556   3.651858807  -1.961513e-4   0.010881508   0.022616025
-20.80757497   3.627263307  -1.948302e-4   0.010973903   0.022824272
-20.66648438   3.602667806  -1.935091e-4   0.011067489   0.023034995
-20.52539379   3.578072306  -1.921880e-4   0.011162287   0.023248255
-20.38430320   3.553476805  -1.908669e-4   0.011258317   0.023464112
-20.24321261   3.528881305  -1.895459e-4   0.011355601   0.023682624
-20.10212202   3.504285805  -1.882248e-4   0.011454161   0.023903853
-19.96103143   3.479690304  -1.869037e-4   0.011554020   0.024127862
-19.81994084   3.455094804  -1.855826e-4   0.011655201   0.024354712
-19.67885025   3.430499303  -1.842615e-4   0.011757728   0.024584467
-19.53775966   3.405903803  -1.829404e-4   0.011861624   0.024817192
-19.39666907   3.381308303  -1.816193e-4   0.011966915   0.025052952
-19.25557848   3.356712802  -1.802982e-4   0.012073625   0.025291814
-19.11448789   3.332117302  -1.789771e-4   0.012181781   0.025533845
-18.97339730   3.307521802  -1.776560e-4   0.012291409   0.025779115
-18.83230671   3.282926301  -1.763349e-4   0.012402537   0.026027694
-18.69121612   3.258330801  -1.750138e-4   0.012515190   0.026279654
-18.55012553   3.233735300  -1.736928e-4   0.012629399   0.026535068
-18.40903494   3.209139800  -1.723717e-4   0.012745192   0.026794011
-18.26794436   3.184544300  -1.710506e-4   0.012862599   0.027056559
-18.12685377   3.159948799  -1.697295e-4   0.012981650   0.027322789
-17.98576318   3.135353299  -1.684084e-4   0.013102376   0.027592783
-17.84467259   3.110757798  -1.670873e-4   0.013224810   0.027866621
-17.70358200   3.086162298  -1.657662e-4   0.013348983   0.028144386
-17.56249141   3.061566798  -1.644451e-4   0.013474929   0.028426164
-17.42140082   3.036971297  -1.631240e-4   0.013602683   0.028712042
-17.28031023   3.012375797  -1.618029e-4   0.013732279   0.029002110
-17.13921964   2.987780296  -1.604818e-4   0.013863754   0.029296459
-16.99812905   2.963184796  -1.591607e-4   0.013997144   0.029595183
-16.85703846   2.938589296  -1.578397e-4   0.014132487   0.029898378
-16.71594787   2.913993795  -1.565186e-4   0.014269821   0.030206143
-16.57485728   2.889398295  -1.551975e-4   0.014409187   0.030518579
-16.43376669   2.864802794  -1.538764e-4   0.014550625   0.030835789
-16.29267610   2.840207294  -1.525553e-4   0.014694177   0.031157880
-16.15158551   2.815611794  -1.512342e-4   0.014839885   0.031484961
-16.01049492   2.791016293  -1.499131e-4   0.014987793   0.031817145
-15.86940433   2.766420793  -1.485920e-4   0.015137946   0.032154546
-15.72831374   2.741825292  -1.472709e-4   0.015290391   0.032497283
-15.58722315   2.717229792  -1.459498e-4   0.015445175   0.032845478
-15.44613256   2.692634292  -1.446287e-4   0.015602346   0.033199255
-15.30504198   2.668038791  -1.433077e-4   0.015761954   0.033558743
-15.16395139   2.643443291  -1.419866e-4   0.015924050   0.033924075
-15.02286080   2.618847791  -1.406655e-4   0.016088688   0.034295384
-14.88177021   2.594252290  -1.393444e-4   0.016255920   0.034672813
-14.74067962   2.569656790  -1.380233e-4   0.016425803   0.035056504
-14.59958903   2.545061289  -1.367022e-4   0.016598393   0.035446605
-14.45849844   2.520465789  -1.353811e-4   0.016773749   0.035843269
-14.31740785   2.495870289  -1.340600e-4   0.016951931   0.036246652
-14.17631726   2.471274788  -1.327389e-4   0.017133000   0.036656917
-14.03522667   2.446679288  -1.314178e-4   0.017317021   0.037074229
-13.89413608   2.422083787  -1.300967e-4   0.017504058   0.037498761
-13.75304549   2.397488287  -1.287756e-4   0.017694178   0.037930690
-13.61195490   2.372892787  -1.274546e-4   0.017887451   0.038370197
-13.47086431   2.348297286  -1.261335e-4   0.018083947   0.038817470
-13.32977372   2.323701786  -1.248124e-4   0.018283739   0.039272705
-13.18868313   2.299106285  -1.234913e-4   0.018486903   0.039736100
-13.04759254   2.274510785  -1.221702e-4   0.018693516   0.040207863
-12.90650195   2.249915285  -1.208491e-4   0.018903656   0.040688208
-12.76541136   2.225319784  -1.195280e-4   0.019117407   0.041177353
-12.62432077   2.200724284  -1.182069e-4   0.019334852   0.041675527
-12.48323019   2.176128783  -1.168858e-4   0.019556078   0.042182966
-12.34213960   2.151533283  -1.155647e-4   0.019781174   0.042699911
-12.20104901   2.126937783  -1.142436e-4   0.020010232   0.043226615
-12.05995842   2.102342282  -1.129225e-4   0.020243348   0.043763336
-11.91886783   2.077746782  -1.116015e-4   0.020480619   0.044310345
-11.77777724   2.053151281  -1.102804e-4   0.020722145   0.044867918
-11.63668665   2.028555781  -1.089593e-4   0.020968031   0.045436345
-11.49559606   2.003960281  -1.076382e-4   0.021218383   0.046015922
-11.35450547   1.979364780  -1.063171e-4   0.021473312   0.046606958
-11.21341488   1.954769280  -1.049960e-4   0.021732933   0.047209774
-11.07232429   1.930173780  -1.036749e-4   0.021997361   0.047824700
-10.93123370   1.905578279  -1.023538e-4   0.022266720   0.048452080
-10.79014311   1.880982779  -1.010327e-4   0.022541133   0.049092271
-10.64905252   1.856387278  -9.971163e-5   0.022820731   0.049745642
-10.50796193   1.831791778  -9.839054e-5   0.023105646   0.050412576
-10.36687134   1.807196278  -9.706945e-5   0.023396016   0.051093472
-10.22578075   1.782600777  -9.574836e-5   0.023691985   0.051788744
-10.08469016   1.758005277  -9.442727e-5   0.023993699   0.052498820
-9.943599574   1.733409776  -9.310617e-5   0.024301309   0.053224148
-9.802508984   1.708814276  -9.178508e-5   0.024614975   0.053965192
-9.661418395   1.684218776  -9.046399e-5   0.024934857   0.054722434
-9.520327805   1.659623275  -8.914290e-5   0.025261125   0.055496378
-9.379237216   1.635027775  -8.782181e-5   0.025593953   0.056287545
-9.238146626   1.610432274  -8.650072e-5   0.025933520   0.057096481
-9.097056037   1.585836774  -8.517962e-5   0.026280013   0.057923754
-8.955965447   1.561241274  -8.385853e-5   0.026633626   0.058769955
-8.814874858   1.536645773  -8.253744e-5   0.026994557   0.059635701
-8.673784268   1.512050273  -8.121635e-5   0.027363015   0.060521636
-8.532693679   1.487454772  -7.989526e-5   0.027739214   0.061428432
-8.391603089   1.462859272  -7.857417e-5   0.028123377   0.062356790
-8.250512500   1.438263772  -7.725308e-5   0.028515734   0.063307444
-8.109421910   1.413668271  -7.593198e-5   0.028916525   0.064281161
-7.968331321   1.389072771  -7.461089e-5   0.029325997   0.065278743
-7.827240731   1.364477270  -7.328980e-5   0.029744410   0.066301029
-7.686150142   1.339881770  -7.196871e-5   0.030172030   0.067348899
-7.545059552   1.315286270  -7.064762e-5   0.030609135   0.068423274
-7.403968963   1.290690769  -6.932653e-5   0.031056014   0.069525119
-7.262878373   1.266095269  -6.800544e-5   0.031512966   0.070655449
-7.121787783   1.241499769  -6.668434e-5   0.031980304   0.071815327
-6.980697194   1.216904268  -6.536325e-5   0.032458351   0.073005872
-6.839606604   1.192308768  -6.404216e-5   0.032947445   0.074228259
-6.698516015   1.167713267  -6.272107e-5   0.033447937   0.075483725
-6.557425425   1.143117767  -6.139998e-5   0.033960191   0.076773573
-6.416334836   1.118522267  -6.007889e-5   0.034484588   0.078099175
-6.275244246   1.093926766  -5.875779e-5   0.035021524   0.079461978
-6.134153657   1.069331266  -5.743670e-5   0.035571413   0.080863511
-5.993063067   1.044735765  -5.611561e-5   0.036134683   0.082305388
-5.851972478   1.020140265  -5.479452e-5   0.036711784   0.083789316
-5.710881888   0.995544765  -5.347343e-5   0.037303185   0.085317102
-5.569791299   0.970949264  -5.215234e-5   0.037909374   0.086890661
-5.428700709   0.946353764  -5.083125e-5   0.038530861   0.088512025
-5.287610120   0.921758263  -4.951015e-5   0.039168179   0.090183349
-5.146519530   0.897162763  -4.818906e-5   0.039821886   0.091906928
-5.005428941   0.872567263  -4.686797e-5   0.040492564   0.093685202
-4.864338351   0.847971762  -4.554688e-5   0.041180822   0.095520773
-4.723247762   0.823376262  -4.422579e-5   0.041887299   0.097416418
-4.582157172   0.798780761  -4.290470e-5   0.042612661   0.099375104
-4.441066583   0.774185261  -4.158360e-5   0.043357608   0.101400008
-4.299975993   0.749589761  -4.026251e-5   0.044122874   0.103494537
-4.158885404   0.724994260  -3.894142e-5   0.044909227   0.105662348
-4.017794814   0.700398760  -3.762033e-5   0.045717474   0.107907379
-3.876704225   0.675803260  -3.629924e-5   0.046548461   0.110233873
-3.735613635   0.651207759  -3.497815e-5   0.047403078   0.112646415
-3.594523046   0.626612259  -3.365706e-5   0.048282259   0.115149970
-3.453432456   0.602016758  -3.233596e-5   0.049186988   0.117749925
-3.312341867   0.577421258  -3.101487e-5   0.050118297   0.120452147
-3.171251277   0.552825758  -2.969378e-5   0.051077277   0.123263035
-3.030160688   0.528230257  -2.837269e-5   0.052065074   0.126189597
-2.889070098   0.503634757  -2.705160e-5   0.053082897   0.129239534
-2.747979509   0.479039256  -2.573051e-5   0.054132021   0.132421336
-2.606888919   0.454443756  -2.440942e-5   0.055213794   0.135744408
-2.465798329   0.429848256  -2.308832e-5   0.056329637   0.139219213
-2.324707740   0.405252755  -2.176723e-5   0.057481054   0.142857458
-2.183617150   0.380657255  -2.044614e-5   0.058669636   0.146672321
-2.042526561   0.356061754  -1.912505e-5   0.059897068   0.150678735
-1.901435971   0.331466254  -1.780396e-5   0.061165133   0.154893769
-1.760345382   0.306870754  -1.648287e-5   0.062475724   0.159337116
-1.619254792   0.282275253  -1.516177e-5   0.063830851   0.164031764
-1.478164203   0.257679753  -1.384068e-5   0.065232646   0.169004926
-1.337073613   0.233084252  -1.251959e-5   0.066683379   0.174289389
-1.195983024   0.208488752  -1.119850e-5   0.068185465   0.179925511
-1.054892434   0.183893252  -9.877409e-6   0.069741475   0.185964188
-0.913801845   0.159297751  -8.556317e-6   0.071354154   0.192469537
-0.772711255   0.134702251  -7.235226e-6   0.073026429   0.199426219
-0.631620666   0.110106750  -5.914134e-6   0.074761429   0.206616984
-0.490530076   0.085511250  -4.593043e-6   0.076562503   0.213837443
-0.349439487   0.060915750  -3.271951e-6   0.078433237   0.221067958
-0.208348897   0.036320249  -1.950860e-6   0.080377476   0.228301710
-0.067258308   0.011724749  -6.297683e-7   0.082399348   0.235535240
 0.073832282  -0.012870751   6.913232e-7   0.084503295   0.242766449
 0.214922871  -0.037466252   2.012415e-6   0.086694095   0.249993921
 0.356013461  -0.062061752   3.333506e-6   0.088976901   0.257216618
 0.497104050  -0.086657253   4.654598e-6   0.091357279   0.264433740
 0.638194640  -0.111252753   5.975689e-6   0.093841245   0.271644638
 0.779285229  -0.135848253   7.296781e-6   0.096435319   0.278848765
 0.920375819  -0.160443754   8.617872e-6   0.099146573   0.286045647
 1.061466408  -0.185039254   9.938964e-6   0.101982697   0.293234862
 1.202556998  -0.209634755   1.126006e-5   0.104952065   0.300416021
 1.343647587  -0.234230255   1.258115e-5   0.108063815   0.307588768
 1.484738177  -0.258825755   1.390224e-5   0.111327940   0.314752761
 1.625828766  -0.283421256   1.522333e-5   0.114755393   0.321907675
 1.766919356  -0.308016756   1.654442e-5   0.118358205   0.329053195
 1.908009946  -0.332612257   1.786551e-5   0.122149626   0.336189010
 2.049100535  -0.357207757   1.918660e-5   0.126144286   0.343314814
 2.190191125  -0.381803257   2.050770e-5   0.130358384   0.350430305
 2.331281714  -0.406398758   2.182879e-5   0.134809911   0.357535176
 2.472372304  -0.430994258   2.314988e-5   0.139518909   0.364629122
 2.613462893  -0.455589759   2.447097e-5   0.144507786   0.371711832
 2.754553483  -0.480185259   2.579206e-5   0.149801681   0.378782993
 2.895644072  -0.504780759   2.711315e-5   0.155428913   0.385842285
 3.036734662  -0.529376260   2.843424e-5   0.161421517   0.392889382
 3.177825251  -0.553971760   2.975534e-5   0.167815902   0.399923951
 3.318915841  -0.578567261   3.107643e-5   0.174653651   0.406945649
 3.460006430  -0.603162761   3.239752e-5   0.181982526   0.413954125
 3.601097020  -0.627758261   3.371861e-5   0.189857706   0.420949018
 3.742187609  -0.652353762   3.503970e-5   0.198343371   0.427929957
 3.883278199  -0.676949262   3.636079e-5   0.207514720   0.434896556
 4.024368788  -0.701544762   3.768189e-5   0.217460579   0.441848420
 4.165459378  -0.726140263   3.900298e-5   0.228286848   0.448785138
 4.306549967  -0.750735763   4.032407e-5   0.240121090   0.455706287
 4.447640557  -0.775331264   4.164516e-5   0.253118798   0.462611426
 4.588731146  -0.799926764   4.296625e-5   0.267472100   0.469500100
 4.729821736  -0.824522264   4.428734e-5   0.283422186   0.476371836
 4.870912325  -0.849117765   4.560843e-5   0.301277540   0.483226141
 5.012002915  -0.873713265   4.692953e-5   0.321441638   0.490062505
 5.153093504  -0.898308766   4.825062e-5   0.344456812   0.496880395
 5.294184094  -0.922904266   4.957171e-5   0.371077327   0.503679259
 5.435274683  -0.947499766   5.089280e-5   0.402399288   0.510458519
 5.576365273  -0.972095267   5.221389e-5   0.440112022   0.517217574
 5.717455862  -0.996690767   5.353498e-5   0.487044878   0.523955795
 5.858546452  -1.021286268   5.485607e-5   0.548582576   0.530672527
 5.999637041  -1.045881768   5.617717e-5   0.637587446   0.537367084
 6.140727631  -1.070477268   5.749826e-5   0.808978342   0.544038749
 6.281818220  -1.095072769   5.881935e-5   0.971664647   0.550686772
 6.422908810  -1.119668269   6.014044e-5   0.980487080   0.557310366
 6.563999400  -1.144263770   6.146153e-5   0.983656891   0.563908708
 6.705089989  -1.168859270   6.278262e-5   0.985331223   0.570480931
 6.846180579  -1.193454770   6.410372e-5   0.986361572   0.577026129
 6.987271168  -1.218050271   6.542481e-5   0.987048353   0.583543345
 7.128361758  -1.242645771   6.674590e-5   0.987527556   0.590031577
 7.269452347  -1.267241272   6.806699e-5   0.987870590   0.596489765
 7.410542937  -1.291836772   6.938808e-5   0.988118878   0.602916796
 7.551633526  -1.316432272   7.070917e-5   0.988298239   0.609311494
 7.692724116  -1.341027773   7.203026e-5   0.988425667   0.615672618
 7.833814705  -1.365623273   7.335136e-5   0.988512829   0.621998853
 7.974905295  -1.390218773   7.467245e-5   0.988568017   0.628288812
 8.115995884  -1.414814274   7.599354e-5   0.988597292   0.634541023
 8.257086474  -1.439409774   7.731463e-5   0.988605186   0.640753924
 8.398177063  -1.464005275   7.863572e-5   0.988595155   0.646925857
 8.539267653  -1.488600775   7.995681e-5   0.988569881   0.653055059
 8.680358242  -1.513196275   8.127791e-5   0.988531471   0.659139652
 8.821448832  -1.537791776   8.259900e-5   0.988481605   0.665177633
 8.962539421  -1.562387276   8.392009e-5   0.988421632   0.671166864
 9.103630011  -1.586982777   8.524118e-5   0.988352646   0.677105058
 9.244720600  -1.611578277   8.656227e-5   0.988275540   0.682989761
 9.385811190  -1.636173777   8.788336e-5   0.988191048   0.688818344
 9.526901779  -1.660769278   8.920445e-5   0.988099775   0.694587975
 9.667992369  -1.685364778   9.052555e-5   0.988002219   0.700295605
 9.809082958  -1.709960279   9.184664e-5   0.987898794   0.705937940
 9.950173548  -1.734555779   9.316773e-5   0.987789841   0.711511416
 10.09126414  -1.759151279   9.448882e-5   0.987675640   0.717012163
 10.23235473  -1.783746780   9.580991e-5   0.987556420   0.722435975
 10.37344532  -1.808342280   9.713100e-5   0.987432366   0.727778259
 10.51453591  -1.832937781   9.845209e-5   0.987303627   0.733033990
 10.65562650  -1.857533281   9.977319e-5   0.987170315   0.738197652
 10.79671709  -1.882128781   1.010943e-4   0.987032515   0.743263164
 10.93780767  -1.906724282   1.024154e-4   0.986890287   0.748223799
 11.07889826  -1.931319782   1.037365e-4   0.986743665   0.753072079
 11.21998885  -1.955915283   1.050576e-4   0.986592662   0.757799655
 11.36107944  -1.980510783   1.063786e-4   0.986437272   0.762397151
 11.50217003  -2.005106283   1.076997e-4   0.986277471   0.766853974
 11.64326062  -2.029701784   1.090208e-4   0.986113215   0.771158072
 11.78435121  -2.054297284   1.103419e-4   0.985944446   0.775295628
 11.92544180  -2.078892784   1.116630e-4   0.985771088   0.779250651
 12.06653239  -2.103488285   1.129841e-4   0.985593050   0.783004437
 12.20762298  -2.128083785   1.143052e-4   0.985410223   0.786534829
 12.34871357  -2.152679286   1.156263e-4   0.985222485   0.789815177
 12.48980416  -2.177274786   1.169474e-4   0.985029697   0.792812810
 12.63089475  -2.201870286   1.182685e-4   0.984831701   0.795486715
 12.77198534  -2.226465787   1.195896e-4   0.984628327   0.797783788
 12.91307593  -2.251061287   1.209107e-4   0.984419383   0.799632365
 13.05416652  -2.275656788   1.222317e-4   0.984204660   0.800930208
 13.19525711  -2.300252288   1.235528e-4   0.983983929   0.801522852
 13.33634770  -2.324847788   1.248739e-4   0.983756942   0.801225953
 13.47743829  -2.349443289   1.261950e-4   0.983523426   0.800025276
 13.61852888  -2.374038789   1.275161e-4   0.983283086   0.798128278
 13.75961946  -2.398634290   1.288372e-4   0.983035600   0.795701634
 13.90071005  -2.423229790   1.301583e-4   0.982780621   0.792850120
 14.04180064  -2.447825290   1.314794e-4   0.982517769   0.789645151
 14.18289123  -2.472420791   1.328005e-4   0.982246630   0.786138771
 14.32398182  -2.497016291   1.341216e-4   0.981966757   0.782370735
 14.46507241  -2.521611792   1.354427e-4   0.981677660   0.778372465
 14.60616300  -2.546207292   1.367637e-4   0.981378807   0.774169446
 14.74725359  -2.570802792   1.380848e-4   0.981069617   0.769782767
 14.88834418  -2.595398293   1.394059e-4   0.980749453   0.765230162
 15.02943477  -2.619993793   1.407270e-4   0.980417618   0.760526750
 15.17052536  -2.644589294   1.420481e-4   0.980073350   0.755685557
 15.31161595  -2.669184794   1.433692e-4   0.979715806   0.750717920
 15.45270654  -2.693780294   1.446903e-4   0.979344061   0.745633784
 15.59379713  -2.718375795   1.460114e-4   0.978957093   0.740441936
 15.73488772  -2.742971295   1.473325e-4   0.978553766   0.735150190
 15.87597831  -2.767566795   1.486536e-4   0.978132822   0.729765532
 16.01706890  -2.792162296   1.499747e-4   0.977692858   0.724294241
 16.15815949  -2.816757796   1.512958e-4   0.977232305   0.718741986
 16.29925008  -2.841353297   1.526168e-4   0.976749404   0.713113905
 16.44034067  -2.865948797   1.539379e-4   0.976242170   0.707414676
 16.58143126  -2.890544297   1.552590e-4   0.975708364   0.701648567
 16.72252184  -2.915139798   1.565801e-4   0.975145438   0.695819490
 16.86361243  -2.939735298   1.579012e-4   0.974550485   0.689931038
 17.00470302  -2.964330799   1.592223e-4   0.973920172   0.683986523
 17.14579361  -2.988926299   1.605434e-4   0.973250649   0.677989001
 17.28688420  -3.013521799   1.618645e-4   0.972537452   0.671941304
 17.42797479  -3.038117300   1.631856e-4   0.971775361   0.665846058
 17.56906538  -3.062712800   1.645067e-4   0.970958232   0.659705707
 17.71015597  -3.087308301   1.658278e-4   0.970078773   0.653522526
 17.85124656  -3.111903801   1.671489e-4   0.969128257   0.647298642
 17.99233715  -3.136499301   1.684699e-4   0.968096129   0.641036042
 18.13342774  -3.161094802   1.697910e-4   0.966969487   0.634736588
 18.27451833  -3.185690302   1.711121e-4   0.965732362   0.628402029
 18.41560892  -3.210285803   1.724332e-4   0.964364711   0.622034008
 18.55669951  -3.234881303   1.737543e-4   0.962840975   0.615634072
 18.69779010  -3.259476803   1.750754e-4   0.961127950   0.609203679
 18.83888069  -3.284072304   1.763965e-4   0.959181577   0.602744209
 18.97997128  -3.308667804   1.777176e-4   0.956941894   0.596256962
 19.12106187  -3.333263305   1.790387e-4   0.954324799   0.589743175
 19.26215246  -3.357858805   1.803598e-4   0.951207922   0.583204016
 19.40324305  -3.382454305   1.816809e-4   0.947404887   0.576640597
 19.54433363  -3.407049806   1.830020e-4   0.942614735   0.570053976
 19.68542422  -3.431645306   1.843230e-4   0.936312357   0.563445157
 19.82651481  -3.456240806   1.856441e-4   0.927477571   0.556815101
 19.96760540  -3.480836307   1.869652e-4   0.913787225   0.550164724
 20.10869599  -3.505431807   1.882863e-4   0.888428019   0.543494901
 20.24978658  -3.530027308   1.896074e-4   0.823265223   0.536806472
 20.39087717  -3.554622808   1.909285e-4   0.688970069   0.530100241
 20.53196776  -3.579218308   1.922496e-4   0.585712220   0.523376979
 20.67305835  -3.603813809   1.935707e-4   0.515109612   0.516637428
 20.81414894  -3.628409309   1.948918e-4   0.462413553   0.509882304
 20.95523953  -3.653004810   1.962129e-4   0.420748776   0.503112296
 21.09633012  -3.677600310   1.975340e-4   0.386554324   0.496328070
 21.23742071  -3.702195810   1.988550e-4   0.357754657   0.489530271
 21.37851130  -3.726791311   2.001761e-4   0.333032067   0.482719523
 21.51960189  -3.751386811   2.014972e-4   0.311496163   0.475896433
 21.66069248  -3.775982312   2.028183e-4   0.292516331   0.469061591
 21.80178307  -3.800577812   2.041394e-4   0.275629285   0.462215574
 21.94287366  -3.825173312   2.054605e-4   0.260484558   0.455358943
 22.08396425  -3.849768813   2.067816e-4   0.246810604   0.448492250
 22.22505484  -3.874364313   2.081027e-4   0.234392791   0.441616035
 22.36614543  -3.898959814   2.094238e-4   0.223058591   0.434730831
 22.50723601  -3.923555314   2.107449e-4   0.212667301   0.427837163
 22.64832660  -3.948150814   2.120660e-4   0.203102730   0.420935551
 22.78941719  -3.972746315   2.133871e-4   0.194267870   0.414026513
 22.93050778  -3.997341815   2.147081e-4   0.186080944   0.407110561
 23.07159837  -4.021937316   2.160292e-4   0.178472420   0.400188211
 23.21268896  -4.046532816   2.173503e-4   0.171382719   0.393259979
 23.35377955  -4.071128316   2.186714e-4   0.164760436   0.386326385
 23.49487014  -4.095723817   2.199925e-4   0.158560940   0.379387955
 23.63596073  -4.120319317   2.213136e-4   0.152745257   0.372445225
 23.77705132  -4.144914817   2.226347e-4   0.147279178   0.365498741
 23.91814191  -4.169510318   2.239558e-4   0.142132530   0.358549065
 24.05923250  -4.194105818   2.252769e-4   0.137278581   0.351596776
 24.20032309  -4.218701319   2.265980e-4   0.132693552   0.344642477
 24.34141368  -4.243296819   2.279191e-4   0.128356210   0.337686796
 24.48250427  -4.267892319   2.292402e-4   0.124247531   0.330730397
 24.62359486  -4.292487820   2.305612e-4   0.120350408   0.323773979
 24.76468545  -4.317083320   2.318823e-4   0.116649417   0.316818294
 24.90577604  -4.341678821   2.332034e-4   0.113130608   0.309864147
 25.04686663  -4.366274321   2.345245e-4   0.109781327   0.302912413
 25.18795722  -4.390869821   2.358456e-4   0.106590075   0.295964051
 25.32904781  -4.415465322   2.371667e-4   0.103546368   0.289020122
 25.47013839  -4.440060822   2.384878e-4   0.100640630   0.282081813
 25.61122898  -4.464656323   2.398089e-4   0.097864097   0.275150467
 25.75231957  -4.489251823   2.411300e-4   0.095208729   0.268227625
 25.89341016  -4.513847323   2.424511e-4   0.092667137   0.261315077
 26.03450075  -4.538442824   2.437722e-4   0.090232516   0.254414944
 26.17559134  -4.563038324   2.450933e-4   0.087898593   0.247529776
 26.31668193  -4.587633825   2.464143e-4   0.085659568   0.240662718
 26.45777252  -4.612229325   2.477354e-4   0.083510077   0.233817740
 26.59886311  -4.636824825   2.490565e-4   0.081445148   0.227000019
 26.73995370  -4.661420326   2.503776e-4   0.079460164   0.220216573
 26.88104429  -4.686015826   2.516987e-4   0.077550838   0.213477406
 27.02213488  -4.710611327   2.530198e-4   0.075713177   0.206797742
 27.16322547  -4.735206827   2.543409e-4   0.073943460   0.200202838
 27.30431606  -4.759802327   2.556620e-4   0.072238216   0.193738651
 27.44540665  -4.784397828   2.569831e-4   0.070594203   0.187485012
 27.58649724  -4.808993328   2.583042e-4   0.069008388   0.181531733
 27.72758783  -4.833588828   2.596253e-4   0.067477932   0.175909666
 27.86867842  -4.858184329   2.609464e-4   0.066000174   0.170607444
 28.00976901  -4.882779829   2.622674e-4   0.064572617   0.165601126
 28.15085960  -4.907375330   2.635885e-4   0.063192916   0.160865641
 28.29195018  -4.931970830   2.649096e-4   0.061858868   0.156377782
 28.43304077  -4.956566330   2.662307e-4   0.060568398   0.152116785
 28.57413136  -4.981161831   2.675518e-4   0.059319554   0.148064244
 28.71522195  -5.005757331   2.688729e-4   0.058110495   0.144203856
 28.85631254  -5.030352832   2.701940e-4   0.056939484   0.140521138
 28.99740313  -5.054948332   2.715151e-4   0.055804881   0.137003178
 29.13849372  -5.079543832   2.728362e-4   0.054705138   0.133638414
 29.27958431  -5.104139333   2.741573e-4   0.053638789   0.130416452
 29.42067490  -5.128734833   2.754784e-4   0.052604450   0.127327910
 29.56176549  -5.153330334   2.767994e-4   0.051600806   0.124364284
 29.70285608  -5.177925834   2.781205e-4   0.050626614   0.121517844
 29.84394667  -5.202521334   2.794416e-4   0.049680696   0.118781540
 29.98503726  -5.227116835   2.807627e-4   0.048761931   0.116148918
 30.12612785  -5.251712335   2.820838e-4   0.047869256   0.113614057
 30.26721844  -5.276307836   2.834049e-4   0.047001663   0.111171513
 30.40830903  -5.300903336   2.847260e-4   0.046158192   0.108816261
 30.54939962  -5.325498836   2.860471e-4   0.045337928   0.106543659
 30.69049021  -5.350094337   2.873682e-4   0.044540004   0.104349409
 30.83158080  -5.374689837   2.886893e-4   0.043763592   0.102229518
 30.97267139  -5.399285338   2.900104e-4   0.043007903   0.100180276
 31.11376198  -5.423880838   2.913315e-4   0.042272185   0.098198228
 31.25485256  -5.448476338   2.926525e-4   0.041555721   0.096280149
 31.39594315  -5.473071839   2.939736e-4   0.040857828   0.094423026
 31.53703374  -5.497667339   2.952947e-4   0.040177850   0.092624039
 31.67812433  -5.522262839   2.966158e-4   0.039515165   0.090880546
 31.81921492  -5.546858340   2.979369e-4   0.038869176   0.089190068
 31.96030551  -5.571453840   2.992580e-4   0.038239311   0.087550275
 32.10139610  -5.596049341   3.005791e-4   0.037625026   0.085958975
 32.24248669  -5.620644841   3.019002e-4   0.037025798   0.084414106
 32.38357728  -5.645240341   3.032213e-4   0.036441128   0.082913721
 32.52466787  -5.669835842   3.045424e-4   0.035870535   0.081455984
 32.66575846  -5.694431342   3.058635e-4   0.035313561   0.080039160
 32.80684905  -5.719026843   3.071846e-4   0.034769766   0.078661610
 32.94793964  -5.743622343   3.085056e-4   0.034238729   0.077321780
 33.08903023  -5.768217843   3.098267e-4   0.033720043   0.076018200
 33.23012082  -5.792813344   3.111478e-4   0.033213321   0.074749475
 33.37121141  -5.817408844   3.124689e-4   0.032718189   0.073514282
 33.51230200  -5.842004345   3.137900e-4   0.032234289   0.072311364
 33.65339259  -5.866599845   3.151111e-4   0.031761277   0.071139528
 33.79448318  -5.891195345   3.164322e-4   0.031298822   0.069997637
 33.93557377  -5.915790846   3.177533e-4   0.030846604   0.068884610
 34.07666436  -5.940386346   3.190744e-4   0.030404319   0.067799417
 34.21775494  -5.964981847   3.203955e-4   0.029971672   0.066741079
 34.35884553  -5.989577347   3.217166e-4   0.029548378   0.065708658
 34.49993612  -6.014172847   3.230377e-4   0.029134166   0.064701263
 34.64102671  -6.038768348   3.243587e-4   0.028728773   0.063718040
 34.78211730  -6.063363848   3.256798e-4   0.028331944   0.062758175
 34.92320789  -6.087959349   3.270009e-4   0.027943436   0.061820890
 35.06429848  -6.112554849   3.283220e-4   0.027563014   0.060905440
 35.20538907  -6.137150349   3.296431e-4   0.027190450   0.060011113
 35.34647966  -6.161745850   3.309642e-4   0.026825527   0.059137227
 35.48757025  -6.186341350   3.322853e-4   0.026468032   0.058283128
 35.62866084  -6.210936850   3.336064e-4   0.026117763   0.057448191
 35.76975143  -6.235532351   3.349275e-4   0.025774521   0.056631814
 35.91084202  -6.260127851   3.362486e-4   0.025438118   0.055833421
 36.05193261  -6.284723352   3.375697e-4   0.025108370   0.055052461
 36.19302320  -6.309318852   3.388907e-4   0.024785099   0.054288402
 36.33411379  -6.333914352   3.402118e-4   0.024468135   0.053540735
 36.47520438  -6.358509853   3.415329e-4   0.024157311   0.052808970
 36.61629497  -6.383105353   3.428540e-4   0.023852467   0.052092635
 36.75738556  -6.407700854   3.441751e-4   0.023553449   0.051391279
 36.89847615  -6.432296354   3.454962e-4   0.023260108   0.050704465
 37.03956673  -6.456891854   3.468173e-4   0.022972297   0.050031773
 37.18065732  -6.481487355   3.481384e-4   0.022689876   0.049372801
 37.32174791  -6.506082855   3.494595e-4   0.022412711   0.048727159
 37.46283850  -6.530678356   3.507806e-4   0.022140669   0.048094473
 37.60392909  -6.555273856   3.521017e-4   0.021873623   0.047474381
 37.74501968  -6.579869356   3.534228e-4   0.021611449   0.046866536
 37.88611027  -6.604464857   3.547438e-4   0.021354029   0.046270600
 38.02720086  -6.629060357   3.560649e-4   0.021101246   0.045686251
 38.16829145  -6.653655858   3.573860e-4   0.020852988   0.045113175
 38.30938204  -6.678251358   3.587071e-4   0.020609147   0.044551070
 38.45047263  -6.702846858   3.600282e-4   0.020369616   0.043999645
 38.59156322  -6.727442359   3.613493e-4   0.020134293   0.043458618
 38.73265381  -6.752037859   3.626704e-4   0.019903080   0.042927717
 38.87374440  -6.776633360   3.639915e-4   0.019675879   0.042406678
 39.01483499  -6.801228860   3.653126e-4   0.019452597   0.041895248
 39.15592558  -6.825824360   3.666337e-4   0.019233144   0.041393179
 39.29701617  -6.850419861   3.679548e-4   0.019017431   0.040900234
 39.43810676  -6.875015361   3.692759e-4   0.018805372   0.040416182
 39.57919735  -6.899610861   3.705969e-4   0.018596885   0.039940800
 39.72028794  -6.924206362   3.719180e-4   0.018391889   0.039473872
 39.86137853  -6.948801862   3.732391e-4   0.018190305   0.039015189
 40.00246911  -6.973397363   3.745602e-4   0.017992057   0.038564549
 40.14355970  -6.997992863   3.758813e-4   0.017797071   0.038121754
 40.28465029  -7.022588363   3.772024e-4   0.017605276   0.037686614
 40.42574088  -7.047183864   3.785235e-4   0.017416600   0.037258946
 40.56683147  -7.071779364   3.798446e-4   0.017230977   0.036838569
 40.70792206  -7.096374865   3.811657e-4   0.017048339   0.036425310
 40.84901265  -7.120970365   3.824868e-4   0.016868622   0.036019000
 40.99010324  -7.145565865   3.838079e-4   0.016691764   0.035619477
 41.13119383  -7.170161366   3.851290e-4   0.016517704   0.035226581
 41.27228442  -7.194756866   3.864500e-4   0.016346382   0.034840158
 41.41337501  -7.219352367   3.877711e-4   0.016177740   0.034460058
 41.55446560  -7.243947867   3.890922e-4   0.016011723   0.034086137
 41.69555619  -7.268543367   3.904133e-4   0.015848276   0.033718252
 41.83664678  -7.293138868   3.917344e-4   0.015687345   0.033356266
 41.97773737  -7.317734368   3.930555e-4   0.015528878   0.033000045
 42.11882796  -7.342329869   3.943766e-4   0.015372825   0.032649461
 42.25991855  -7.366925369   3.956977e-4   0.015219136   0.032304385
 42.40100914  -7.391520869   3.970188e-4   0.015067765   0.031964697
 42.54209973  -7.416116370   3.983399e-4   0.014918662   0.031630275
 42.68319032  -7.440711870   3.996610e-4   0.014771784   0.031301003
 42.82428091  -7.465307371   4.009820e-4   0.014627086   0.030976769
 42.96537149  -7.489902871   4.023031e-4   0.014484524   0.030657461
 43.10646208  -7.514498371   4.036242e-4   0.014344056   0.030342972
 43.24755267  -7.539093872   4.049453e-4   0.014205641   0.030033197
 43.38864326  -7.563689372   4.062664e-4   0.014069239   0.029728034
 43.52973385  -7.588284872   4.075875e-4   0.013934810   0.029427384
 43.67082444  -7.612880373   4.089086e-4   0.013802317   0.029131149
 43.81191503  -7.637475873   4.102297e-4   0.013671722   0.028839235
 43.95300562  -7.662071374   4.115508e-4   0.013542988   0.028551548
 44.09409621  -7.686666874   4.128719e-4   0.013416080   0.028268000
 44.23518680  -7.711262374   4.141930e-4   0.013290964   0.027988501
 44.37627739  -7.735857875   4.155141e-4   0.013167605   0.027712965
 44.51736798  -7.760453375   4.168351e-4   0.013045970   0.027441309
 44.65845857  -7.785048876   4.181562e-4   0.012926028   0.027173451
 44.79954916  -7.809644376   4.194773e-4   0.012807746   0.026909308
 44.94063975  -7.834239876   4.207984e-4   0.012691095   0.026648805
 45.08173034  -7.858835377   4.221195e-4   0.012576043   0.026391862
 45.22282093  -7.883430877   4.234406e-4   0.012462562   0.026138405
 45.36391152  -7.908026378   4.247617e-4   0.012350622   0.025888360
 45.50500211  -7.932621878   4.260828e-4   0.012240197   0.025641654
 45.64609270  -7.957217378   4.274039e-4   0.012131257   0.025398218
 45.78718328  -7.981812879   4.287250e-4   0.012023778   0.025157980
 45.92827387  -8.006408379   4.300461e-4   0.011917731   0.024920873
 46.06936446  -8.031003880   4.313672e-4   0.011813093   0.024686829
 46.21045505  -8.055599380   4.326882e-4   0.011709837   0.024455784
 46.35154564  -8.080194880   4.340093e-4   0.011607940   0.024227671
 46.49263623  -8.104790381   4.353304e-4   0.011507377   0.024002427
 46.63372682  -8.129385881   4.366515e-4   0.011408126   0.023779989
 46.77481741  -8.153981382   4.379726e-4   0.011310163   0.023560294
 46.91590800  -8.178576882   4.392937e-4   0.011213465   0.023343283
 47.05699859  -8.203172382   4.406148e-4   0.011118012   0.023128893
 47.19808918  -8.227767883   4.419359e-4   0.011023781   0.022917066
 47.33917977  -8.252363383   4.432570e-4   0.010930752   0.022707741
 47.48027036  -8.276958883   4.445781e-4   0.010838904   0.022500861
 47.62136095  -8.301554384   4.458992e-4   0.010748217   0.022296366
 47.76245154  -8.326149884   4.472203e-4   0.010658672   0.022094199
 47.90354213  -8.350745385   4.485413e-4   0.010570249   0.021894300
 48.04463272  -8.375340885   4.498624e-4   0.010482930   0.021696614
 48.18572331  -8.399936385   4.511835e-4   0.010396695   0.021501081
 48.32681390  -8.424531886   4.525046e-4   0.010311528   0.021307643
 48.46790449  -8.449127386   4.538257e-4   0.010227410   0.021116242
 48.60899508  -8.473722887   4.551468e-4   0.010144324   0.020926819
 48.75008566  -8.498318387   4.564679e-4   0.010062253   0.020739315
 48.89117625  -8.522913887   4.577890e-4   0.009981181   0.020553668
 49.03226684  -8.547509388   4.591101e-4   0.009901091   0.020369818
 49.17335743  -8.572104888   4.604312e-4   0.009821968   0.020187702
 49.31444802  -8.596700389   4.617523e-4   0.009743795   0.020007254
 49.45553861  -8.621295889   4.630734e-4   0.009666558   0.019828408
 49.59662920  -8.645891389   4.643944e-4   0.009590242   0.019651096
 49.73771979  -8.670486890   4.657155e-4   0.009514832   0.019475245
 49.87881038  -8.695082390   4.670366e-4   0.009440313   0.019300780
 50.01990097  -8.719677891   4.683577e-4   0.009366671   0.019127622
 50.16099156  -8.744273391   4.696788e-4   0.009293894   0.018955685
 50.30208215  -8.768868891   4.709999e-4   0.009221966   0.018784880
 50.44317274  -8.793464392   4.723210e-4   0.009150876   0.018615108
 50.58426333  -8.818059892   4.736421e-4   0.009080609   0.018446265
 50.72535392  -8.842655393   4.749632e-4   0.009011153   0.018278232
 50.86644451  -8.867250893   4.762843e-4   0.008942496   0.018110879
 51.00753510  -8.891846393   4.776054e-4   0.008874625   0.017944060
 51.14862569  -8.916441894   4.789264e-4   0.008807529   0.017777607
 51.28971628  -8.941037394   4.802475e-4   0.008741195   0.017611325
 51.43080687  -8.965632894   4.815686e-4   0.008675612   0.017444984
 51.57189746  -8.990228395   4.828897e-4   0.008610769   0.017278306
 51.71298804  -9.014823895   4.842108e-4   0.008546654   0.017110944
 51.85407863  -9.039419396   4.855319e-4   0.008483256   0.016942454
 51.99516922  -9.064014896   4.868530e-4   0.008420565   0.016772239
 52.13625981  -9.088610396   4.881741e-4   0.008358571   0.016599445
 52.27735040  -9.113205897   4.894952e-4   0.008297262   0.016422729
 52.41844099  -9.137801397   4.908163e-4   0.008236629   0.016239568
 52.55953158  -9.162396898   4.921374e-4   0.008176662   0.016042401
 52.70062217  -9.186992398   4.934585e-4   0.008117351   0.015832099
 52.84171276  -9.211587898   4.947795e-4   0.008058687   0.015622903
 52.98280335  -9.236183399   4.961006e-4   0.008000659   0.015415312
 53.12389394  -9.260778899   4.974217e-4   0.007943260   0.015209440
 53.26498453  -9.285374400   4.987428e-4   0.007886479   0.015005323
 53.40607512  -9.309969900   5.000639e-4   0.007830308   0.014802969
 53.54716571  -9.334565400   5.013850e-4   0.007774738   0.014602372
 53.68825630  -9.359160901   5.027061e-4   0.007719760   0.014403521
 53.82934689  -9.383756401   5.040272e-4   0.007665367   0.014206403
 53.97043748  -9.408351902   5.053483e-4   0.007611549   0.014011001
 54.11152807  -9.432947402   5.066694e-4   0.007558299   0.013817296
 54.25261866  -9.457542902   5.079905e-4   0.007505609   0.013625272
 54.39370925  -9.482138403   5.093116e-4   0.007453470   0.013434909
 54.53479983  -9.506733903   5.106326e-4   0.007401876   0.013246187
 54.67589042  -9.531329403   5.119537e-4   0.007350818   0.013059089
 54.81698101  -9.555924904   5.132748e-4   0.007300289   0.012873595
 54.95807160  -9.580520404   5.145959e-4   0.007250282   0.012689685
 55.09916219  -9.605115905   5.159170e-4   0.007200789   0.012507342
 55.24025278  -9.629711405   5.172381e-4   0.007151804   0.012326546
 55.38134337  -9.654306905   5.185592e-4   0.007103320   0.012147280
 55.52243396  -9.678902406   5.198803e-4   0.007055329   0.011969524
 55.66352455  -9.703497906   5.212014e-4   0.007007825   0.011793262
 55.80461514  -9.728093407   5.225225e-4   0.006960801   0.011618474
 55.94570573  -9.752688907   5.238436e-4   0.006914252   0.011445145
 56.08679632  -9.777284407   5.251647e-4   0.006868169   0.011273255
 56.22788691  -9.801879908   5.264857e-4   0.006822549   0.011102789
 56.36897750  -9.826475408   5.278068e-4   0.006777383   0.010933730
 56.51006809  -9.851070909   5.291279e-4   0.006732666   0.010766061
 56.65115868  -9.875666409   5.304490e-4   0.006688392   0.010599765
 56.79224927  -9.900261909   5.317701e-4   0.006644556   0.010434828
 56.93333986  -9.924857410   5.330912e-4   0.006601151   0.010271232
 57.07443045  -9.949452910   5.344123e-4   0.006558172   0.010108962
 57.21552104  -9.974048411   5.357334e-4   0.006515613   0.009948004
 57.35661163  -9.998643911   5.370545e-4   0.006473468   0.009788342
 57.49770221  -10.02323941   5.383756e-4   0.006431733   0.009629961
 57.63879280  -10.04783491   5.396967e-4   0.006390403   0.009472847
 57.77988339  -10.07243041   5.410177e-4   0.006349470   0.009316985
 57.92097398  -10.09702591   5.423388e-4   0.006308932   0.009162361
 58.06206457  -10.12162141   5.436599e-4   0.006268782   0.009008962
 58.20315516  -10.14621691   5.449810e-4   0.006229016   0.008856773
 58.34424575  -10.17081241   5.463021e-4   0.006189628   0.008705781
 58.48533634  -10.19540791   5.476232e-4   0.006150615   0.008555973
 58.62642693  -10.22000341   5.489443e-4   0.006111971   0.008407335
 58.76751752  -10.24459891   5.502654e-4   0.006073691   0.008259856
 58.90860811  -10.26919442   5.515865e-4   0.006035771   0.008113522
 59.04969870  -10.29378992   5.529076e-4   0.005998207   0.007968321
 59.19078929  -10.31838542   5.542287e-4   0.005960993   0.007824240
 59.33187988  -10.34298092   5.555498e-4   0.005924126   0.007681269
 59.47297047  -10.36757642   5.568708e-4   0.005887602   0.007539394