#XDI/1.1
# X-ray Monochromator Darwin Width from xrayweb  Wed Dec 10 08:24:16 2025
# Monochromator.xtal        : Si
# Monochromator.hkl         : 1 1 1
# Monochromator.polarization: 's'
# Monochromator.theta       : 6.815496 (deg)
# Monochromator.theta_width : 15.813149 (microrad)
# Monochromator.energy_width: 2.204263 (eV)
# Monochromator.theta_fwhm  : 16.772378 (microrad)
# Monochromator.rocking_fwhm: 22.138409 (microrad)
# Monochromator.energy_fwhm : 2.337974 (eV)
# Xray.Energy               : 16660 (eV)
# Column.1: dtheta (microrad)
# Column.2: denergy (eV)
# Column.3: zeta (delta_lambda / lambda)
# Column.4: intensity
# Column.5: rocking_curve
#---------------------
# {' '.join(array_names)}
-37.06413128   5.166528104  -3.101157e-4   0.005872699   0.007602913
-36.90599979   5.144485478  -3.087926e-4   0.005909084   0.007744908
-36.74786829   5.122442851  -3.074696e-4   0.005945810   0.007887954
-36.58973680   5.100400225  -3.061465e-4   0.005982880   0.008032061
-36.43160531   5.078357598  -3.048234e-4   0.006020300   0.008177242
-36.27347381   5.056314971  -3.035003e-4   0.006058073   0.008323508
-36.11534232   5.034272345  -3.021772e-4   0.006096205   0.008470870
-35.95721082   5.012229718  -3.008541e-4   0.006134699   0.008619340
-35.79907933   4.990187091  -2.995310e-4   0.006173560   0.008768931
-35.64094784   4.968144465  -2.982080e-4   0.006212793   0.008919653
-35.48281634   4.946101838  -2.968849e-4   0.006252403   0.009071521
-35.32468485   4.924059212  -2.955618e-4   0.006292395   0.009224545
-35.16655335   4.902016585  -2.942387e-4   0.006332773   0.009378739
-35.00842186   4.879973958  -2.929156e-4   0.006373543   0.009534115
-34.85029037   4.857931332  -2.915925e-4   0.006414710   0.009690686
-34.69215887   4.835888705  -2.902694e-4   0.006456278   0.009848464
-34.53402738   4.813846078  -2.889463e-4   0.006498254   0.010007463
-34.37589588   4.791803452  -2.876233e-4   0.006540642   0.010167695
-34.21776439   4.769760825  -2.863002e-4   0.006583448   0.010329174
-34.05963290   4.747718198  -2.849771e-4   0.006626677   0.010491914
-33.90150140   4.725675572  -2.836540e-4   0.006670336   0.010655926
-33.74336991   4.703632945  -2.823309e-4   0.006714429   0.010821226
-33.58523842   4.681590319  -2.810078e-4   0.006758963   0.010987825
-33.42710692   4.659547692  -2.796847e-4   0.006803944   0.011155739
-33.26897543   4.637505065  -2.783616e-4   0.006849377   0.011324979
-33.11084393   4.615462439  -2.770386e-4   0.006895269   0.011495559
-32.95271244   4.593419812  -2.757155e-4   0.006941626   0.011667494
-32.79458095   4.571377185  -2.743924e-4   0.006988454   0.011840795
-32.63644945   4.549334559  -2.730693e-4   0.007035760   0.012015476
-32.47831796   4.527291932  -2.717462e-4   0.007083550   0.012191549
-32.32018646   4.505249305  -2.704231e-4   0.007131831   0.012369028
-32.16205497   4.483206679  -2.691000e-4   0.007180610   0.012547923
-32.00392348   4.461164052  -2.677770e-4   0.007229893   0.012728247
-31.84579198   4.439121426  -2.664539e-4   0.007279688   0.012910009
-31.68766049   4.417078799  -2.651308e-4   0.007330002   0.013093219
-31.52952900   4.395036172  -2.638077e-4   0.007380842   0.013277887
-31.37139750   4.372993546  -2.624846e-4   0.007432215   0.013464018
-31.21326601   4.350950919  -2.611615e-4   0.007484129   0.013651618
-31.05513451   4.328908292  -2.598384e-4   0.007536592   0.013840687
-30.89700302   4.306865666  -2.585153e-4   0.007589611   0.014031226
-30.73887153   4.284823039  -2.571923e-4   0.007643194   0.014223226
-30.58074003   4.262780413  -2.558692e-4   0.007697350   0.014416674
-30.42260854   4.240737786  -2.545461e-4   0.007752087   0.014611548
-30.26447704   4.218695159  -2.532230e-4   0.007807412   0.014807808
-30.10634555   4.196652533  -2.518999e-4   0.007863336   0.015005396
-29.94821406   4.174609906  -2.505768e-4   0.007919865   0.015204216
-29.79008256   4.152567279  -2.492537e-4   0.007977009   0.015404108
-29.63195107   4.130524653  -2.479307e-4   0.008034778   0.015604791
-29.47381957   4.108482026  -2.466076e-4   0.008093180   0.015805705
-29.31568808   4.086439399  -2.452845e-4   0.008152224   0.016005504
-29.15755659   4.064396773  -2.439614e-4   0.008211921   0.016200307
-28.99942509   4.042354146  -2.426383e-4   0.008272279   0.016385897
-28.84129360   4.020311520  -2.413152e-4   0.008333309   0.016564664
-28.68316211   3.998268893  -2.399921e-4   0.008395020   0.016739056
-28.52503061   3.976226266  -2.386690e-4   0.008457424   0.016910537
-28.36689912   3.954183640  -2.373460e-4   0.008520530   0.017080049
-28.20876762   3.932141013  -2.360229e-4   0.008584349   0.017248250
-28.05063613   3.910098386  -2.346998e-4   0.008648892   0.017415625
-27.89250464   3.888055760  -2.333767e-4   0.008714170   0.017582547
-27.73437314   3.866013133  -2.320536e-4   0.008780194   0.017749316
-27.57624165   3.843970506  -2.307305e-4   0.008846976   0.017916178
-27.41811015   3.821927880  -2.294074e-4   0.008914527   0.018083340
-27.25997866   3.799885253  -2.280843e-4   0.008982860   0.018250979
-27.10184717   3.777842627  -2.267613e-4   0.009051986   0.018419249
-26.94371567   3.755800000  -2.254382e-4   0.009121918   0.018588286
-26.78558418   3.733757373  -2.241151e-4   0.009192669   0.018758212
-26.62745268   3.711714747  -2.227920e-4   0.009264251   0.018929138
-26.46932119   3.689672120  -2.214689e-4   0.009336678   0.019101165
-26.31118970   3.667629493  -2.201458e-4   0.009409963   0.019274385
-26.15305820   3.645586867  -2.188227e-4   0.009484120   0.019448887
-25.99492671   3.623544240  -2.174997e-4   0.009559163   0.019624751
-25.83679522   3.601501614  -2.161766e-4   0.009635105   0.019802054
-25.67866372   3.579458987  -2.148535e-4   0.009711962   0.019980871
-25.52053223   3.557416360  -2.135304e-4   0.009789749   0.020161271
-25.36240073   3.535373734  -2.122073e-4   0.009868480   0.020343323
-25.20426924   3.513331107  -2.108842e-4   0.009948171   0.020527091
-25.04613775   3.491288480  -2.095611e-4   0.010028838   0.020712640
-24.88800625   3.469245854  -2.082380e-4   0.010110497   0.020900032
-24.72987476   3.447203227  -2.069150e-4   0.010193164   0.021089328
-24.57174326   3.425160600  -2.055919e-4   0.010276856   0.021280589
-24.41361177   3.403117974  -2.042688e-4   0.010361590   0.021473873
-24.25548028   3.381075347  -2.029457e-4   0.010447384   0.021669240
-24.09734878   3.359032721  -2.016226e-4   0.010534256   0.021866748
-23.93921729   3.336990094  -2.002995e-4   0.010622224   0.022066456
-23.78108580   3.314947467  -1.989764e-4   0.010711306   0.022268421
-23.62295430   3.292904841  -1.976534e-4   0.010801522   0.022472703
-23.46482281   3.270862214  -1.963303e-4   0.010892890   0.022679359
-23.30669131   3.248819587  -1.950072e-4   0.010985432   0.022888448
-23.14855982   3.226776961  -1.936841e-4   0.011079167   0.023100029
-22.99042833   3.204734334  -1.923610e-4   0.011174116   0.023314162
-22.83229683   3.182691707  -1.910379e-4   0.011270300   0.023530906
-22.67416534   3.160649081  -1.897148e-4   0.011367740   0.023750322
-22.51603384   3.138606454  -1.883917e-4   0.011466460   0.023972472
-22.35790235   3.116563828  -1.870687e-4   0.011566482   0.024197417
-22.19977086   3.094521201  -1.857456e-4   0.011667828   0.024425221
-22.04163936   3.072478574  -1.844225e-4   0.011770523   0.024655947
-21.88350787   3.050435948  -1.830994e-4   0.011874591   0.024889661
-21.72537637   3.028393321  -1.817763e-4   0.011980056   0.025126428
-21.56724488   3.006350694  -1.804532e-4   0.012086944   0.025366315
-21.40911339   2.984308068  -1.791301e-4   0.012195281   0.025609391
-21.25098189   2.962265441  -1.778070e-4   0.012305093   0.025855725
-21.09285040   2.940222815  -1.764840e-4   0.012416408   0.026105388
-20.93471891   2.918180188  -1.751609e-4   0.012529252   0.026358452
-20.77658741   2.896137561  -1.738378e-4   0.012643656   0.026614991
-20.61845592   2.874094935  -1.725147e-4   0.012759647   0.026875080
-20.46032442   2.852052308  -1.711916e-4   0.012877256   0.027138796
-20.30219293   2.830009681  -1.698685e-4   0.012996512   0.027406218
-20.14406144   2.807967055  -1.685454e-4   0.013117448   0.027677425
-19.98592994   2.785924428  -1.672224e-4   0.013240095   0.027952500
-19.82779845   2.763881801  -1.658993e-4   0.013364486   0.028231527
-19.66966695   2.741839175  -1.645762e-4   0.013490654   0.028514592
-19.51153546   2.719796548  -1.632531e-4   0.013618634   0.028801783
-19.35340397   2.697753922  -1.619300e-4   0.013748461   0.029093189
-19.19527247   2.675711295  -1.606069e-4   0.013880171   0.029388903
-19.03714098   2.653668668  -1.592838e-4   0.014013800   0.029689019
-18.87900948   2.631626042  -1.579607e-4   0.014149388   0.029993635
-18.72087799   2.609583415  -1.566377e-4   0.014286971   0.030302849
-18.56274650   2.587540788  -1.553146e-4   0.014426592   0.030616764
-18.40461500   2.565498162  -1.539915e-4   0.014568289   0.030935485
-18.24648351   2.543455535  -1.526684e-4   0.014712105   0.031259117
-18.08835202   2.521412908  -1.513453e-4   0.014858083   0.031587772
-17.93022052   2.499370282  -1.500222e-4   0.015006266   0.031921563
-17.77208903   2.477327655  -1.486991e-4   0.015156701   0.032260605
-17.61395753   2.455285029  -1.473761e-4   0.015309433   0.032605018
-17.45582604   2.433242402  -1.460530e-4   0.015464509   0.032954924
-17.29769455   2.411199775  -1.447299e-4   0.015621979   0.033310450
-17.13956305   2.389157149  -1.434068e-4   0.015781892   0.033671725
-16.98143156   2.367114522  -1.420837e-4   0.015944301   0.034038882
-16.82330006   2.345071895  -1.407606e-4   0.016109256   0.034412058
-16.66516857   2.323029269  -1.394375e-4   0.016276814   0.034791394
-16.50703708   2.300986642  -1.381144e-4   0.016447028   0.035177035
-16.34890558   2.278944015  -1.367914e-4   0.016619958   0.035569130
-16.19077409   2.256901389  -1.354683e-4   0.016795660   0.035967833
-16.03264260   2.234858762  -1.341452e-4   0.016974196   0.036373302
-15.87451110   2.212816136  -1.328221e-4   0.017155627   0.036785700
-15.71637961   2.190773509  -1.314990e-4   0.017340017   0.037205195
-15.55824811   2.168730882  -1.301759e-4   0.017527432   0.037631961
-15.40011662   2.146688256  -1.288528e-4   0.017717939   0.038066175
-15.24198513   2.124645629  -1.275297e-4   0.017911607   0.038508021
-15.08385363   2.102603002  -1.262067e-4   0.018108507   0.038957690
-14.92572214   2.080560376  -1.248836e-4   0.018308712   0.039415377
-14.76759064   2.058517749  -1.235605e-4   0.018512299   0.039881285
-14.60945915   2.036475123  -1.222374e-4   0.018719343   0.040355621
-14.45132766   2.014432496  -1.209143e-4   0.018929926   0.040838601
-14.29319616   1.992389869  -1.195912e-4   0.019144129   0.041330447
-14.13506467   1.970347243  -1.182681e-4   0.019362037   0.041831389
-13.97693317   1.948304616  -1.169451e-4   0.019583737   0.042341665
-13.81880168   1.926261989  -1.156220e-4   0.019809318   0.042861519
-13.66067019   1.904219363  -1.142989e-4   0.020038874   0.043391205
-13.50253869   1.882176736  -1.129758e-4   0.020272498   0.043930986
-13.34440720   1.860134109  -1.116527e-4   0.020510290   0.044481133
-13.18627571   1.838091483  -1.103296e-4   0.020752350   0.045041926
-13.02814421   1.816048856  -1.090065e-4   0.020998782   0.045613657
-12.87001272   1.794006230  -1.076834e-4   0.021249695   0.046196626
-12.71188122   1.771963603  -1.063604e-4   0.021505199   0.046791145
-12.55374973   1.749920976  -1.050373e-4   0.021765407   0.047397537
-12.39561824   1.727878350  -1.037142e-4   0.022030439   0.048016136
-12.23748674   1.705835723  -1.023911e-4   0.022300416   0.048647290
-12.07935525   1.683793096  -1.010680e-4   0.022575464   0.049291359
-11.92122375   1.661750470  -9.974493e-5   0.022855712   0.049948715
-11.76309226   1.639707843  -9.842184e-5   0.023141294   0.050619747
-11.60496077   1.617665216  -9.709875e-5   0.023432350   0.051304857
-11.44682927   1.595622590  -9.577567e-5   0.023729021   0.052004463
-11.28869778   1.573579963  -9.445258e-5   0.024031456   0.052718999
-11.13056629   1.551537337  -9.312949e-5   0.024339807   0.053448916
-10.97243479   1.529494710  -9.180641e-5   0.024654233   0.054194683
-10.81430330   1.507452083  -9.048332e-5   0.024974896   0.054956790
-10.65617180   1.485409457  -8.916023e-5   0.025301966   0.055735743
-10.49804031   1.463366830  -8.783714e-5   0.025635617   0.056532071
-10.33990882   1.441324203  -8.651406e-5   0.025976031   0.057346327
-10.18177732   1.419281577  -8.519097e-5   0.026323394   0.058179082
-10.02364583   1.397238950  -8.386788e-5   0.026677901   0.059030937
-9.865514334   1.375196324  -8.254480e-5   0.027039752   0.059902515
-9.707382840   1.353153697  -8.122171e-5   0.027409156   0.060794467
-9.549251346   1.331111070  -7.989862e-5   0.027786327   0.061707473
-9.391119852   1.309068444  -7.857554e-5   0.028171491   0.062642244
-9.232988358   1.287025817  -7.725245e-5   0.028564878   0.063599522
-9.074856865   1.264983190  -7.592936e-5   0.028966729   0.064580082
-8.916725371   1.242940564  -7.460628e-5   0.029377293   0.065584736
-8.758593877   1.220897937  -7.328319e-5   0.029796830   0.066614335
-8.600462383   1.198855310  -7.196010e-5   0.030225608   0.067669769
-8.442330889   1.176812684  -7.063702e-5   0.030663906   0.068751970
-8.284199395   1.154770057  -6.931393e-5   0.031112014   0.069861918
-8.126067901   1.132727431  -6.799084e-5   0.031570233   0.071000638
-7.967936407   1.110684804  -6.666776e-5   0.032038878   0.072169210
-7.809804914   1.088642177  -6.534467e-5   0.032518273   0.073368765
-7.651673420   1.066599551  -6.402158e-5   0.033008757   0.074600496
-7.493541926   1.044556924  -6.269849e-5   0.033510683   0.075865656
-7.335410432   1.022514297  -6.137541e-5   0.034024417   0.077165566
-7.177278938   1.000471671  -6.005232e-5   0.034550343   0.078501618
-7.019147444   0.978429044  -5.872923e-5   0.035088858   0.079875278
-6.861015950   0.956386417  -5.740615e-5   0.035640378   0.081288098
-6.702884456   0.934343791  -5.608306e-5   0.036205334   0.082741716
-6.544752963   0.912301164  -5.475997e-5   0.036784177   0.084237864
-6.386621469   0.890258538  -5.343689e-5   0.037377380   0.085778376
-6.228489975   0.868215911  -5.211380e-5   0.037985432   0.087365196
-6.070358481   0.846173284  -5.079071e-5   0.038608847   0.089000387
-5.912226987   0.824130658  -4.946763e-5   0.039248160   0.090686141
-5.754095493   0.802088031  -4.814454e-5   0.039903933   0.092424787
-5.595963999   0.780045404  -4.682145e-5   0.040576751   0.094218805
-5.437832505   0.758002778  -4.549837e-5   0.041267227   0.096070842
-5.279701012   0.735960151  -4.417528e-5   0.041976001   0.097983720
-5.121569518   0.713917525  -4.285219e-5   0.042703746   0.099960459
-4.963438024   0.691874898  -4.152911e-5   0.043451165   0.102004292
-4.805306530   0.669832271  -4.020602e-5   0.044218995   0.104118687
-4.647175036   0.647789645  -3.888293e-5   0.045008010   0.106307368
-4.489043542   0.625747018  -3.755985e-5   0.045819021   0.108574348
-4.330912048   0.603704391  -3.623676e-5   0.046652880   0.110923950
-4.172780554   0.581661765  -3.491367e-5   0.047510481   0.113360852
-4.014649061   0.559619138  -3.359058e-5   0.048392766   0.115890118
-3.856517567   0.537576511  -3.226750e-5   0.049300723   0.118517249
-3.698386073   0.515533885  -3.094441e-5   0.050235392   0.121248236
-3.540254579   0.493491258  -2.962132e-5   0.051197870   0.124089622
-3.382123085   0.471448632  -2.829824e-5   0.052189311   0.127048575
-3.223991591   0.449406005  -2.697515e-5   0.053210932   0.130132978
-3.065860097   0.427363378  -2.565206e-5   0.054264017   0.133351529
-2.907728603   0.405320752  -2.432898e-5   0.055349921   0.136713875
-2.749597110   0.383278125  -2.300589e-5   0.056470077   0.140230758
-2.591465616   0.361235498  -2.168280e-5   0.057625999   0.143914215
-2.433334122   0.339192872  -2.035972e-5   0.058819288   0.147777812
-2.275202628   0.317150245  -1.903663e-5   0.060051642   0.151836950
-2.117071134   0.295107618  -1.771354e-5   0.061324857   0.156109269
-1.958939640   0.273064992  -1.639046e-5   0.062640840   0.160615169
-1.800808146   0.251022365  -1.506737e-5   0.064001614   0.165378537
-1.642676652   0.228979739  -1.374428e-5   0.065409330   0.170427765
-1.484545159   0.206937112  -1.242120e-5   0.066866274   0.175797235
-1.326413665   0.184894485  -1.109811e-5   0.068374879   0.181529595
-1.168282171   0.162851859  -9.775022e-6   0.069937738   0.187679241
-1.010150677   0.140809232  -8.451935e-6   0.071557616   0.194315632
-0.852019183   0.118766605  -7.128848e-6   0.073237465   0.201339551
-0.693887689   0.096723979  -5.805761e-6   0.074980442   0.208512373
-0.535756195   0.074681352  -4.482674e-6   0.076789921   0.215713447
-0.377624701   0.052638726  -3.159587e-6   0.078669520   0.222925475
-0.219493208   0.030596099  -1.836501e-6   0.080623118   0.230141584
-0.061361714   0.008553472  -5.134137e-7   0.082654880   0.237358089
 0.096769780  -0.013489154   8.096731e-7   0.084769287   0.244572685
 0.254901274  -0.035531781   2.132760e-6   0.086971163   0.251783790
 0.413032768  -0.057574408   3.455847e-6   0.089265708   0.258990235
 0.571164262  -0.079617034   4.778934e-6   0.091658542   0.266191113
 0.729295756  -0.101659661   6.102020e-6   0.094155741   0.273385689
 0.887427250  -0.123702288   7.425107e-6   0.096763889   0.280573343
 1.045558743  -0.145744914   8.748194e-6   0.099490132   0.287753542
 1.203690237  -0.167787541   1.007128e-5   0.102342239   0.294925810
 1.361821731  -0.189830167   1.139437e-5   0.105328675   0.302089716
 1.519953225  -0.211872794   1.271745e-5   0.108458677   0.309244860
 1.678084719  -0.233915421   1.404054e-5   0.111742351   0.316390868
 1.836216213  -0.255958047   1.536363e-5   0.115190775   0.323527381
 1.994347707  -0.278000674   1.668672e-5   0.118816124   0.330654054
 2.152479201  -0.300043301   1.800980e-5   0.122631809   0.337770551
 2.310610694  -0.322085927   1.933289e-5   0.126652641   0.344876540
 2.468742188  -0.344128554   2.065598e-5   0.130895028   0.351971694
 2.626873682  -0.366171181   2.197906e-5   0.135377199   0.359055685
 2.785005176  -0.388213807   2.330215e-5   0.140119470   0.366128186
 2.943136670  -0.410256434   2.462524e-5   0.145144562   0.373188866
 3.101268164  -0.432299060   2.594832e-5   0.150477981   0.380237390
 3.259399658  -0.454341687   2.727141e-5   0.156148473   0.387273420
 3.417531152  -0.476384314   2.859450e-5   0.162188574   0.394296609
 3.575662645  -0.498426940   2.991758e-5   0.168635282   0.401306606
 3.733794139  -0.520469567   3.124067e-5   0.175530884   0.408303049
 3.891925633  -0.542512194   3.256376e-5   0.182923980   0.415285567
 4.050057127  -0.564554820   3.388684e-5   0.190870765   0.422253781
 4.208188621  -0.586597447   3.520993e-5   0.199436657   0.429207300
 4.366320115  -0.608640073   3.653302e-5   0.208698373   0.436145719
 4.524451609  -0.630682700   3.785610e-5   0.218746636   0.443068624
 4.682583103  -0.652725327   3.917919e-5   0.229689732   0.449975583
 4.840714596  -0.674767953   4.050228e-5   0.241658281   0.456866152
 4.998846090  -0.696810580   4.182536e-5   0.254811744   0.463739872
 5.156977584  -0.718853207   4.314845e-5   0.269347514   0.470596264
 5.315109078  -0.740895833   4.447154e-5   0.285513909   0.477434833
 5.473240572  -0.762938460   4.579463e-5   0.303629327   0.484255066
 5.631372066  -0.784981087   4.711771e-5   0.324111474   0.491056427
 5.789503560  -0.807023713   4.844080e-5   0.347523902   0.497838363
 5.947635054  -0.829066340   4.976389e-5   0.374654089   0.504600293
 6.105766547  -0.851108966   5.108697e-5   0.406653483   0.511341616
 6.263898041  -0.873151593   5.241006e-5   0.445311705   0.518061703
 6.422029535  -0.895194220   5.373315e-5   0.493663094   0.524759898
 6.580161029  -0.917236846   5.505623e-5   0.557597775   0.531435518
 6.738292523  -0.939279473   5.637932e-5   0.651735458   0.538087847
 6.896424017  -0.961322100   5.770241e-5   0.845371659   0.544716137
 7.054555511  -0.983364726   5.902549e-5   0.967094756   0.551319605
 7.212687005  -1.005407353   6.034858e-5   0.976326004   0.557897431
 7.370818498  -1.027449980   6.167167e-5   0.979923537   0.564448755
 7.528949992  -1.049492606   6.299475e-5   0.981875402   0.570972675
 7.687081486  -1.071535233   6.431784e-5   0.983092419   0.577468245
 7.845212980  -1.093577859   6.564093e-5   0.983909650   0.583934467
 8.003344474  -1.115620486   6.696401e-5   0.984482324   0.590370296
 8.161475968  -1.137663113   6.828710e-5   0.984893182   0.596774629
 8.319607462  -1.159705739   6.961019e-5   0.985190727   0.603146303
 8.477738956  -1.181748366   7.093328e-5   0.985405429   0.609484092
 8.635870449  -1.203790993   7.225636e-5   0.985557464   0.615786702
 8.794001943  -1.225833619   7.357945e-5   0.985660753   0.622052764
 8.952133437  -1.247876246   7.490254e-5   0.985725227   0.628280830
 9.110264931  -1.269918872   7.622562e-5   0.985758167   0.634469363
 9.268396425  -1.291961499   7.754871e-5   0.985765034   0.640616738
 9.426527919  -1.314004126   7.887180e-5   0.985750003   0.646721223
 9.584659413  -1.336046752   8.019488e-5   0.985716318   0.652780980
 9.742790907  -1.358089379   8.151797e-5   0.985666534   0.658794050
 9.900922400  -1.380132006   8.284106e-5   0.985602688   0.664758343
 10.05905389  -1.402174632   8.416414e-5   0.985526421   0.670671629
 10.21718539  -1.424217259   8.548723e-5   0.985439064   0.676531520
 10.37531688  -1.446259886   8.681032e-5   0.985341703   0.682335456
 10.53344838  -1.468302512   8.813340e-5   0.985235234   0.688080691
 10.69157987  -1.490345139   8.945649e-5   0.985120392   0.693764269
 10.84971136  -1.512387765   9.077958e-5   0.984997787   0.699383006
 11.00784286  -1.534430392   9.210266e-5   0.984867923   0.704933460
 11.16597435  -1.556473019   9.342575e-5   0.984731214   0.710411907
 11.32410585  -1.578515645   9.474884e-5   0.984588003   0.715814302
 11.48223734  -1.600558272   9.607193e-5   0.984438570   0.721136246
 11.64036883  -1.622600899   9.739501e-5   0.984283138   0.726372936
 11.79850033  -1.644643525   9.871810e-5   0.984121888   0.731519114
 11.95663182  -1.666686152   1.000412e-4   0.983954957   0.736569003
 12.11476331  -1.688728779   1.013643e-4   0.983782447   0.741516235
 12.27289481  -1.710771405   1.026874e-4   0.983604427   0.746353759
 12.43102630  -1.732814032   1.040104e-4   0.983420940   0.751073733
 12.58915780  -1.754856658   1.053335e-4   0.983231999   0.755667395
 12.74728929  -1.776899285   1.066566e-4   0.983037593   0.760124896
 12.90542078  -1.798941912   1.079797e-4   0.982837690   0.764435102
 13.06355228  -1.820984538   1.093028e-4   0.982632235   0.768585331
 13.22168377  -1.843027165   1.106259e-4   0.982421152   0.772561026
 13.37981527  -1.865069792   1.119490e-4   0.982204345   0.776345320
 13.53794676  -1.887112418   1.132721e-4   0.981981699   0.779918456
 13.69607825  -1.909155045   1.145951e-4   0.981753077   0.783256989
 13.85420975  -1.931197671   1.159182e-4   0.981518325   0.786332666
 14.01234124  -1.953240298   1.172413e-4   0.981277268   0.789110783
 14.17047274  -1.975282925   1.185644e-4   0.981029709   0.791547678
 14.32860423  -1.997325551   1.198875e-4   0.980775432   0.793586720
 14.48673572  -2.019368178   1.212106e-4   0.980514197   0.795151510
 14.64486722  -2.041410805   1.225337e-4   0.980245743   0.796134108
 14.80299871  -2.063453431   1.238567e-4   0.979969782   0.796381340
 14.96113020  -2.085496058   1.251798e-4   0.979686002   0.795766685
 15.11926170  -2.107538685   1.265029e-4   0.979394062   0.794353465
 15.27739319  -2.129581311   1.278260e-4   0.979093593   0.792313875
 15.43552469  -2.151623938   1.291491e-4   0.978784191   0.789782102
 15.59365618  -2.173666564   1.304722e-4   0.978465420   0.786848492
 15.75178767  -2.195709191   1.317953e-4   0.978136804   0.783577065
 15.90991917  -2.217751818   1.331184e-4   0.977797825   0.780015574
 16.06805066  -2.239794444   1.344414e-4   0.977447923   0.776201053
 16.22618216  -2.261837071   1.357645e-4   0.977086483   0.772163091
 16.38431365  -2.283879698   1.370876e-4   0.976712839   0.767925877
 16.54244514  -2.305922324   1.384107e-4   0.976326262   0.763509549
 16.70057664  -2.327964951   1.397338e-4   0.975925955   0.758931128
 16.85870813  -2.350007578   1.410569e-4   0.975511043   0.754205179
 17.01683962  -2.372050204   1.423800e-4   0.975080570   0.749344297
 17.17497112  -2.394092831   1.437031e-4   0.974633481   0.744359472
 17.33310261  -2.416135457   1.450261e-4   0.974168614   0.739260369
 17.49123411  -2.438178084   1.463492e-4   0.973684687   0.734055546
 17.64936560  -2.460220711   1.476723e-4   0.973180277   0.728752627
 17.80749709  -2.482263337   1.489954e-4   0.972653805   0.723358440
 17.96562859  -2.504305964   1.503185e-4   0.972103508   0.717879133
 18.12376008  -2.526348591   1.516416e-4   0.971527419   0.712320262
 18.28189158  -2.548391217   1.529647e-4   0.970923327   0.706686871
 18.44002307  -2.570433844   1.542877e-4   0.970288742   0.700983554
 18.59815456  -2.592476471   1.556108e-4   0.969620848   0.695214513
 18.75628606  -2.614519097   1.569339e-4   0.968916445   0.689383600
 18.91441755  -2.636561724   1.582570e-4   0.968171879   0.683494356
 19.07254905  -2.658604350   1.595801e-4   0.967382957   0.677550048
 19.23068054  -2.680646977   1.609032e-4   0.966544839   0.671553697
 19.38881203  -2.702689604   1.622263e-4   0.965651902   0.665508100
 19.54694353  -2.724732230   1.635494e-4   0.964697577   0.659415857
 19.70507502  -2.746774857   1.648724e-4   0.963674123   0.653279386
 19.86320651  -2.768817484   1.661955e-4   0.962572349   0.647100945
 20.02133801  -2.790860110   1.675186e-4   0.961381247   0.640882641
 20.17946950  -2.812902737   1.688417e-4   0.960087496   0.634626447
 20.33760100  -2.834945363   1.701648e-4   0.958674799   0.628334215
 20.49573249  -2.856987990   1.714879e-4   0.957122968   0.622007684
 20.65386398  -2.879030617   1.728110e-4   0.955406642   0.615648488
 20.81199548  -2.901073243   1.741340e-4   0.953493441   0.609258171
 20.97012697  -2.923115870   1.754571e-4   0.951341254   0.602838187
 21.12825847  -2.945158497   1.767802e-4   0.948894119   0.596389913
 21.28638996  -2.967201123   1.781033e-4   0.946075757   0.589914649
 21.44452145  -2.989243750   1.794264e-4   0.942778981   0.583413633
 21.60265295  -3.011286377   1.807495e-4   0.938847506   0.576888035
 21.76078444  -3.033329003   1.820726e-4   0.934042735   0.570338971
 21.91891594  -3.055371630   1.833957e-4   0.927978394   0.563767503
 22.07704743  -3.077414256   1.847187e-4   0.919978846   0.557174643
 22.23517892  -3.099456883   1.860418e-4   0.908729897   0.550561358
 22.39331042  -3.121499510   1.873649e-4   0.891253262   0.543928572
 22.55144191  -3.143542136   1.886880e-4   0.859121680   0.537277171
 22.70957340  -3.165584763   1.900111e-4   0.785120984   0.530608004
 22.86770490  -3.187627390   1.913342e-4   0.665879007   0.523921888
 23.02583639  -3.209670016   1.926573e-4   0.572845745   0.517219606
 23.18396789  -3.231712643   1.939804e-4   0.506447122   0.510501916
 23.34209938  -3.253755270   1.953034e-4   0.455956081   0.503769549
 23.50023087  -3.275797896   1.966265e-4   0.415645491   0.497023210
 23.65836237  -3.297840523   1.979496e-4   0.382367516   0.490263583
 23.81649386  -3.319883149   1.992727e-4   0.354229312   0.483491332
 23.97462536  -3.341925776   2.005958e-4   0.330006320   0.476707104
 24.13275685  -3.363968403   2.019189e-4   0.308860689   0.469911527
 24.29088834  -3.386011029   2.032420e-4   0.290193750   0.463105215
 24.44901984  -3.408053656   2.045650e-4   0.273562785   0.456288770
 24.60715133  -3.430096283   2.058881e-4   0.258631190   0.449462783
 24.76528282  -3.452138909   2.072112e-4   0.245137107   0.442627832
 24.92341432  -3.474181536   2.085343e-4   0.232872891   0.435784492
 25.08154581  -3.496224162   2.098574e-4   0.221671175   0.428933327
 25.23967731  -3.518266789   2.111805e-4   0.211395158   0.422074899
 25.39780880  -3.540309416   2.125036e-4   0.201931650   0.415209768
 25.55594029  -3.562352042   2.138267e-4   0.193185993   0.408338491
 25.71407179  -3.584394669   2.151497e-4   0.185078275   0.401461629
 25.87220328  -3.606437296   2.164728e-4   0.177540460   0.394579743
 26.03033478  -3.628479922   2.177959e-4   0.170514188   0.387693402
 26.18846627  -3.650522549   2.191190e-4   0.163949053   0.380803182
 26.34659776  -3.672565176   2.204421e-4   0.157801252   0.373909672
 26.50472926  -3.694607802   2.217652e-4   0.152032503   0.367013472
 26.66286075  -3.716650429   2.230883e-4   0.146609178   0.360115201
 26.82099225  -3.738693055   2.244113e-4   0.141501597   0.353215500
 26.97912374  -3.760735682   2.257344e-4   0.136683450   0.346315034
 27.13725523  -3.782778309   2.270575e-4   0.132131317   0.339414501
 27.29538673  -3.804820935   2.283806e-4   0.127824278   0.332514634
 27.45351822  -3.826863562   2.297037e-4   0.123743577   0.325616210
 27.61164971  -3.848906189   2.310268e-4   0.119872342   0.318720060
 27.76978121  -3.870948815   2.323499e-4   0.116195354   0.311827076
 27.92791270  -3.892991442   2.336730e-4   0.112698842   0.304938225
 28.08604420  -3.915034069   2.349960e-4   0.109370314   0.298054565
 28.24417569  -3.937076695   2.363191e-4   0.106198408   0.291177260
 28.40230718  -3.959119322   2.376422e-4   0.103172765   0.284307609
 28.56043868  -3.981161948   2.389653e-4   0.100283922   0.277447072
 28.71857017  -4.003204575   2.402884e-4   0.097523213   0.270597308
 28.87670167  -4.025247202   2.416115e-4   0.094882684   0.263760235
 29.03483316  -4.047289828   2.429346e-4   0.092355028   0.256938089
 29.19296465  -4.069332455   2.442577e-4   0.089933513   0.250133528
 29.35109615  -4.091375082   2.455807e-4   0.087611926   0.243349769
 29.50922764  -4.113417708   2.469038e-4   0.085384529   0.236590783
 29.66735913  -4.135460335   2.482269e-4   0.083246010   0.229861602
 29.82549063  -4.157502961   2.495500e-4   0.081191444   0.223168797
 29.98362212  -4.179545588   2.508731e-4   0.079216260   0.216521275
 30.14175362  -4.201588215   2.521962e-4   0.077316208   0.209931676
 30.29988511  -4.223630841   2.535193e-4   0.075487332   0.203418986
 30.45801660  -4.245673468   2.548423e-4   0.073725946   0.197013547
 30.61614810  -4.267716095   2.561654e-4   0.072028608   0.190765168
 30.77427959  -4.289758721   2.574885e-4   0.070392103   0.184743459
 30.93241109  -4.311801348   2.588116e-4   0.068813426   0.179008136
 31.09054258  -4.333843975   2.601347e-4   0.067289760   0.173577116
 31.24867407  -4.355886601   2.614578e-4   0.065818466   0.168440562
 31.40680557  -4.377929228   2.627809e-4   0.064397067   0.163578986
 31.56493706  -4.399971854   2.641040e-4   0.063023238   0.158971238
 31.72306856  -4.422014481   2.654270e-4   0.061694791   0.154597155
 31.88120005  -4.444057108   2.667501e-4   0.060409669   0.150438308
 32.03933154  -4.466099734   2.680732e-4   0.059165933   0.146478103
 32.19746304  -4.488142361   2.693963e-4   0.057961757   0.142701664
 32.35559453  -4.510184988   2.707194e-4   0.056795415   0.139095654
 32.51372602  -4.532227614   2.720425e-4   0.055665282   0.135648091
 32.67185752  -4.554270241   2.733656e-4   0.054569818   0.132348183
 32.82998901  -4.576312868   2.746886e-4   0.053507570   0.129186176
 32.98812051  -4.598355494   2.760117e-4   0.052477160   0.126153226
 33.14625200  -4.620398121   2.773348e-4   0.051477285   0.123241291
 33.30438349  -4.642440747   2.786579e-4   0.050506711   0.120443035
 33.46251499  -4.664483374   2.799810e-4   0.049564264   0.117751746
 33.62064648  -4.686526001   2.813041e-4   0.048648834   0.115161269
 33.77877798  -4.708568627   2.826272e-4   0.047759365   0.112665943
 33.93690947  -4.730611254   2.839503e-4   0.046894852   0.110260549
 34.09504096  -4.752653881   2.852733e-4   0.046054344   0.107940265
 34.25317246  -4.774696507   2.865964e-4   0.045236932   0.105700629
 34.41130395  -4.796739134   2.879195e-4   0.044441753   0.103537501
 34.56943545  -4.818781760   2.892426e-4   0.043667983   0.101447032
 34.72756694  -4.840824387   2.905657e-4   0.042914841   0.099425640
 34.88569843  -4.862867014   2.918888e-4   0.042181577   0.097469985
 35.04382993  -4.884909640   2.932119e-4   0.041467480   0.095576948
 35.20196142  -4.906952267   2.945350e-4   0.040771869   0.093743609
 35.36009291  -4.928994894   2.958580e-4   0.040094093   0.091967235
 35.51822441  -4.951037520   2.971811e-4   0.039433534   0.090245262
 35.67635590  -4.973080147   2.985042e-4   0.038789597   0.088575283
 35.83448740  -4.995122774   2.998273e-4   0.038161715   0.086955034
 35.99261889  -5.017165400   3.011504e-4   0.037549345   0.085382383
 36.15075038  -5.039208027   3.024735e-4   0.036951969   0.083855322
 36.30888188  -5.061250653   3.037966e-4   0.036369088   0.082371957
 36.46701337  -5.083293280   3.051196e-4   0.035800226   0.080930497
 36.62514487  -5.105335907   3.064427e-4   0.035244927   0.079529252
 36.78327636  -5.127378533   3.077658e-4   0.034702753   0.078166621
 36.94140785  -5.149421160   3.090889e-4   0.034173285   0.076841089
 37.09953935  -5.171463787   3.104120e-4   0.033656118   0.075551219
 37.25767084  -5.193506413   3.117351e-4   0.033150868   0.074295650
 37.41580233  -5.215549040   3.130582e-4   0.032657162   0.073073087
 37.57393383  -5.237591667   3.143813e-4   0.032174643   0.071882303
 37.73206532  -5.259634293   3.157043e-4   0.031702971   0.070722128
 37.89019682  -5.281676920   3.170274e-4   0.031241814   0.069591451
 38.04832831  -5.303719546   3.183505e-4   0.030790856   0.068489213
 38.20645980  -5.325762173   3.196736e-4   0.030349793   0.067414407
 38.36459130  -5.347804800   3.209967e-4   0.029918332   0.066366070
 38.52272279  -5.369847426   3.223198e-4   0.029496189   0.065343287
 38.68085429  -5.391890053   3.236429e-4   0.029083095   0.064345181
 38.83898578  -5.413932680   3.249659e-4   0.028678786   0.063370917
 38.99711727  -5.435975306   3.262890e-4   0.028283012   0.062419695
 39.15524877  -5.458017933   3.276121e-4   0.027895528   0.061490752
 39.31338026  -5.480060559   3.289352e-4   0.027516101   0.060583357
 39.47151176  -5.502103186   3.302583e-4   0.027144505   0.059696810
 39.62964325  -5.524145813   3.315814e-4   0.026780522   0.058830441
 39.78777474  -5.546188439   3.329045e-4   0.026423942   0.057983609
 39.94590624  -5.568231066   3.342276e-4   0.026074562   0.057155699
 40.10403773  -5.590273693   3.355506e-4   0.025732186   0.056346119
 40.26216922  -5.612316319   3.368737e-4   0.025396624   0.055554304
 40.42030072  -5.634358946   3.381968e-4   0.025067695   0.054779711
 40.57843221  -5.656401573   3.395199e-4   0.024745222   0.054021817
 40.73656371  -5.678444199   3.408430e-4   0.024429034   0.053280122
 40.89469520  -5.700486826   3.421661e-4   0.024118967   0.052554142
 41.05282669  -5.722529452   3.434892e-4   0.023814860   0.051843415
 41.21095819  -5.744572079   3.448122e-4   0.023516559   0.051147494
 41.36908968  -5.766614706   3.461353e-4   0.023223916   0.050465952
 41.52722118  -5.788657332   3.474584e-4   0.022936787   0.049798375
 41.68535267  -5.810699959   3.487815e-4   0.022655030   0.049144364
 41.84348416  -5.832742586   3.501046e-4   0.022378512   0.048503538
 42.00161566  -5.854785212   3.514277e-4   0.022107101   0.047875527
 42.15974715  -5.876827839   3.527508e-4   0.021840670   0.047259975
 42.31787865  -5.898870466   3.540739e-4   0.021579097   0.046656538
 42.47601014  -5.920913092   3.553969e-4   0.021322263   0.046064887
 42.63414163  -5.942955719   3.567200e-4   0.021070051   0.045484701
 42.79227313  -5.964998345   3.580431e-4   0.020822351   0.044915671
 42.95040462  -5.987040972   3.593662e-4   0.020579053   0.044357500
 43.10853611  -6.009083599   3.606893e-4   0.020340054   0.043809901
 43.26666761  -6.031126225   3.620124e-4   0.020105250   0.043272595
 43.42479910  -6.053168852   3.633355e-4   0.019874542   0.042745314
 43.58293060  -6.075211479   3.646586e-4   0.019647836   0.042227798
 43.74106209  -6.097254105   3.659816e-4   0.019425037   0.041719796
 43.89919358  -6.119296732   3.673047e-4   0.019206055   0.041221064
 44.05732508  -6.141339358   3.686278e-4   0.018990803   0.040731369
 44.21545657  -6.163381985   3.699509e-4   0.018779195   0.040250482
 44.37358807  -6.185424612   3.712740e-4   0.018571148   0.039778182
 44.53171956  -6.207467238   3.725971e-4   0.018366582   0.039314258
 44.68985105  -6.229509865   3.739202e-4   0.018165419   0.038858501
 44.84798255  -6.251552492   3.752432e-4   0.017967582   0.038410713
 45.00611404  -6.273595118   3.765663e-4   0.017772999   0.037970698
 45.16424553  -6.295637745   3.778894e-4   0.017581596   0.037538269
 45.32237703  -6.317680372   3.792125e-4   0.017393305   0.037113243
 45.48050852  -6.339722998   3.805356e-4   0.017208058   0.036695443
 45.63864002  -6.361765625   3.818587e-4   0.017025788   0.036284698
 45.79677151  -6.383808251   3.831818e-4   0.016846431   0.035880842
 45.95490300  -6.405850878   3.845049e-4   0.016669926   0.035483712
 46.11303450  -6.427893505   3.858279e-4   0.016496210   0.035093151
 46.27116599  -6.449936131   3.871510e-4   0.016325226   0.034709007
 46.42929749  -6.471978758   3.884741e-4   0.016156915   0.034331133
 46.58742898  -6.494021385   3.897972e-4   0.015991222   0.033959383
 46.74556047  -6.516064011   3.911203e-4   0.015828091   0.033593620
 46.90369197  -6.538106638   3.924434e-4   0.015667470   0.033233705
 47.06182346  -6.560149265   3.937665e-4   0.015509307   0.032879508
 47.21995496  -6.582191891   3.950895e-4   0.015353552   0.032530900
 47.37808645  -6.604234518   3.964126e-4   0.015200155   0.032187755
 47.53621794  -6.626277144   3.977357e-4   0.015049069   0.031849953
 47.69434944  -6.648319771   3.990588e-4   0.014900247   0.031517375
 47.85248093  -6.670362398   4.003819e-4   0.014753643   0.031189905
 48.01061242  -6.692405024   4.017050e-4   0.014609214   0.030867431
 48.16874392  -6.714447651   4.030281e-4   0.014466915   0.030549845
 48.32687541  -6.736490278   4.043512e-4   0.014326706   0.030237039
 48.48500691  -6.758532904   4.056742e-4   0.014188544   0.029928910
 48.64313840  -6.780575531   4.069973e-4   0.014052390   0.029625356
 48.80126989  -6.802618157   4.083204e-4   0.013918205   0.029326279
 48.95940139  -6.824660784   4.096435e-4   0.013785950   0.029031583
 49.11753288  -6.846703411   4.109666e-4   0.013655589   0.028741174
 49.27566438  -6.868746037   4.122897e-4   0.013527084   0.028454960
 49.43379587  -6.890788664   4.136128e-4   0.013400402   0.028172852
 49.59192736  -6.912831291   4.149359e-4   0.013275507   0.027894762
 49.75005886  -6.934873917   4.162589e-4   0.013152364   0.027620606
 49.90819035  -6.956916544   4.175820e-4   0.013030943   0.027350299
 50.06632184  -6.978959171   4.189051e-4   0.012911209   0.027083760
 50.22445334  -7.001001797   4.202282e-4   0.012793133   0.026820910
 50.38258483  -7.023044424   4.215513e-4   0.012676682   0.026561670
 50.54071633  -7.045087050   4.228744e-4   0.012561828   0.026305965
 50.69884782  -7.067129677   4.241975e-4   0.012448540   0.026053719
 50.85697931  -7.089172304   4.255205e-4   0.012336791   0.025804859
 51.01511081  -7.111214930   4.268436e-4   0.012226552   0.025559314
 51.17324230  -7.133257557   4.281667e-4   0.012117796   0.025317012
 51.33137380  -7.155300184   4.294898e-4   0.012010497   0.025077886
 51.48950529  -7.177342810   4.308129e-4   0.011904627   0.024841867
 51.64763678  -7.199385437   4.321360e-4   0.011800162   0.024608888
 51.80576828  -7.221428064   4.334591e-4   0.011697078   0.024378885
 51.96389977  -7.243470690   4.347822e-4   0.011595348   0.024151792
 52.12203127  -7.265513317   4.361052e-4   0.011494950   0.023927546
 52.28016276  -7.287555943   4.374283e-4   0.011395860   0.023706085
 52.43829425  -7.309598570   4.387514e-4   0.011298056   0.023487347
 52.59642575  -7.331641197   4.400745e-4   0.011201515   0.023271271
 52.75455724  -7.353683823   4.413976e-4   0.011106215   0.023057797
 52.91268873  -7.375726450   4.427207e-4   0.011012135   0.022846865
 53.07082023  -7.397769077   4.440438e-4   0.010919255   0.022638416
 53.22895172  -7.419811703   4.453668e-4   0.010827552   0.022432392
 53.38708322  -7.441854330   4.466899e-4   0.010737009   0.022228735
 53.54521471  -7.463896957   4.480130e-4   0.010647605   0.022027386
 53.70334620  -7.485939583   4.493361e-4   0.010559320   0.021828288
 53.86147770  -7.507982210   4.506592e-4   0.010472137   0.021631383
 54.01960919  -7.530024836   4.519823e-4   0.010386036   0.021436613
 54.17774069  -7.552067463   4.533054e-4   0.010301001   0.021243921
 54.33587218  -7.574110090   4.546285e-4   0.010217012   0.021053247
 54.49400367  -7.596152716   4.559515e-4   0.010134054   0.020864534
 54.65213517  -7.618195343   4.572746e-4   0.010052108   0.020677721
 54.81026666  -7.640237970   4.585977e-4   0.009971159   0.020492749
 54.96839816  -7.662280596   4.599208e-4   0.009891191   0.020309554
 55.12652965  -7.684323223   4.612439e-4   0.009812187   0.020128076
 55.28466114  -7.706365849   4.625670e-4   0.009734132   0.019948248
 55.44279264  -7.728408476   4.638901e-4   0.009657010   0.019770003
 55.60092413  -7.750451103   4.652132e-4   0.009580808   0.019593274
 55.75905562  -7.772493729   4.665362e-4   0.009505509   0.019417986
 55.91718712  -7.794536356   4.678593e-4   0.009431100   0.019244065
 56.07531861  -7.816578983   4.691824e-4   0.009357567   0.019071431
 56.23345011  -7.838621609   4.705055e-4   0.009284896   0.018899997
 56.39158160  -7.860664236   4.718286e-4   0.009213074   0.018729673
 56.54971309  -7.882706863   4.731517e-4   0.009142087   0.018560361
 56.70784459  -7.904749489   4.744748e-4   0.009071922   0.018391952
 56.86597608  -7.926792116   4.757978e-4   0.009002566   0.018224328
 57.02410758  -7.948834742   4.771209e-4   0.008934008   0.018057356
 57.18223907  -7.970877369   4.784440e-4   0.008866234   0.017890887
 57.34037056  -7.992919996   4.797671e-4   0.008799233   0.017724751
 57.49850206  -8.014962622   4.810902e-4   0.008732993   0.017558747
 57.65663355  -8.037005249   4.824133e-4   0.008667503   0.017392640
 57.81476504  -8.059047876   4.837364e-4   0.008602751   0.017226144
 57.97289654  -8.081090502   4.850595e-4   0.008538726   0.017058901
 58.13102803  -8.103133129   4.863825e-4   0.008475417   0.016890450
 58.28915953  -8.125175756   4.877056e-4   0.008412813   0.016720168
 58.44729102  -8.147218382   4.890287e-4   0.008350905   0.016547154
 58.60542251  -8.169261009   4.903518e-4   0.008289681   0.016369970
 58.76355401  -8.191303635   4.916749e-4   0.008229132   0.016185835
 58.92168550  -8.213346262   4.929980e-4   0.008169247   0.015985575
 59.07981700  -8.235388889   4.943211e-4   0.008110017   0.015775926
 59.23794849  -8.257431515   4.956441e-4   0.008051432   0.015567333
 59.39607998  -8.279474142   4.969672e-4   0.007993483   0.015360296
 59.55421148  -8.301516769   4.982903e-4   0.007936161   0.015154943
 59.71234297  -8.323559395   4.996134e-4   0.007879457   0.014951320
 59.87047447  -8.345602022   5.009365e-4   0.007823361   0.014749439
 60.02860596  -8.367644648   5.022596e-4   0.007767865   0.014549299
 60.18673745  -8.389687275   5.035827e-4   0.007712961   0.014350893
 60.34486895  -8.411729902   5.049058e-4   0.007658640   0.014154207
 60.50300044  -8.433772528   5.062288e-4   0.007604893   0.013959227
 60.66113193  -8.455815155   5.075519e-4   0.007551714   0.013765936
 60.81926343  -8.477857782   5.088750e-4   0.007499092   0.013574316
 60.97739492  -8.499900408   5.101981e-4   0.007447022   0.013384350
 61.13552642  -8.521943035   5.115212e-4   0.007395495   0.013196020
 61.29365791  -8.543985662   5.128443e-4   0.007344503   0.013009306
 61.45178940  -8.566028288   5.141674e-4   0.007294040   0.012824191
 61.60992090  -8.588070915   5.154905e-4   0.007244097   0.012640656
 61.76805239  -8.610113541   5.168135e-4   0.007194668   0.012458682
 61.92618389  -8.632156168   5.181366e-4   0.007145746   0.012278251
 62.08431538  -8.654198795   5.194597e-4   0.007097323   0.012099345
 62.24244687  -8.676241421   5.207828e-4   0.007049393   0.011921947
 62.40057837  -8.698284048   5.221059e-4   0.007001949   0.011746037
 62.55870986  -8.720326675   5.234290e-4   0.006954985   0.011571600
 62.71684136  -8.742369301   5.247521e-4   0.006908494   0.011398617
 62.87497285  -8.764411928   5.260751e-4   0.006862469   0.011227071
 63.03310434  -8.786454555   5.273982e-4   0.006816906   0.011056947
 63.19123584  -8.808497181   5.287213e-4   0.006771796   0.010888226
 63.34936733  -8.830539808   5.300444e-4   0.006727135   0.010720893
 63.50749882  -8.852582434   5.313675e-4   0.006682916   0.010554932
 63.66563032  -8.874625061   5.326906e-4   0.006639133   0.010390327
 63.82376181  -8.896667688   5.340137e-4   0.006595782   0.010227062
 63.98189331  -8.918710314   5.353368e-4   0.006552855   0.010065122
 64.14002480  -8.940752941   5.366598e-4   0.006510348   0.009904491
 64.29815629  -8.962795568   5.379829e-4   0.006468255   0.009745155
 64.45628779  -8.984838194   5.393060e-4   0.006426571   0.009587100
 64.61441928  -9.006880821   5.406291e-4   0.006385290   0.009430310
 64.77255078  -9.028923447   5.419522e-4   0.006344407   0.009274772
 64.93068227  -9.050966074   5.432753e-4   0.006303917   0.009120471
 65.08881376  -9.073008701   5.445984e-4   0.006263815   0.008967394
 65.24694526  -9.095051327   5.459214e-4   0.006224096   0.008815527
 65.40507675  -9.117093954   5.472445e-4   0.006184756   0.008664857
 65.56320824  -9.139136581   5.485676e-4   0.006145788   0.008515371
 65.72133974  -9.161179207   5.498907e-4   0.006107190   0.008367055
 65.87947123  -9.183221834   5.512138e-4   0.006068955   0.008219898
 66.03760273  -9.205264461   5.525369e-4   0.006031080   0.008073887
 66.19573422  -9.227307087   5.538600e-4   0.005993559   0.007929010
 66.35386571  -9.249349714   5.551831e-4   0.005956389   0.007785253
 66.51199721  -9.271392340   5.565061e-4   0.005919565   0.007642607
 66.67012870  -9.293434967   5.578292e-4   0.005883083   0.007501058