#XDI/1.1
# X-ray Monochromator Darwin Width from xrayweb  Fri Dec 12 07:26:16 2025
# Monochromator.xtal        : Si
# Monochromator.hkl         : 1 1 1
# Monochromator.polarization: 's'
# Monochromator.theta       : 25.860620 (deg)
# Monochromator.theta_width : 66.239961 (microrad)
# Monochromator.energy_width: 0.619414 (eV)
# Monochromator.theta_fwhm  : 70.258089 (microrad)
# Monochromator.rocking_fwhm: 96.047944 (microrad)
# Monochromator.energy_fwhm : 0.656987 (eV)
# Xray.Energy               : 4532.69 (eV)
# Column.1: dtheta (microrad)
# Column.2: denergy (eV)
# Column.3: zeta (delta_lambda / lambda)
# Column.4: intensity
# Column.5: rocking_curve
#---------------------
# {' '.join(array_names)}
-153.6177312   1.436488308  -3.169174e-4   0.005997592   0.008388145
-152.9553316   1.430294171  -3.155508e-4   0.006035143   0.008537624
-152.2929320   1.424100034  -3.141843e-4   0.006073049   0.008687942
-151.6305324   1.417905897  -3.128178e-4   0.006111315   0.008839101
-150.9681328   1.411711760  -3.114512e-4   0.006149945   0.008991105
-150.3057332   1.405517623  -3.100847e-4   0.006188944   0.009143957
-149.6433336   1.399323485  -3.087181e-4   0.006228317   0.009297660
-148.9809339   1.393129348  -3.073516e-4   0.006268068   0.009452217
-148.3185343   1.386935211  -3.059850e-4   0.006308203   0.009607629
-147.6561347   1.380741074  -3.046185e-4   0.006348726   0.009763900
-146.9937351   1.374546937  -3.032519e-4   0.006389642   0.009921031
-146.3313355   1.368352799  -3.018854e-4   0.006430957   0.010079023
-145.6689359   1.362158662  -3.005188e-4   0.006472675   0.010237877
-145.0065363   1.355964525  -2.991523e-4   0.006514802   0.010397593
-144.3441367   1.349770388  -2.977857e-4   0.006557344   0.010558173
-143.6817370   1.343576251  -2.964192e-4   0.006600306   0.010719615
-143.0193374   1.337382114  -2.950526e-4   0.006643693   0.010881919
-142.3569378   1.331187976  -2.936861e-4   0.006687511   0.011045081
-141.6945382   1.324993839  -2.923195e-4   0.006731767   0.011209101
-141.0321386   1.318799702  -2.909530e-4   0.006776464   0.011373974
-140.3697390   1.312605565  -2.895864e-4   0.006821611   0.011539697
-139.7073394   1.306411428  -2.882199e-4   0.006867212   0.011706264
-139.0449397   1.300217290  -2.868533e-4   0.006913274   0.011873668
-138.3825401   1.294023153  -2.854868e-4   0.006959803   0.012041903
-137.7201405   1.287829016  -2.841203e-4   0.007006806   0.012210959
-137.0577409   1.281634879  -2.827537e-4   0.007054288   0.012380827
-136.3953413   1.275440742  -2.813872e-4   0.007102258   0.012551493
-135.7329417   1.269246605  -2.800206e-4   0.007150720   0.012722945
-135.0705421   1.263052467  -2.786541e-4   0.007199682   0.012895167
-134.4081425   1.256858330  -2.772875e-4   0.007249152   0.013068140
-133.7457428   1.250664193  -2.759210e-4   0.007299136   0.013241844
-133.0833432   1.244470056  -2.745544e-4   0.007349640   0.013416256
-132.4209436   1.238275919  -2.731879e-4   0.007400674   0.013591350
-131.7585440   1.232081782  -2.718213e-4   0.007452243   0.013767096
-131.0961444   1.225887644  -2.704548e-4   0.007504356   0.013943462
-130.4337448   1.219693507  -2.690882e-4   0.007557020   0.014120411
-129.7713452   1.213499370  -2.677217e-4   0.007610243   0.014297901
-129.1089455   1.207305233  -2.663551e-4   0.007664034   0.014475887
-128.4465459   1.201111096  -2.649886e-4   0.007718399   0.014654318
-127.7841463   1.194916958  -2.636220e-4   0.007773349   0.014833139
-127.1217467   1.188722821  -2.622555e-4   0.007828890   0.015012287
-126.4593471   1.182528684  -2.608889e-4   0.007885031   0.015191698
-125.7969475   1.176334547  -2.595224e-4   0.007941782   0.015371301
-125.1345479   1.170140410  -2.581558e-4   0.007999151   0.015551020
-124.4721483   1.163946273  -2.567893e-4   0.008057147   0.015730779
-123.8097486   1.157752135  -2.554227e-4   0.008115779   0.015910501
-123.1473490   1.151557998  -2.540562e-4   0.008175057   0.016090111
-122.4849494   1.145363861  -2.526897e-4   0.008234991   0.016269540
-121.8225498   1.139169724  -2.513231e-4   0.008295589   0.016448732
-121.1601502   1.132975587  -2.499566e-4   0.008356863   0.016627643
-120.4977506   1.126781450  -2.485900e-4   0.008418822   0.016806252
-119.8353510   1.120587312  -2.472235e-4   0.008481476   0.016984559
-119.1729513   1.114393175  -2.458569e-4   0.008544836   0.017162587
-118.5105517   1.108199038  -2.444904e-4   0.008608913   0.017340385
-117.8481521   1.102004901  -2.431238e-4   0.008673718   0.017518023
-117.1857525   1.095810764  -2.417573e-4   0.008739261   0.017695586
-116.5233529   1.089616626  -2.403907e-4   0.008805555   0.017873175
-115.8609533   1.083422489  -2.390242e-4   0.008872610   0.018050899
-115.1985537   1.077228352  -2.376576e-4   0.008940438   0.018228872
-114.5361541   1.071034215  -2.362911e-4   0.009009052   0.018407209
-113.8737544   1.064840078  -2.349245e-4   0.009078463   0.018586026
-113.2113548   1.058645941  -2.335580e-4   0.009148685   0.018765436
-112.5489552   1.052451803  -2.321914e-4   0.009219729   0.018945549
-111.8865556   1.046257666  -2.308249e-4   0.009291609   0.019126471
-111.2241560   1.040063529  -2.294583e-4   0.009364338   0.019308306
-110.5617564   1.033869392  -2.280918e-4   0.009437930   0.019491150
-109.8993568   1.027675255  -2.267252e-4   0.009512399   0.019675098
-109.2369571   1.021481118  -2.253587e-4   0.009587757   0.019860240
-108.5745575   1.015286980  -2.239922e-4   0.009664021   0.020046663
-107.9121579   1.009092843  -2.226256e-4   0.009741204   0.020234450
-107.2497583   1.002898706  -2.212591e-4   0.009819321   0.020423681
-106.5873587   0.996704569  -2.198925e-4   0.009898388   0.020614435
-105.9249591   0.990510432  -2.185260e-4   0.009978420   0.020806787
-105.2625595   0.984316294  -2.171594e-4   0.010059433   0.021000811
-104.6001599   0.978122157  -2.157929e-4   0.010141443   0.021196577
-103.9377602   0.971928020  -2.144263e-4   0.010224467   0.021394155
-103.2753606   0.965733883  -2.130598e-4   0.010308522   0.021593616
-102.6129610   0.959539746  -2.116932e-4   0.010393625   0.021795026
-101.9505614   0.953345609  -2.103267e-4   0.010479793   0.021998451
-101.2881618   0.947151471  -2.089601e-4   0.010567045   0.022203958
-100.6257622   0.940957334  -2.075936e-4   0.010655398   0.022411612
-99.96336256   0.934763197  -2.062270e-4   0.010744872   0.022621478
-99.30096295   0.928569060  -2.048605e-4   0.010835486   0.022833621
-98.63856333   0.922374923  -2.034939e-4   0.010927260   0.023048104
-97.97616372   0.916180786  -2.021274e-4   0.011020213   0.023264994
-97.31376411   0.909986648  -2.007608e-4   0.011114365   0.023484353
-96.65136449   0.903792511  -1.993943e-4   0.011209739   0.023706247
-95.98896488   0.897598374  -1.980277e-4   0.011306355   0.023930741
-95.32656527   0.891404237  -1.966612e-4   0.011404234   0.024157900
-94.66416565   0.885210100  -1.952946e-4   0.011503400   0.024387791
-94.00176604   0.879015962  -1.939281e-4   0.011603875   0.024620480
-93.33936643   0.872821825  -1.925616e-4   0.011705682   0.024856034
-92.67696681   0.866627688  -1.911950e-4   0.011808845   0.025094522
-92.01456720   0.860433551  -1.898285e-4   0.011913389   0.025336012
-91.35216758   0.854239414  -1.884619e-4   0.012019339   0.025580574
-90.68976797   0.848045277  -1.870954e-4   0.012126719   0.025828279
-90.02736836   0.841851139  -1.857288e-4   0.012235557   0.026079199
-89.36496874   0.835657002  -1.843623e-4   0.012345879   0.026333408
-88.70256913   0.829462865  -1.829957e-4   0.012457711   0.026590979
-88.04016952   0.823268728  -1.816292e-4   0.012571083   0.026851988
-87.37776990   0.817074591  -1.802626e-4   0.012686023   0.027116512
-86.71537029   0.810880454  -1.788961e-4   0.012802560   0.027384630
-86.05297068   0.804686316  -1.775295e-4   0.012920723   0.027656421
-85.39057106   0.798492179  -1.761630e-4   0.013040544   0.027931968
-84.72817145   0.792298042  -1.747964e-4   0.013162055   0.028211353
-84.06577184   0.786103905  -1.734299e-4   0.013285287   0.028494662
-83.40337222   0.779909768  -1.720633e-4   0.013410273   0.028781982
-82.74097261   0.773715630  -1.706968e-4   0.013537047   0.029073400
-82.07857300   0.767521493  -1.693302e-4   0.013665643   0.029369009
-81.41617338   0.761327356  -1.679637e-4   0.013796098   0.029668901
-80.75377377   0.755133219  -1.665971e-4   0.013928447   0.029973172
-80.09137416   0.748939082  -1.652306e-4   0.014062727   0.030281917
-79.42897454   0.742744945  -1.638641e-4   0.014198977   0.030595238
-78.76657493   0.736550807  -1.624975e-4   0.014337236   0.030913235
-78.10417532   0.730356670  -1.611310e-4   0.014477543   0.031236015
-77.44177570   0.724162533  -1.597644e-4   0.014619941   0.031563683
-76.77937609   0.717968396  -1.583979e-4   0.014764470   0.031896350
-76.11697648   0.711774259  -1.570313e-4   0.014911174   0.032234129
-75.45457686   0.705580122  -1.556648e-4   0.015060098   0.032577135
-74.79217725   0.699385984  -1.542982e-4   0.015211287   0.032925486
-74.12977764   0.693191847  -1.529317e-4   0.015364787   0.033279306
-73.46737802   0.686997710  -1.515651e-4   0.015520647   0.033638718
-72.80497841   0.680803573  -1.501986e-4   0.015678915   0.034003852
-72.14257880   0.674609436  -1.488320e-4   0.015839642   0.034374839
-71.48017918   0.668415298  -1.474655e-4   0.016002879   0.034751816
-70.81777957   0.662221161  -1.460989e-4   0.016168681   0.035134921
-70.15537996   0.656027024  -1.447324e-4   0.016337100   0.035524298
-69.49298034   0.649832887  -1.433658e-4   0.016508194   0.035920095
-68.83058073   0.643638750  -1.419993e-4   0.016682020   0.036322463
-68.16818112   0.637444613  -1.406327e-4   0.016858637   0.036731558
-67.50578150   0.631250475  -1.392662e-4   0.017038106   0.037147541
-66.84338189   0.625056338  -1.378996e-4   0.017220489   0.037570578
-66.18098228   0.618862201  -1.365331e-4   0.017405850   0.038000839
-65.51858266   0.612668064  -1.351665e-4   0.017594256   0.038438499
-64.85618305   0.606473927  -1.338000e-4   0.017785773   0.038883739
-64.19378344   0.600279790  -1.324335e-4   0.017980473   0.039336745
-63.53138382   0.594085652  -1.310669e-4   0.018178426   0.039797709
-62.86898421   0.587891515  -1.297004e-4   0.018379707   0.040266830
-62.20658460   0.581697378  -1.283338e-4   0.018584391   0.040744311
-61.54418498   0.575503241  -1.269673e-4   0.018792557   0.041230364
-60.88178537   0.569309104  -1.256007e-4   0.019004284   0.041725204
-60.21938576   0.563114966  -1.242342e-4   0.019219656   0.042229058
-59.55698614   0.556920829  -1.228676e-4   0.019438758   0.042742155
-58.89458653   0.550726692  -1.215011e-4   0.019661678   0.043264736
-58.23218692   0.544532555  -1.201345e-4   0.019888506   0.043797048
-57.56978730   0.538338418  -1.187680e-4   0.020119334   0.044339344
-56.90738769   0.532144281  -1.174014e-4   0.020354260   0.044891891
-56.24498808   0.525950143  -1.160349e-4   0.020593382   0.045454959
-55.58258846   0.519756006  -1.146683e-4   0.020836802   0.046028831
-54.92018885   0.513561869  -1.133018e-4   0.021084625   0.046613798
-54.25778924   0.507367732  -1.119352e-4   0.021336959   0.047210163
-53.59538962   0.501173595  -1.105687e-4   0.021593916   0.047818238
-52.93299001   0.494979458  -1.092021e-4   0.021855611   0.048438346
-52.27059040   0.488785320  -1.078356e-4   0.022122164   0.049070821
-51.60819078   0.482591183  -1.064690e-4   0.022393697   0.049716012
-50.94579117   0.476397046  -1.051025e-4   0.022670336   0.050374277
-50.28339156   0.470202909  -1.037360e-4   0.022952213   0.051045988
-49.62099194   0.464008772  -1.023694e-4   0.023239463   0.051731533
-48.95859233   0.457814634  -1.010029e-4   0.023532225   0.052431313
-48.29619271   0.451620497  -9.963631e-5   0.023830644   0.053145742
-47.63379310   0.445426360  -9.826976e-5   0.024134868   0.053875253
-46.97139349   0.439232223  -9.690321e-5   0.024445052   0.054620294
-46.30899387   0.433038086  -9.553666e-5   0.024761354   0.055381331
-45.64659426   0.426843949  -9.417012e-5   0.025083941   0.056158848
-44.98419465   0.420649811  -9.280357e-5   0.025412981   0.056953347
-44.32179503   0.414455674  -9.143702e-5   0.025748651   0.057765352
-43.65939542   0.408261537  -9.007047e-5   0.026091134   0.058595406
-42.99699581   0.402067400  -8.870393e-5   0.026440619   0.059444077
-42.33459619   0.395873263  -8.733738e-5   0.026797301   0.060311953
-41.67219658   0.389679126  -8.597083e-5   0.027161383   0.061199649
-41.00979697   0.383484988  -8.460428e-5   0.027533075   0.062107804
-40.34739735   0.377290851  -8.323774e-5   0.027912594   0.063037087
-39.68499774   0.371096714  -8.187119e-5   0.028300166   0.063988192
-39.02259813   0.364902577  -8.050464e-5   0.028696025   0.064961846
-38.36019851   0.358708440  -7.913809e-5   0.029100413   0.065958807
-37.69779890   0.352514302  -7.777154e-5   0.029513582   0.066979866
-37.03539929   0.346320165  -7.640500e-5   0.029935794   0.068025850
-36.37299967   0.340126028  -7.503845e-5   0.030367319   0.069097625
-35.71060006   0.333931891  -7.367190e-5   0.030808438   0.070196095
-35.04820045   0.327737754  -7.230535e-5   0.031259446   0.071322206
-34.38580083   0.321543617  -7.093881e-5   0.031720646   0.072476952
-33.72340122   0.315349479  -6.957226e-5   0.032192353   0.073661369
-33.06100161   0.309155342  -6.820571e-5   0.032674897   0.074876548
-32.39860199   0.302961205  -6.683916e-5   0.033168620   0.076123630
-31.73620238   0.296767068  -6.547262e-5   0.033673877   0.077403816
-31.07380277   0.290572931  -6.410607e-5   0.034191039   0.078718364
-30.41140315   0.284378794  -6.273952e-5   0.034720492   0.080068599
-29.74900354   0.278184656  -6.137297e-5   0.035262637   0.081455913
-29.08660393   0.271990519  -6.000642e-5   0.035817894   0.082881771
-28.42420431   0.265796382  -5.863988e-5   0.036386699   0.084347717
-27.76180470   0.259602245  -5.727333e-5   0.036969508   0.085855376
-27.09940509   0.253408108  -5.590678e-5   0.037566795   0.087406466
-26.43700547   0.247213970  -5.454023e-5   0.038179058   0.089002798
-25.77460586   0.241019833  -5.317369e-5   0.038806814   0.090646284
-25.11220625   0.234825696  -5.180714e-5   0.039450603   0.092338948
-24.44980663   0.228631559  -5.044059e-5   0.040110993   0.094082933
-23.78740702   0.222437422  -4.907404e-5   0.040788574   0.095880505
-23.12500741   0.216243285  -4.770749e-5   0.041483966   0.097734070
-22.46260779   0.210049147  -4.634095e-5   0.042197815   0.099646180
-21.80020818   0.203855010  -4.497440e-5   0.042930801   0.101619546
-21.13780857   0.197660873  -4.360785e-5   0.043683634   0.103657051
-20.47540895   0.191466736  -4.224130e-5   0.044457059   0.105761764
-19.81300934   0.185272599  -4.087476e-5   0.045251856   0.107936955
-19.15060973   0.179078461  -3.950821e-5   0.046068847   0.110186114
-18.48821011   0.172884324  -3.814166e-5   0.046908890   0.112512967
-17.82581050   0.166690187  -3.677511e-5   0.047772891   0.114921497
-17.16341089   0.160496050  -3.540857e-5   0.048661799   0.117415970
-16.50101127   0.154301913  -3.404202e-5   0.049576614   0.120000957
-15.83861166   0.148107776  -3.267547e-5   0.050518387   0.122681362
-15.17621205   0.141913638  -3.130892e-5   0.051488226   0.125462451
-14.51381243   0.135719501  -2.994237e-5   0.052487298   0.128349889
-13.85141282   0.129525364  -2.857583e-5   0.053516832   0.131349767
-13.18901321   0.123331227  -2.720928e-5   0.054578126   0.134468649
-12.52661359   0.117137090  -2.584273e-5   0.055672551   0.137713599
-11.86421398   0.110942953  -2.447618e-5   0.056801554   0.141092226
-11.20181437   0.104748815  -2.310964e-5   0.057966665   0.144612714
-10.53941475   0.098554678  -2.174309e-5   0.059169506   0.148283843
-9.877015139   0.092360541  -2.037654e-5   0.060411789   0.152114994
-9.214615525   0.086166404  -1.900999e-5   0.061695334   0.156116112
-8.552215912   0.079972267  -1.764344e-5   0.063022067   0.160297595
-7.889816299   0.073778129  -1.627690e-5   0.064394035   0.164670066
-7.227416685   0.067583992  -1.491035e-5   0.065813412   0.169243911
-6.565017072   0.061389855  -1.354380e-5   0.067282511   0.174028424
-5.902617458   0.055195718  -1.217725e-5   0.068803793   0.179030312
-5.240217845   0.049001581  -1.081071e-5   0.070379880   0.184251251
-4.577818232   0.042807444  -9.444159e-6   0.072013570   0.189684569
-3.915418618   0.036613306  -8.077611e-6   0.073707849   0.195312425
-3.253019005   0.030419169  -6.711063e-6   0.075465909   0.201106426
-2.590619392   0.024225032  -5.344516e-6   0.077291166   0.207033086
-1.928219778   0.018030895  -3.977968e-6   0.079187281   0.213060464
-1.265820165   0.011836758  -2.611420e-6   0.081158177   0.219161840
-0.603420551   0.005642621  -1.244872e-6   0.083208071   0.225316222
 0.058979062  -5.515166e-4   1.216753e-7   0.085341497   0.231507432
 0.721378675  -0.006745654   1.488223e-6   0.087563335   0.237722966
 1.383778289  -0.012939791   2.854771e-6   0.089878852   0.243953040
 2.046177902  -0.019133928   4.221319e-6   0.092293733   0.250189872
 2.708577516  -0.025328065   5.587866e-6   0.094814130   0.256427168
 3.370977129  -0.031522203   6.954414e-6   0.097446707   0.262659752
 4.033376742  -0.037716340   8.320962e-6   0.100198698   0.268883304
 4.695776356  -0.043910477   9.687509e-6   0.103077968   0.275094164
 5.358175969  -0.050104614   1.105406e-5   0.106093086   0.281289188
 6.020575582  -0.056298751   1.242060e-5   0.109253404   0.287465642
 6.682975196  -0.062492888   1.378715e-5   0.112569152   0.293621119
 7.345374809  -0.068687026   1.515370e-5   0.116051547   0.299753476
 8.007774423  -0.074881163   1.652025e-5   0.119712911   0.305860786
 8.670174036  -0.081075300   1.788680e-5   0.123566820   0.311941296
 9.332573649  -0.087269437   1.925334e-5   0.127628268   0.317993398
 9.994973263  -0.093463574   2.061989e-5   0.131913861   0.324015605
 10.65737288  -0.099657711   2.198644e-5   0.136442044   0.330006525
 11.31977249  -0.105851849   2.335299e-5   0.141233375   0.335964850
 11.98217210  -0.112045986   2.471953e-5   0.146310839   0.341889337
 12.64457172  -0.118240123   2.608608e-5   0.151700229   0.347778801
 13.30697133  -0.124434260   2.745263e-5   0.157430606   0.353632098
 13.96937094  -0.130628397   2.881918e-5   0.163534848   0.359448125
 14.63177056  -0.136822535   3.018573e-5   0.170050322   0.365225805
 15.29417017  -0.143016672   3.155227e-5   0.177019709   0.370964083
 15.95656978  -0.149210809   3.291882e-5   0.184492016   0.376661924
 16.61896940  -0.155404946   3.428537e-5   0.192523856   0.382318302
 17.28136901  -0.161599083   3.565192e-5   0.201181039   0.387932200
 17.94376862  -0.167793220   3.701846e-5   0.210540619   0.393502602
 18.60616824  -0.173987358   3.838501e-5   0.220693524   0.399028494
 19.26856785  -0.180181495   3.975156e-5   0.231747988   0.404508858
 19.93096746  -0.186375632   4.111811e-5   0.243834119   0.409942668
 20.59336708  -0.192569769   4.248465e-5   0.257110026   0.415328888
 21.25576669  -0.198763906   4.385120e-5   0.271770251   0.420666471
 21.91816630  -0.204958043   4.521775e-5   0.288057536   0.425954354
 22.58056592  -0.211152181   4.658430e-5   0.306279647   0.431191455
 23.24296553  -0.217346318   4.795085e-5   0.326833979   0.436376675
 23.90536514  -0.223540455   4.931739e-5   0.350244372   0.441508889
 24.56776476  -0.229734592   5.068394e-5   0.377217391   0.446586950
 25.23016437  -0.235928729   5.205049e-5   0.408729128   0.451609681
 25.89256398  -0.242122867   5.341704e-5   0.446154612   0.456575878
 26.55496360  -0.248317004   5.478358e-5   0.491422372   0.461484304
 27.21736321  -0.254511141   5.615013e-5   0.546946274   0.466333687
 27.87976282  -0.260705278   5.751668e-5   0.613816822   0.471122720
 28.54216244  -0.266899415   5.888323e-5   0.684169277   0.475850055
 29.20456205  -0.273093552   6.024977e-5   0.739426455   0.480514305
 29.86696166  -0.279287690   6.161632e-5   0.774401978   0.485114034
 30.52936128  -0.285481827   6.298287e-5   0.796086208   0.489647764
 31.19176089  -0.291675964   6.434942e-5   0.810203365   0.494113965
 31.85416050  -0.297870101   6.571597e-5   0.819846467   0.498511054
 32.51656012  -0.304064238   6.708251e-5   0.826666677   0.502837393
 33.17895973  -0.310258375   6.844906e-5   0.831598252   0.507091284
 33.84135934  -0.316452513   6.981561e-5   0.835203931   0.511270968
 34.50375896  -0.322646650   7.118216e-5   0.837841675   0.515374620
 35.16615857  -0.328840787   7.254870e-5   0.839749779   0.519400346
 35.82855818  -0.335034924   7.391525e-5   0.841092980   0.523346179
 36.49095780  -0.341229061   7.528180e-5   0.841988803   0.527210075
 37.15335741  -0.347423199   7.664835e-5   0.842523335   0.530989908
 37.81575702  -0.353617336   7.801490e-5   0.842761066   0.534683469
 38.47815664  -0.359811473   7.938144e-5   0.842751240   0.538288455
 39.14055625  -0.366005610   8.074799e-5   0.842532079   0.541802473
 39.80295587  -0.372199747   8.211454e-5   0.842133676   0.545223027
 40.46535548  -0.378393884   8.348109e-5   0.841580013   0.548547517
 41.12775509  -0.384588022   8.484763e-5   0.840890405   0.551773235
 41.79015471  -0.390782159   8.621418e-5   0.840080553   0.554897355
 42.45255432  -0.396976296   8.758073e-5   0.839163315   0.557916932
 43.11495393  -0.403170433   8.894728e-5   0.838149290   0.560828891
 43.77735355  -0.409364570   9.031382e-5   0.837047263   0.563630027
 44.43975316  -0.415558707   9.168037e-5   0.835864542   0.566316997
 45.10215277  -0.421752845   9.304692e-5   0.834607226   0.568886312
 45.76455239  -0.427946982   9.441347e-5   0.833280412   0.571334335
 46.42695200  -0.434141119   9.578002e-5   0.831888360   0.573657275
 47.08935161  -0.440335256   9.714656e-5   0.830434625   0.575851180
 47.75175123  -0.446529393   9.851311e-5   0.828922160   0.577911938
 48.41415084  -0.452723531   9.987966e-5   0.827353407   0.579835272
 49.07655045  -0.458917668   1.012462e-4   0.825730364   0.581616741
 49.73895007  -0.465111805   1.026128e-4   0.824054640   0.583251739
 50.40134968  -0.471305942   1.039793e-4   0.822327506   0.584735504
 51.06374929  -0.477500079   1.053458e-4   0.820549931   0.586063123
 51.72614891  -0.483694216   1.067124e-4   0.818722612   0.587229548
 52.38854852  -0.489888354   1.080789e-4   0.816846005   0.588229615
 53.05094813  -0.496082491   1.094455e-4   0.814920340   0.589058073
 53.71334775  -0.502276628   1.108120e-4   0.812945643   0.589709622
 54.37574736  -0.508470765   1.121786e-4   0.810921749   0.590178959
 55.03814697  -0.514664902   1.135451e-4   0.808848314   0.590460847
 55.70054659  -0.520859039   1.149117e-4   0.806724819   0.590550192
 56.36294620  -0.527053177   1.162782e-4   0.804550583   0.590442143
 57.02534581  -0.533247314   1.176448e-4   0.802324764   0.590132205
 57.68774543  -0.539441451   1.190113e-4   0.800046364   0.589616379
 58.35014504  -0.545635588   1.203779e-4   0.797714227   0.588891316
 59.01254465  -0.551829725   1.217444e-4   0.795327042   0.587954471
 59.67494427  -0.558023863   1.231110e-4   0.792883341   0.586804272
 60.33734388  -0.564218000   1.244775e-4   0.790381494   0.585440270
 60.99974349  -0.570412137   1.258441e-4   0.787819707   0.583863255
 61.66214311  -0.576606274   1.272106e-4   0.785196017   0.582075337
 62.32454272  -0.582800411   1.285772e-4   0.782508281   0.580079255
 62.98694233  -0.588994548   1.299437e-4   0.779754173   0.577880446
 63.64934195  -0.595188686   1.313103e-4   0.776931170   0.575484818
 64.31174156  -0.601382823   1.326768e-4   0.774036545   0.572899288
 64.97414117  -0.607576960   1.340434e-4   0.771067349   0.570131582
 65.63654079  -0.613771097   1.354099e-4   0.768020401   0.567190023
 66.29894040  -0.619965234   1.367764e-4   0.764892270   0.564083310
 66.96134001  -0.626159371   1.381430e-4   0.761679253   0.560820332
 67.62373963  -0.632353509   1.395095e-4   0.758377360   0.557409997
 68.28613924  -0.638547646   1.408761e-4   0.754982288   0.553861096
 68.94853885  -0.644741783   1.422426e-4   0.751489393   0.550182201
 69.61093847  -0.650935920   1.436092e-4   0.747893663   0.546381591
 70.27333808  -0.657130057   1.449757e-4   0.744189685   0.542467203
 70.93573769  -0.663324195   1.463423e-4   0.740371607   0.538446598
 71.59813731  -0.669518332   1.477088e-4   0.736433100   0.534326950
 72.26053692  -0.675712469   1.490754e-4   0.732367307   0.530115044
 72.92293653  -0.681906606   1.504419e-4   0.728166799   0.525817280
 73.58533615  -0.688100743   1.518085e-4   0.723823511   0.521439685
 74.24773576  -0.694294880   1.531750e-4   0.719328682   0.516987933
 74.91013537  -0.700489018   1.545416e-4   0.714672783   0.512467356
 75.57253499  -0.706683155   1.559081e-4   0.709845434   0.507882970
 76.23493460  -0.712877292   1.572747e-4   0.704835318   0.503239491
 76.89733421  -0.719071429   1.586412e-4   0.699630081   0.498541356
 77.55973383  -0.725265566   1.600078e-4   0.694216217   0.493792741
 78.22213344  -0.731459703   1.613743e-4   0.688578952   0.488997581
 78.88453305  -0.737653841   1.627409e-4   0.682702101   0.484159588
 79.54693267  -0.743847978   1.641074e-4   0.676567927   0.479282263
 80.20933228  -0.750042115   1.654739e-4   0.670156975   0.474368918
 80.87173189  -0.756236252   1.668405e-4   0.663447902   0.469422684
 81.53413151  -0.762430389   1.682070e-4   0.656417298   0.464446529
 82.19653112  -0.768624527   1.695736e-4   0.649039506   0.459443267
 82.85893073  -0.774818664   1.709401e-4   0.641286447   0.454415574
 83.52133035  -0.781012801   1.723067e-4   0.633127470   0.449365994
 84.18372996  -0.787206938   1.736732e-4   0.624529249   0.444296950
 84.84612958  -0.793401075   1.750398e-4   0.615455763   0.439210756
 85.50852919  -0.799595212   1.764063e-4   0.605868404   0.434109621
 86.17092880  -0.805789350   1.777729e-4   0.595726304   0.428995661
 86.83332842  -0.811983487   1.791394e-4   0.584986969   0.423870904
 87.49572803  -0.818177624   1.805060e-4   0.573607360   0.418737296
 88.15812764  -0.824371761   1.818725e-4   0.561545606   0.413596711
 88.82052726  -0.830565898   1.832391e-4   0.548763554   0.408450951
 89.48292687  -0.836760035   1.846056e-4   0.535230356   0.403301759
 90.14532648  -0.842954173   1.859722e-4   0.520927252   0.398150815
 90.80772610  -0.849148310   1.873387e-4   0.505853525   0.392999748
 91.47012571  -0.855342447   1.887053e-4   0.490033282   0.387850139
 92.13252532  -0.861536584   1.900718e-4   0.473522170   0.382703523
 92.79492494  -0.867730721   1.914384e-4   0.456412578   0.377561392
 93.45732455  -0.873924859   1.928049e-4   0.438835380   0.372425203
 94.11972416  -0.880118996   1.941715e-4   0.420956436   0.367296380
 94.78212378  -0.886313133   1.955380e-4   0.402967035   0.362176313
 95.44452339  -0.892507270   1.969045e-4   0.385069275   0.357066367
 96.10692300  -0.898701407   1.982711e-4   0.367459172   0.351967881
 96.76932262  -0.904895544   1.996376e-4   0.350311193   0.346882173
 97.43172223  -0.911089682   2.010042e-4   0.333767274   0.341810541
 98.09412184  -0.917283819   2.023707e-4   0.317931732   0.336754268
 98.75652146  -0.923477956   2.037373e-4   0.302871626   0.331714620
 99.41892107  -0.929672093   2.051038e-4   0.288620970   0.326692852
 100.0813207  -0.935866230   2.064704e-4   0.275186928   0.321690211
 100.7437203  -0.942060367   2.078369e-4   0.262556440   0.316707935
 101.4061199  -0.948254505   2.092035e-4   0.250702288   0.311747255
 102.0685195  -0.954448642   2.105700e-4   0.239588143   0.306809401
 102.7309191  -0.960642779   2.119366e-4   0.229172474   0.301895599
 103.3933187  -0.966836916   2.133031e-4   0.219411421   0.297007076
 104.0557184  -0.973031053   2.146697e-4   0.210260798   0.292145062
 104.7181180  -0.979225191   2.160362e-4   0.201677437   0.287310789
 105.3805176  -0.985419328   2.174028e-4   0.193620017   0.282505494
 106.0429172  -0.991613465   2.187693e-4   0.186049558   0.277730421
 106.7053168  -0.997807602   2.201359e-4   0.178929647   0.272986824
 107.3677164  -1.004001739   2.215024e-4   0.172226515   0.268275962
 108.0301160  -1.010195876   2.228690e-4   0.165909001   0.263599109
 108.6925157  -1.016390014   2.242355e-4   0.159948442   0.258957549
 109.3549153  -1.022584151   2.256020e-4   0.154318538   0.254352578
 110.0173149  -1.028778288   2.269686e-4   0.148995186   0.249785507
 110.6797145  -1.034972425   2.283351e-4   0.143956315   0.245257659
 111.3421141  -1.041166562   2.297017e-4   0.139181721   0.240770373
 112.0045137  -1.047360700   2.310682e-4   0.134652900   0.236325003
 112.6669133  -1.053554837   2.324348e-4   0.130352906   0.231922917
 113.3293130  -1.059748974   2.338013e-4   0.126266204   0.227565495
 113.9917126  -1.065943111   2.351679e-4   0.122378543   0.223254133
 114.6541122  -1.072137248   2.365344e-4   0.118676840   0.218990236
 115.3165118  -1.078331385   2.379010e-4   0.115149068   0.214775220
 115.9789114  -1.084525523   2.392675e-4   0.111784160   0.210610508
 116.6413110  -1.090719660   2.406341e-4   0.108571926   0.206497527
 117.3037106  -1.096913797   2.420006e-4   0.105502966   0.202437702
 117.9661102  -1.103107934   2.433672e-4   0.102568601   0.198432455
 118.6285099  -1.109302071   2.447337e-4   0.099760810   0.194483196
 119.2909095  -1.115496208   2.461003e-4   0.097072171   0.190591319
 119.9533091  -1.121690346   2.474668e-4   0.094495807   0.186758190
 120.6157087  -1.127884483   2.488334e-4   0.092025338   0.182985144
 121.2781083  -1.134078620   2.501999e-4   0.089654843   0.179273470
 121.9405079  -1.140272757   2.515665e-4   0.087378815   0.175624402
 122.6029075  -1.146466894   2.529330e-4   0.085192130   0.172039110
 123.2653072  -1.152661032   2.542996e-4   0.083090014   0.168518682
 123.9277068  -1.158855169   2.556661e-4   0.081068016   0.165064118
 124.5901064  -1.165049306   2.570326e-4   0.079121980   0.161676311
 125.2525060  -1.171243443   2.583992e-4   0.077248022   0.158356038
 125.9149056  -1.177437580   2.597657e-4   0.075442509   0.155103950
 126.5773052  -1.183631717   2.611323e-4   0.073702040   0.151920555
 127.2397048  -1.189825855   2.624988e-4   0.072023428   0.148806216
 127.9021044  -1.196019992   2.638654e-4   0.070403681   0.145761139
 128.5645041  -1.202214129   2.652319e-4   0.068839994   0.142785373
 129.2269037  -1.208408266   2.665985e-4   0.067329729   0.139878803
 129.8893033  -1.214602403   2.679650e-4   0.065870403   0.137041157
 130.5517029  -1.220796540   2.693316e-4   0.064459684   0.134272003
 131.2141025  -1.226990678   2.706981e-4   0.063095370   0.131570761
 131.8765021  -1.233184815   2.720647e-4   0.061775390   0.128936708
 132.5389017  -1.239378952   2.734312e-4   0.060497785   0.126368989
 133.2013014  -1.245573089   2.747978e-4   0.059260710   0.123866630
 133.8637010  -1.251767226   2.761643e-4   0.058062419   0.121428551
 134.5261006  -1.257961364   2.775309e-4   0.056901262   0.119053578
 135.1885002  -1.264155501   2.788974e-4   0.055775678   0.116740457
 135.8508998  -1.270349638   2.802640e-4   0.054684190   0.114487869
 136.5132994  -1.276543775   2.816305e-4   0.053625396   0.112294443
 137.1756990  -1.282737912   2.829971e-4   0.052597969   0.110158767
 137.8380986  -1.288932049   2.843636e-4   0.051600649   0.108079397
 138.5004983  -1.295126187   2.857301e-4   0.050632242   0.106054874
 139.1628979  -1.301320324   2.870967e-4   0.049691612   0.104083727
 139.8252975  -1.307514461   2.884632e-4   0.048777680   0.102164487
 140.4876971  -1.313708598   2.898298e-4   0.047889420   0.100295686
 141.1500967  -1.319902735   2.911963e-4   0.047025856   0.098475872
 141.8124963  -1.326096872   2.925629e-4   0.046186059   0.096703610
 142.4748959  -1.332291010   2.939294e-4   0.045369143   0.094977485
 143.1372956  -1.338485147   2.952960e-4   0.044574267   0.093296110
 143.7996952  -1.344679284   2.966625e-4   0.043800624   0.091658125
 144.4620948  -1.350873421   2.980291e-4   0.043047449   0.090062200
 145.1244944  -1.357067558   2.993956e-4   0.042314010   0.088507040
 145.7868940  -1.363261696   3.007622e-4   0.041599607   0.086991382
 146.4492936  -1.369455833   3.021287e-4   0.040903574   0.085513998
 147.1116932  -1.375649970   3.034953e-4   0.040225272   0.084073695
 147.7740928  -1.381844107   3.048618e-4   0.039564091   0.082669316
 148.4364925  -1.388038244   3.062284e-4   0.038919448   0.081299741
 149.0988921  -1.394232381   3.075949e-4   0.038290784   0.079963882
 149.7612917  -1.400426519   3.089615e-4   0.037677564   0.078660689
 150.4236913  -1.406620656   3.103280e-4   0.037079277   0.077389144
 151.0860909  -1.412814793   3.116946e-4   0.036495432   0.076148266
 151.7484905  -1.419008930   3.130611e-4   0.035925559   0.074937104
 152.4108901  -1.425203067   3.144277e-4   0.035369207   0.073754740
 153.0732898  -1.431397204   3.157942e-4   0.034825943   0.072600289
 153.7356894  -1.437591342   3.171607e-4   0.034295352   0.071472895
 154.3980890  -1.443785479   3.185273e-4   0.033777036   0.070371732
 155.0604886  -1.449979616   3.198938e-4   0.033270611   0.069296004
 155.7228882  -1.456173753   3.212604e-4   0.032775712   0.068244941
 156.3852878  -1.462367890   3.226269e-4   0.032291983   0.067217802
 157.0476874  -1.468562028   3.239935e-4   0.031819085   0.066213869
 157.7100870  -1.474756165   3.253600e-4   0.031356692   0.065232453
 158.3724867  -1.480950302   3.267266e-4   0.030904490   0.064272885
 159.0348863  -1.487144439   3.280931e-4   0.030462176   0.063334524
 159.6972859  -1.493338576   3.294597e-4   0.030029459   0.062416747
 160.3596855  -1.499532713   3.308262e-4   0.029606058   0.061518956
 161.0220851  -1.505726851   3.321928e-4   0.029191705   0.060640573
 161.6844847  -1.511920988   3.335593e-4   0.028786138   0.059781038
 162.3468843  -1.518115125   3.349259e-4   0.028389108   0.058939814
 163.0092840  -1.524309262   3.362924e-4   0.028000371   0.058116379
 163.6716836  -1.530503399   3.376590e-4   0.027619697   0.057310231
 164.3340832  -1.536697536   3.390255e-4   0.027246858   0.056520886
 164.9964828  -1.542891674   3.403921e-4   0.026881640   0.055747873
 165.6588824  -1.549085811   3.417586e-4   0.026523831   0.054990741
 166.3212820  -1.555279948   3.431252e-4   0.026173231   0.054249051
 166.9836816  -1.561474085   3.444917e-4   0.025829644   0.053522382
 167.6460812  -1.567668222   3.458582e-4   0.025492881   0.052810324
 168.3084809  -1.573862360   3.472248e-4   0.025162760   0.052112482
 168.9708805  -1.580056497   3.485913e-4   0.024839106   0.051428474
 169.6332801  -1.586250634   3.499579e-4   0.024521748   0.050757932
 170.2956797  -1.592444771   3.513244e-4   0.024210522   0.050100496
 170.9580793  -1.598638908   3.526910e-4   0.023905268   0.049455823
 171.6204789  -1.604833045   3.540575e-4   0.023605833   0.048823577
 172.2828785  -1.611027183   3.554241e-4   0.023312067   0.048203434
 172.9452782  -1.617221320   3.567906e-4   0.023023827   0.047595082
 173.6076778  -1.623415457   3.581572e-4   0.022740973   0.046998217
 174.2700774  -1.629609594   3.595237e-4   0.022463369   0.046412545
 174.9324770  -1.635803731   3.608903e-4   0.022190886   0.045837781
 175.5948766  -1.641997868   3.622568e-4   0.021923396   0.045273651
 176.2572762  -1.648192006   3.636234e-4   0.021660777   0.044719886
 176.9196758  -1.654386143   3.649899e-4   0.021402909   0.044176229
 177.5820754  -1.660580280   3.663565e-4   0.021149677   0.043642428
 178.2444751  -1.666774417   3.677230e-4   0.020900969   0.043118241
 178.9068747  -1.672968554   3.690896e-4   0.020656678   0.042603431
 179.5692743  -1.679162692   3.704561e-4   0.020416697   0.042097769
 180.2316739  -1.685356829   3.718227e-4   0.020180925   0.041601034
 180.8940735  -1.691550966   3.731892e-4   0.019949263   0.041113011
 181.5564731  -1.697745103   3.745558e-4   0.019721614   0.040633490
 182.2188727  -1.703939240   3.759223e-4   0.019497886   0.040162270
 182.8812724  -1.710133377   3.772888e-4   0.019277988   0.039699152
 183.5436720  -1.716327515   3.786554e-4   0.019061832   0.039243947
 184.2060716  -1.722521652   3.800219e-4   0.018849332   0.038796468
 184.8684712  -1.728715789   3.813885e-4   0.018640406   0.038356535
 185.5308708  -1.734909926   3.827550e-4   0.018434974   0.037923973
 186.1932704  -1.741104063   3.841216e-4   0.018232956   0.037498612
 186.8556700  -1.747298200   3.854881e-4   0.018034277   0.037080287
 187.5180696  -1.753492338   3.868547e-4   0.017838863   0.036668835
 188.1804693  -1.759686475   3.882212e-4   0.017646642   0.036264102
 188.8428689  -1.765880612   3.895878e-4   0.017457544   0.035865935
 189.5052685  -1.772074749   3.909543e-4   0.017271501   0.035474186
 190.1676681  -1.778268886   3.923209e-4   0.017088448   0.035088712
 190.8300677  -1.784463024   3.936874e-4   0.016908318   0.034709371
 191.4924673  -1.790657161   3.950540e-4   0.016731051   0.034336029
 192.1548669  -1.796851298   3.964205e-4   0.016556586   0.033968551
 192.8172666  -1.803045435   3.977871e-4   0.016384862   0.033606810
 193.4796662  -1.809239572   3.991536e-4   0.016215822   0.033250678
 194.1420658  -1.815433709   4.005202e-4   0.016049410   0.032900035
 194.8044654  -1.821627847   4.018867e-4   0.015885572   0.032554759
 195.4668650  -1.827821984   4.032533e-4   0.015724254   0.032214735
 196.1292646  -1.834016121   4.046198e-4   0.015565403   0.031879850
 196.7916642  -1.840210258   4.059863e-4   0.015408971   0.031549992
 197.4540639  -1.846404395   4.073529e-4   0.015254906   0.031225053
 198.1164635  -1.852598532   4.087194e-4   0.015103162   0.030904930
 198.7788631  -1.858792670   4.100860e-4   0.014953692   0.030589518
 199.4412627  -1.864986807   4.114525e-4   0.014806449   0.030278718
 200.1036623  -1.871180944   4.128191e-4   0.014661390   0.029972432
 200.7660619  -1.877375081   4.141856e-4   0.014518472   0.029670564
 201.4284615  -1.883569218   4.155522e-4   0.014377651   0.029373021
 202.0908611  -1.889763356   4.169187e-4   0.014238887   0.029079712
 202.7532608  -1.895957493   4.182853e-4   0.014102139   0.028790548
 203.4156604  -1.902151630   4.196518e-4   0.013967369   0.028505442
 204.0780600  -1.908345767   4.210184e-4   0.013834537   0.028224308
 204.7404596  -1.914539904   4.223849e-4   0.013703608   0.027947063
 205.4028592  -1.920734041   4.237515e-4   0.013574544   0.027673627
 206.0652588  -1.926928179   4.251180e-4   0.013447309   0.027403918
 206.7276584  -1.933122316   4.264846e-4   0.013321870   0.027137859
 207.3900581  -1.939316453   4.278511e-4   0.013198192   0.026875373
 208.0524577  -1.945510590   4.292177e-4   0.013076242   0.026616386
 208.7148573  -1.951704727   4.305842e-4   0.012955988   0.026360823
 209.3772569  -1.957898864   4.319508e-4   0.012837398   0.026108612
 210.0396565  -1.964093002   4.333173e-4   0.012720441   0.025859683
 210.7020561  -1.970287139   4.346838e-4   0.012605088   0.025613966
 211.3644557  -1.976481276   4.360504e-4   0.012491309   0.025371392
 212.0268553  -1.982675413   4.374169e-4   0.012379075   0.025131895
 212.6892550  -1.988869550   4.387835e-4   0.012268359   0.024895407
 213.3516546  -1.995063688   4.401500e-4   0.012159132   0.024661864
 214.0140542  -2.001257825   4.415166e-4   0.012051368   0.024431202
 214.6764538  -2.007451962   4.428831e-4   0.011945041   0.024203357
 215.3388534  -2.013646099   4.442497e-4   0.011840125   0.023978267
 216.0012530  -2.019840236   4.456162e-4   0.011736596   0.023755870
 216.6636526  -2.026034373   4.469828e-4   0.011634428   0.023536105
 217.3260523  -2.032228511   4.483493e-4   0.011533597   0.023318911
 217.9884519  -2.038422648   4.497159e-4   0.011434081   0.023104228
 218.6508515  -2.044616785   4.510824e-4   0.011335857   0.022891997
 219.3132511  -2.050810922   4.524490e-4   0.011238901   0.022682158
 219.9756507  -2.057005059   4.538155e-4   0.011143193   0.022474654
 220.6380503  -2.063199196   4.551821e-4   0.011048710   0.022269424
 221.3004499  -2.069393334   4.565486e-4   0.010955432   0.022066411
 221.9628495  -2.075587471   4.579152e-4   0.010863338   0.021865554
 222.6252492  -2.081781608   4.592817e-4   0.010772408   0.021666797
 223.2876488  -2.087975745   4.606483e-4   0.010682622   0.021470079
 223.9500484  -2.094169882   4.620148e-4   0.010593962   0.021275340
 224.6124480  -2.100364020   4.633814e-4   0.010506408   0.021082521
 225.2748476  -2.106558157   4.647479e-4   0.010419941   0.020891559
 225.9372472  -2.112752294   4.661144e-4   0.010334545   0.020702394
 226.5996468  -2.118946431   4.674810e-4   0.010250201   0.020514962
 227.2620465  -2.125140568   4.688475e-4   0.010166891   0.020329198
 227.9244461  -2.131334705   4.702141e-4   0.010084600   0.020145035
 228.5868457  -2.137528843   4.715806e-4   0.010003309   0.019962405
 229.2492453  -2.143722980   4.729472e-4   0.009923004   0.019781236
 229.9116449  -2.149917117   4.743137e-4   0.009843668   0.019601455
 230.5740445  -2.156111254   4.756803e-4   0.009765284   0.019422984
 231.2364441  -2.162305391   4.770468e-4   0.009687840   0.019245741
 231.8988437  -2.168499529   4.784134e-4   0.009611318   0.019069639
 232.5612434  -2.174693666   4.797799e-4   0.009535704   0.018894587
 233.2236430  -2.180887803   4.811465e-4   0.009460985   0.018720486
 233.8860426  -2.187081940   4.825130e-4   0.009387145   0.018547228
 234.5484422  -2.193276077   4.838796e-4   0.009314172   0.018374698
 235.2108418  -2.199470214   4.852461e-4   0.009242051   0.018202766
 235.8732414  -2.205664352   4.866127e-4   0.009170769   0.018031290
 236.5356410  -2.211858489   4.879792e-4   0.009100313   0.017860111
 237.1980407  -2.218052626   4.893458e-4   0.009030670   0.017689048
 237.8604403  -2.224246763   4.907123e-4   0.008961829   0.017517891
 238.5228399  -2.230440900   4.920789e-4   0.008893776   0.017346398
 239.1852395  -2.236635037   4.934454e-4   0.008826499   0.017174282
 239.8476391  -2.242829175   4.948119e-4   0.008759987   0.017001194
 240.5100387  -2.249023312   4.961785e-4   0.008694228   0.016826706
 241.1724383  -2.255217449   4.975450e-4   0.008629210   0.016650278
 241.8348379  -2.261411586   4.989116e-4   0.008564923   0.016471213
 242.4972376  -2.267605723   5.002781e-4   0.008501356   0.016288589
 243.1596372  -2.273799861   5.016447e-4   0.008438497   0.016101207
 243.8220368  -2.279993998   5.030112e-4   0.008376337   0.015907749
 244.4844364  -2.286188135   5.043778e-4   0.008314864   0.015707828
 245.1468360  -2.292382272   5.057443e-4   0.008254069   0.015503248
 245.8092356  -2.298576409   5.071109e-4   0.008193942   0.015296409
 246.4716352  -2.304770546   5.084774e-4   0.008134472   0.015088876
 247.1340349  -2.310964684   5.098440e-4   0.008075651   0.014881532
 247.7964345  -2.317158821   5.112105e-4   0.008017469   0.014674888
 248.4588341  -2.323352958   5.125771e-4   0.007959916   0.014469260
 249.1212337  -2.329547095   5.139436e-4   0.007902984   0.014264850
 249.7836333  -2.335741232   5.153102e-4   0.007846664   0.014061797
 250.4460329  -2.341935369   5.166767e-4   0.007790946   0.013860193
 251.1084325  -2.348129507   5.180433e-4   0.007735822   0.013660103
 251.7708321  -2.354323644   5.194098e-4   0.007681285   0.013461573
 252.4332318  -2.360517781   5.207764e-4   0.007627324   0.013264636
 253.0956314  -2.366711918   5.221429e-4   0.007573933   0.013069312
 253.7580310  -2.372906055   5.235095e-4   0.007521103   0.012875617
 254.4204306  -2.379100193   5.248760e-4   0.007468827   0.012683558
 255.0828302  -2.385294330   5.262425e-4   0.007417096   0.012493139
 255.7452298  -2.391488467   5.276091e-4   0.007365903   0.012304363
 256.4076294  -2.397682604   5.289756e-4   0.007315241   0.012117226
 257.0700291  -2.403876741   5.303422e-4   0.007265102   0.011931726
 257.7324287  -2.410070878   5.317087e-4   0.007215479   0.011747856
 258.3948283  -2.416265016   5.330753e-4   0.007166365   0.011565610
 259.0572279  -2.422459153   5.344418e-4   0.007117753   0.011384980
 259.7196275  -2.428653290   5.358084e-4   0.007069636   0.011205958
 260.3820271  -2.434847427   5.371749e-4   0.007022008   0.011028534
 261.0444267  -2.441041564   5.385415e-4   0.006974861   0.010852699
 261.7068263  -2.447235701   5.399080e-4   0.006928190   0.010678443
 262.3692260  -2.453429839   5.412746e-4   0.006881987   0.010505755
 263.0316256  -2.459623976   5.426411e-4   0.006836247   0.010334625
 263.6940252  -2.465818113   5.440077e-4   0.006790964   0.010165043
 264.3564248  -2.472012250   5.453742e-4   0.006746130   0.009996997
 265.0188244  -2.478206387   5.467408e-4   0.006701741   0.009830477
 265.6812240  -2.484400525   5.481073e-4   0.006657791   0.009665473
 266.3436236  -2.490594662   5.494739e-4   0.006614273   0.009501973
 267.0060233  -2.496788799   5.508404e-4   0.006571183   0.009339968
 267.6684229  -2.502982936   5.522070e-4   0.006528513   0.009179446
 268.3308225  -2.509177073   5.535735e-4   0.006486260   0.009020398
 268.9932221  -2.515371210   5.549400e-4   0.006444417   0.008862814
 269.6556217  -2.521565348   5.563066e-4   0.006402980   0.008706683
 270.3180213  -2.527759485   5.576731e-4   0.006361942   0.008551997
 270.9804209  -2.533953622   5.590397e-4   0.006321299   0.008398745
 271.6428205  -2.540147759   5.604062e-4   0.006281046   0.008246919
 272.3052202  -2.546341896   5.617728e-4   0.006241178   0.008096509
 272.9676198  -2.552536033   5.631393e-4   0.006201689   0.007947507
 273.6300194  -2.558730171   5.645059e-4   0.006162576   0.007799905
 274.2924190  -2.564924308   5.658724e-4   0.006123832   0.007653695
 274.9548186  -2.571118445   5.672390e-4   0.006085455   0.007508868
 275.6172182  -2.577312582   5.686055e-4   0.006047438   0.007365418
 276.2796178  -2.583506719   5.699721e-4   0.006009778   0.007223338