#XDI/1.1
# X-ray Monochromator Darwin Width from xrayweb  Wed Dec 10 08:23:17 2025
# Monochromator.xtal        : Si
# Monochromator.hkl         : 1 1 1
# Monochromator.polarization: 's'
# Monochromator.theta       : 7.729449 (deg)
# Monochromator.theta_width : 17.993805 (microrad)
# Monochromator.energy_width: 1.948806 (eV)
# Monochromator.theta_fwhm  : 19.085312 (microrad)
# Monochromator.rocking_fwhm: 25.191327 (microrad)
# Monochromator.energy_fwhm : 2.067021 (eV)
# Xray.Energy               : 14700 (eV)
# Column.1: dtheta (microrad)
# Column.2: denergy (eV)
# Column.3: zeta (delta_lambda / lambda)
# Column.4: intensity
# Column.5: rocking_curve
#---------------------
# {' '.join(array_names)}
-42.15421337   4.565481079  -3.105769e-4   0.005878640   0.007517389
-41.97427532   4.545993021  -3.092512e-4   0.005915081   0.007658914
-41.79433727   4.526504963  -3.079255e-4   0.005951863   0.007801476
-41.61439922   4.507016905  -3.065998e-4   0.005988990   0.007945087
-41.43446117   4.487528847  -3.052741e-4   0.006026468   0.008089757
-41.25452313   4.468040789  -3.039484e-4   0.006064299   0.008235498
-41.07458508   4.448552731  -3.026226e-4   0.006102490   0.008382322
-40.89464703   4.429064673  -3.012969e-4   0.006141044   0.008530239
-40.71470898   4.409576615  -2.999712e-4   0.006179966   0.008679261
-40.53477093   4.390088557  -2.986455e-4   0.006219260   0.008829399
-40.35483288   4.370600498  -2.973198e-4   0.006258933   0.008980667
-40.17489483   4.351112440  -2.959940e-4   0.006298987   0.009133075
-39.99495678   4.331624382  -2.946683e-4   0.006339429   0.009286635
-39.81501873   4.312136324  -2.933426e-4   0.006380264   0.009441360
-39.63508068   4.292648266  -2.920169e-4   0.006421496   0.009597263
-39.45514263   4.273160208  -2.906912e-4   0.006463131   0.009754354
-39.27520458   4.253672150  -2.893655e-4   0.006505173   0.009912647
-39.09526653   4.234184092  -2.880397e-4   0.006547630   0.010072154
-38.91532849   4.214696034  -2.867140e-4   0.006590505   0.010232888
-38.73539044   4.195207976  -2.853883e-4   0.006633804   0.010394862
-38.55545239   4.175719917  -2.840626e-4   0.006677533   0.010558087
-38.37551434   4.156231859  -2.827369e-4   0.006721698   0.010722578
-38.19557629   4.136743801  -2.814111e-4   0.006766305   0.010888345
-38.01563824   4.117255743  -2.800854e-4   0.006811360   0.011055403
-37.83570019   4.097767685  -2.787597e-4   0.006856868   0.011223763
-37.65576214   4.078279627  -2.774340e-4   0.006902835   0.011393438
-37.47582409   4.058791569  -2.761083e-4   0.006949269   0.011564441
-37.29588604   4.039303511  -2.747826e-4   0.006996175   0.011736784
-37.11594799   4.019815453  -2.734568e-4   0.007043560   0.011910478
-36.93600994   4.000327395  -2.721311e-4   0.007091430   0.012085535
-36.75607189   3.980839337  -2.708054e-4   0.007139792   0.012261967
-36.57613385   3.961351278  -2.694797e-4   0.007188653   0.012439783
-36.39619580   3.941863220  -2.681540e-4   0.007238019   0.012618994
-36.21625775   3.922375162  -2.668282e-4   0.007287899   0.012799610
-36.03631970   3.902887104  -2.655025e-4   0.007338298   0.012981637
-35.85638165   3.883399046  -2.641768e-4   0.007389225   0.013165083
-35.67644360   3.863910988  -2.628511e-4   0.007440686   0.013349953
-35.49650555   3.844422930  -2.615254e-4   0.007492690   0.013536248
-35.31656750   3.824934872  -2.601997e-4   0.007545243   0.013723970
-35.13662945   3.805446814  -2.588739e-4   0.007598354   0.013913115
-34.95669140   3.785958756  -2.575482e-4   0.007652031   0.014103673
-34.77675335   3.766470697  -2.562225e-4   0.007706281   0.014295629
-34.59681530   3.746982639  -2.548968e-4   0.007761114   0.014488959
-34.41687726   3.727494581  -2.535711e-4   0.007816537   0.014683624
-34.23693921   3.708006523  -2.522453e-4   0.007872559   0.014879569
-34.05700116   3.688518465  -2.509196e-4   0.007929188   0.015076706
-33.87706311   3.669030407  -2.495939e-4   0.007986434   0.015274902
-33.69712506   3.649542349  -2.482682e-4   0.008044306   0.015473939
-33.51718701   3.630054291  -2.469425e-4   0.008102812   0.015673438
-33.33724896   3.610566233  -2.456168e-4   0.008161963   0.015872662
-33.15731091   3.591078175  -2.442910e-4   0.008221767   0.016069965
-32.97737286   3.571590117  -2.429653e-4   0.008282234   0.016261791
-32.79743481   3.552102058  -2.416396e-4   0.008343375   0.016445916
-32.61749676   3.532614000  -2.403139e-4   0.008405199   0.016624195
-32.43755871   3.513125942  -2.389882e-4   0.008467717   0.016798537
-32.25762066   3.493637884  -2.376624e-4   0.008530939   0.016970203
-32.07768262   3.474149826  -2.363367e-4   0.008594876   0.017140045
-31.89774457   3.454661768  -2.350110e-4   0.008659539   0.017308673
-31.71780652   3.435173710  -2.336853e-4   0.008724938   0.017476545
-31.53786847   3.415685652  -2.323596e-4   0.008791086   0.017644019
-31.35793042   3.396197594  -2.310338e-4   0.008857993   0.017811383
-31.17799237   3.376709536  -2.297081e-4   0.008925671   0.017978877
-30.99805432   3.357221477  -2.283824e-4   0.008994133   0.018146701
-30.81811627   3.337733419  -2.270567e-4   0.009063390   0.018315029
-30.63817822   3.318245361  -2.257310e-4   0.009133456   0.018484013
-30.45824017   3.298757303  -2.244053e-4   0.009204342   0.018653786
-30.27830212   3.279269245  -2.230795e-4   0.009276061   0.018824469
-30.09836407   3.259781187  -2.217538e-4   0.009348628   0.018996171
-29.91842602   3.240293129  -2.204281e-4   0.009422055   0.019168992
-29.73848798   3.220805071  -2.191024e-4   0.009496356   0.019343025
-29.55854993   3.201317013  -2.177767e-4   0.009571545   0.019518356
-29.37861188   3.181828955  -2.164509e-4   0.009647636   0.019695067
-29.19867383   3.162340896  -2.151252e-4   0.009724644   0.019873234
-29.01873578   3.142852838  -2.137995e-4   0.009802584   0.020052931
-28.83879773   3.123364780  -2.124738e-4   0.009881471   0.020234228
-28.65885968   3.103876722  -2.111481e-4   0.009961321   0.020417193
-28.47892163   3.084388664  -2.098224e-4   0.010042149   0.020601891
-28.29898358   3.064900606  -2.084966e-4   0.010123972   0.020788387
-28.11904553   3.045412548  -2.071709e-4   0.010206806   0.020976742
-27.93910748   3.025924490  -2.058452e-4   0.010290667   0.021167019
-27.75916943   3.006436432  -2.045195e-4   0.010375574   0.021359277
-27.57923138   2.986948374  -2.031938e-4   0.010461543   0.021553577
-27.39929334   2.967460316  -2.018680e-4   0.010548593   0.021749977
-27.21935529   2.947972257  -2.005423e-4   0.010636742   0.021948536
-27.03941724   2.928484199  -1.992166e-4   0.010726009   0.022149313
-26.85947919   2.908996141  -1.978909e-4   0.010816412   0.022352366
-26.67954114   2.889508083  -1.965652e-4   0.010907971   0.022557755
-26.49960309   2.870020025  -1.952395e-4   0.011000707   0.022765537
-26.31966504   2.850531967  -1.939137e-4   0.011094639   0.022975772
-26.13972699   2.831043909  -1.925880e-4   0.011189788   0.023188519
-25.95978894   2.811555851  -1.912623e-4   0.011286177   0.023403838
-25.77985089   2.792067793  -1.899366e-4   0.011383825   0.023621789
-25.59991284   2.772579735  -1.886109e-4   0.011482757   0.023842434
-25.41997479   2.753091676  -1.872851e-4   0.011582993   0.024065835
-25.24003674   2.733603618  -1.859594e-4   0.011684559   0.024292053
-25.06009870   2.714115560  -1.846337e-4   0.011787477   0.024521153
-24.88016065   2.694627502  -1.833080e-4   0.011891772   0.024753199
-24.70022260   2.675139444  -1.819823e-4   0.011997468   0.024988256
-24.52028455   2.655651386  -1.806566e-4   0.012104591   0.025226390
-24.34034650   2.636163328  -1.793308e-4   0.012213168   0.025467671
-24.16040845   2.616675270  -1.780051e-4   0.012323224   0.025712165
-23.98047040   2.597187212  -1.766794e-4   0.012434787   0.025959943
-23.80053235   2.577699154  -1.753537e-4   0.012547885   0.026211078
-23.62059430   2.558211096  -1.740280e-4   0.012662547   0.026465641
-23.44065625   2.538723037  -1.727022e-4   0.012778800   0.026723707
-23.26071820   2.519234979  -1.713765e-4   0.012896677   0.026985353
-23.08078015   2.499746921  -1.700508e-4   0.013016206   0.027250655
-22.90084210   2.480258863  -1.687251e-4   0.013137420   0.027519693
-22.72090406   2.460770805  -1.673994e-4   0.013260350   0.027792548
-22.54096601   2.441282747  -1.660737e-4   0.013385029   0.028069303
-22.36102796   2.421794689  -1.647479e-4   0.013511492   0.028350042
-22.18108991   2.402306631  -1.634222e-4   0.013639771   0.028634852
-22.00115186   2.382818573  -1.620965e-4   0.013769904   0.028923823
-21.82121381   2.363330515  -1.607708e-4   0.013901925   0.029217044
-21.64127576   2.343842456  -1.594451e-4   0.014035873   0.029514610
-21.46133771   2.324354398  -1.581193e-4   0.014171784   0.029816615
-21.28139966   2.304866340  -1.567936e-4   0.014309698   0.030123158
-21.10146161   2.285378282  -1.554679e-4   0.014449656   0.030434339
-20.92152356   2.265890224  -1.541422e-4   0.014591697   0.030750260
-20.74158551   2.246402166  -1.528165e-4   0.014735864   0.031071028
-20.56164747   2.226914108  -1.514908e-4   0.014882199   0.031396751
-20.38170942   2.207426050  -1.501650e-4   0.015030748   0.031727540
-20.20177137   2.187937992  -1.488393e-4   0.015181556   0.032063509
-20.02183332   2.168449934  -1.475136e-4   0.015334668   0.032404776
-19.84189527   2.148961875  -1.461879e-4   0.015490132   0.032751461
-19.66195722   2.129473817  -1.448622e-4   0.015647999   0.033103688
-19.48201917   2.109985759  -1.435364e-4   0.015808317   0.033461584
-19.30208112   2.090497701  -1.422107e-4   0.015971138   0.033825281
-19.12214307   2.071009643  -1.408850e-4   0.016136516   0.034194913
-18.94220502   2.051521585  -1.395593e-4   0.016304504   0.034570618
-18.76226697   2.032033527  -1.382336e-4   0.016475159   0.034952539
-18.58232892   2.012545469  -1.369079e-4   0.016648538   0.035340822
-18.40239087   1.993057411  -1.355821e-4   0.016824700   0.035735619
-18.22245283   1.973569353  -1.342564e-4   0.017003705   0.036137085
-18.04251478   1.954081295  -1.329307e-4   0.017185616   0.036545380
-17.86257673   1.934593236  -1.316050e-4   0.017370497   0.036960668
-17.68263868   1.915105178  -1.302793e-4   0.017558413   0.037383121
-17.50270063   1.895617120  -1.289535e-4   0.017749432   0.037812912
-17.32276258   1.876129062  -1.276278e-4   0.017943623   0.038250223
-17.14282453   1.856641004  -1.263021e-4   0.018141059   0.038695239
-16.96288648   1.837152946  -1.249764e-4   0.018341812   0.039148152
-16.78294843   1.817664888  -1.236507e-4   0.018545959   0.039609162
-16.60301038   1.798176830  -1.223250e-4   0.018753577   0.040078471
-16.42307233   1.778688772  -1.209992e-4   0.018964746   0.040556292
-16.24313428   1.759200714  -1.196735e-4   0.019179550   0.041042841
-16.06319623   1.739712655  -1.183478e-4   0.019398072   0.041538345
-15.88325819   1.720224597  -1.170221e-4   0.019620400   0.042043036
-15.70332014   1.700736539  -1.156964e-4   0.019846625   0.042557153
-15.52338209   1.681248481  -1.143706e-4   0.020076840   0.043080946
-15.34344404   1.661760423  -1.130449e-4   0.020311139   0.043614672
-15.16350599   1.642272365  -1.117192e-4   0.020549622   0.044158595
-14.98356794   1.622784307  -1.103935e-4   0.020792390   0.044712990
-14.80362989   1.603296249  -1.090678e-4   0.021039548   0.045278143
-14.62369184   1.583808191  -1.077421e-4   0.021291204   0.045854348
-14.44375379   1.564320133  -1.064163e-4   0.021547469   0.046441908
-14.26381574   1.544832075  -1.050906e-4   0.021808458   0.047041141
-14.08387769   1.525344016  -1.037649e-4   0.022074291   0.047652374
-13.90393964   1.505855958  -1.024392e-4   0.022345088   0.048275945
-13.72400159   1.486367900  -1.011135e-4   0.022620977   0.048912207
-13.54406355   1.466879842  -9.978774e-5   0.022902088   0.049561524
-13.36412550   1.447391784  -9.846203e-5   0.023188556   0.050224275
-13.18418745   1.427903726  -9.713631e-5   0.023480520   0.050900853
-13.00424940   1.408415668  -9.581059e-5   0.023778124   0.051591666
-12.82431135   1.388927610  -9.448487e-5   0.024081515   0.052297137
-12.64437330   1.369439552  -9.315915e-5   0.024390849   0.053017707
-12.46443525   1.349951494  -9.183343e-5   0.024706283   0.053753834
-12.28449720   1.330463435  -9.050772e-5   0.025027982   0.054505994
-12.10455915   1.310975377  -8.918200e-5   0.025356116   0.055274682
-11.92462110   1.291487319  -8.785628e-5   0.025690861   0.056060413
-11.74468305   1.271999261  -8.653056e-5   0.026032397   0.056863725
-11.56474500   1.252511203  -8.520484e-5   0.026380915   0.057685177
-11.38480695   1.233023145  -8.387913e-5   0.026736609   0.058525351
-11.20486891   1.213535087  -8.255341e-5   0.027099680   0.059384855
-11.02493086   1.194047029  -8.122769e-5   0.027470339   0.060264322
-10.84499281   1.174558971  -7.990197e-5   0.027848802   0.061164414
-10.66505476   1.155070913  -7.857625e-5   0.028235294   0.062085822
-10.48511671   1.135582854  -7.725053e-5   0.028630048   0.063029266
-10.30517866   1.116094796  -7.592482e-5   0.029033306   0.063995502
-10.12524061   1.096606738  -7.459910e-5   0.029445319   0.064985318
-9.945302561   1.077118680  -7.327338e-5   0.029866347   0.065999539
-9.765364512   1.057630622  -7.194766e-5   0.030296662   0.067039029
-9.585426463   1.038142564  -7.062194e-5   0.030736543   0.068104693
-9.405488413   1.018654506  -6.929622e-5   0.031186283   0.069197480
-9.225550364   0.999166448  -6.797051e-5   0.031646185   0.070318385
-9.045612315   0.979678390  -6.664479e-5   0.032116564   0.071468453
-8.865674266   0.960190332  -6.531907e-5   0.032597748   0.072648781
-8.685736217   0.940702274  -6.399335e-5   0.033090077   0.073860521
-8.505798167   0.921214215  -6.266763e-5   0.033593908   0.075104888
-8.325860118   0.901726157  -6.134192e-5   0.034109608   0.076383157
-8.145922069   0.882238099  -6.001620e-5   0.034637564   0.077696673
-7.965984020   0.862750041  -5.869048e-5   0.035178175   0.079046854
-7.786045970   0.843261983  -5.736476e-5   0.035731860   0.080435196
-7.606107921   0.823773925  -5.603904e-5   0.036299054   0.081863278
-7.426169872   0.804285867  -5.471332e-5   0.036880212   0.083332771
-7.246231823   0.784797809  -5.338761e-5   0.037475806   0.084845440
-7.066293774   0.765309751  -5.206189e-5   0.038086333   0.086403159
-6.886355724   0.745821693  -5.073617e-5   0.038712308   0.088007909
-6.706417675   0.726333634  -4.941045e-5   0.039354272   0.089661796
-6.526479626   0.706845576  -4.808473e-5   0.040012789   0.091367059
-6.346541577   0.687357518  -4.675901e-5   0.040688449   0.093126075
-6.166603527   0.667869460  -4.543330e-5   0.041381870   0.094941381
-5.986665478   0.648381402  -4.410758e-5   0.042093696   0.096815679
-5.806727429   0.628893344  -4.278186e-5   0.042824606   0.098751858
-5.626789380   0.609405286  -4.145614e-5   0.043575308   0.100753005
-5.446851331   0.589917228  -4.013042e-5   0.044346545   0.102822430
-5.266913281   0.570429170  -3.880471e-5   0.045139096   0.104963684
-5.086975232   0.550941112  -3.747899e-5   0.045953780   0.107180583
-4.907037183   0.531453054  -3.615327e-5   0.046791455   0.109477239
-4.727099134   0.511964995  -3.482755e-5   0.047653022   0.111858088
-4.547161084   0.492476937  -3.350183e-5   0.048539431   0.114327928
-4.367223035   0.472988879  -3.217611e-5   0.049451678   0.116891961
-4.187284986   0.453500821  -3.085040e-5   0.050390812   0.119555842
-4.007346937   0.434012763  -2.952468e-5   0.051357939   0.122325731
-3.827408888   0.414524705  -2.819896e-5   0.052354224   0.125208363
-3.647470838   0.395036647  -2.687324e-5   0.053380893   0.128211126
-3.467532789   0.375548589  -2.554752e-5   0.054439242   0.131342148
-3.287594740   0.356060531  -2.422180e-5   0.055530639   0.134610412
-3.107656691   0.336572473  -2.289609e-5   0.056656529   0.138025893
-2.927718642   0.317084414  -2.157037e-5   0.057818440   0.141599713
-2.747780592   0.297596356  -2.024465e-5   0.059017989   0.145344354
-2.567842543   0.278108298  -1.891893e-5   0.060256888   0.149273914
-2.387904494   0.258620240  -1.759321e-5   0.061536951   0.153404430
-2.207966445   0.239132182  -1.626750e-5   0.062860105   0.157754316
-2.028028395   0.219644124  -1.494178e-5   0.064228391   0.162344935
-1.848090346   0.200156066  -1.361606e-5   0.065643982   0.167201396
-1.668152297   0.180668008  -1.229034e-5   0.067109188   0.172353677
-1.488214248   0.161179950  -1.096462e-5   0.068626466   0.177838293
-1.308276199   0.141691892  -9.638904e-6   0.070198438   0.183700828
-1.128338149   0.122203833  -8.313186e-6   0.071827896   0.189999490
-0.948400100   0.102715775  -6.987468e-6   0.073517827   0.196799863
-0.768462051   0.083227717  -5.661749e-6   0.075271418   0.203868416
-0.588524002   0.063739659  -4.336031e-6   0.077092086   0.211017702
-0.408585952   0.044251601  -3.010313e-6   0.078983487   0.218193015
-0.228647903   0.024763543  -1.684595e-6   0.080949545   0.225379905
-0.048709854   0.005275485  -3.588765e-7   0.082994477   0.232571657
 0.131228195  -0.014212573   9.668417e-7   0.085122815   0.239764407
 0.311166244  -0.033700631   2.292560e-6   0.087339442   0.246955648
 0.491104294  -0.053188689   3.618278e-6   0.089649626   0.254143612
 0.671042343  -0.072676747   4.943996e-6   0.092059055   0.261326981
 0.850980392  -0.092164806   6.269715e-6   0.094573887   0.268504719
 1.030918441  -0.111652864   7.595433e-6   0.097200792   0.275675984
 1.210856491  -0.131140922   8.921151e-6   0.099947014   0.282840068
 1.390794540  -0.150628980   1.024687e-5   0.102820429   0.289996358
 1.570732589  -0.170117038   1.157259e-5   0.105829622   0.297144312
 1.750670638  -0.189605096   1.289831e-5   0.108983967   0.304283439
 1.930608687  -0.209093154   1.422402e-5   0.112293718   0.311413288
 2.110546737  -0.228581212   1.554974e-5   0.115770125   0.318533436
 2.290484786  -0.248069270   1.687546e-5   0.119425552   0.325643483
 2.470422835  -0.267557328   1.820118e-5   0.123273625   0.332743044
 2.650360884  -0.287045387   1.952690e-5   0.127329404   0.339831745
 2.830298934  -0.306533445   2.085262e-5   0.131609575   0.346909222
 3.010236983  -0.326021503   2.217833e-5   0.136132686   0.353975113
 3.190175032  -0.345509561   2.350405e-5   0.140919423   0.361029062
 3.370113081  -0.364997619   2.482977e-5   0.145992931   0.368070709
 3.550051130  -0.384485677   2.615549e-5   0.151379210   0.375099697
 3.729989180  -0.403973735   2.748121e-5   0.157107582   0.382115662
 3.909927229  -0.423461793   2.880692e-5   0.163211257   0.389118239
 4.089865278  -0.442949851   3.013264e-5   0.169728033   0.396107054
 4.269803327  -0.462437909   3.145836e-5   0.176701147   0.403081729
 4.449741377  -0.481925967   3.278408e-5   0.184180336   0.410041876
 4.629679426  -0.501414026   3.410980e-5   0.192223172   0.416987098
 4.809617475  -0.520902084   3.543552e-5   0.200896752   0.423916988
 4.989555524  -0.540390142   3.676123e-5   0.210279862   0.430831128
 5.169493573  -0.559878200   3.808695e-5   0.220465804   0.437729088
 5.349431623  -0.579366258   3.941267e-5   0.231566124   0.444610425
 5.529369672  -0.598854316   4.073839e-5   0.243715617   0.451474679
 5.709307721  -0.618342374   4.206411e-5   0.257079188   0.458321379
 5.889245770  -0.637830432   4.338983e-5   0.271861460   0.465150034
 6.069183819  -0.657318490   4.471554e-5   0.288320582   0.471960138
 6.249121869  -0.676806548   4.604126e-5   0.306788670   0.478751165
 6.429059918  -0.696294607   4.736698e-5   0.327703214   0.485522569
 6.608997967  -0.715782665   4.869270e-5   0.351657435   0.492273783
 6.788936016  -0.735270723   5.001842e-5   0.379485585   0.499004219
 6.968874066  -0.754758781   5.134413e-5   0.412417774   0.505713264
 7.148812115  -0.774246839   5.266985e-5   0.452388036   0.512400278
 7.328750164  -0.793734897   5.399557e-5   0.502731438   0.519064597
 7.508688213  -0.813222955   5.532129e-5   0.570102275   0.525705527
 7.688626262  -0.832711013   5.664701e-5   0.671934599   0.532322343
 7.868564312  -0.852199071   5.797273e-5   0.888421264   0.538914288
 8.048502361  -0.871687129   5.929844e-5   0.961020719   0.545480571
 8.228440410  -0.891175188   6.062416e-5   0.970654514   0.552020363
 8.408378459  -0.910663246   6.194988e-5   0.974750952   0.558532798
 8.588316509  -0.930151304   6.327560e-5   0.977044884   0.565016965
 8.768254558  -0.949639362   6.460132e-5   0.978498202   0.571471911
 8.948192607  -0.969127420   6.592704e-5   0.979483020   0.577896635
 9.128130656  -0.988615478   6.725275e-5   0.980176756   0.584290084
 9.308068705  -1.008103536   6.857847e-5   0.980675774   0.590651150
 9.488006755  -1.027591594   6.990419e-5   0.981037325   0.596978669
 9.667944804  -1.047079652   7.122991e-5   0.981297734   0.603271411
 9.847882853  -1.066567710   7.255563e-5   0.981481242   0.609528081
 10.02782090  -1.086055768   7.388134e-5   0.981604679   0.615747310
 10.20775895  -1.105543827   7.520706e-5   0.981680110   0.621927651
 10.38769700  -1.125031885   7.653278e-5   0.981716420   0.628067573
 10.56763505  -1.144519943   7.785850e-5   0.981720297   0.634165454
 10.74757310  -1.164008001   7.918422e-5   0.981696867   0.640219571
 10.92751115  -1.183496059   8.050994e-5   0.981650124   0.646228097
 11.10744920  -1.202984117   8.183565e-5   0.981583222   0.652189087
 11.28738725  -1.222472175   8.316137e-5   0.981498679   0.658100469
 11.46732530  -1.241960233   8.448709e-5   0.981398526   0.663960035
 11.64726335  -1.261448291   8.581281e-5   0.981284413   0.669765423
 11.82720139  -1.280936349   8.713853e-5   0.981157691   0.675514108
 12.00713944  -1.300424408   8.846425e-5   0.981019469   0.681203383
 12.18707749  -1.319912466   8.978996e-5   0.980870664   0.686830340
 12.36701554  -1.339400524   9.111568e-5   0.980712032   0.692391851
 12.54695359  -1.358888582   9.244140e-5   0.980544201   0.697884545
 12.72689164  -1.378376640   9.376712e-5   0.980367687   0.703304776
 12.90682969  -1.397864698   9.509284e-5   0.980182916   0.708648600
 13.08676774  -1.417352756   9.641855e-5   0.979990233   0.713911731
 13.26670579  -1.436840814   9.774427e-5   0.979789918   0.719089504
 13.44664384  -1.456328872   9.906999e-5   0.979582192   0.724176828
 13.62658189  -1.475816930   1.003957e-4   0.979367226   0.729168122
 13.80651994  -1.495304988   1.017214e-4   0.979145143   0.734057256
 13.98645799  -1.514793047   1.030471e-4   0.978916028   0.738837465
 14.16639603  -1.534281105   1.043729e-4   0.978679929   0.743501257
 14.34633408  -1.553769163   1.056986e-4   0.978436859   0.748040294
 14.52627213  -1.573257221   1.070243e-4   0.978186802   0.752445251
 14.70621018  -1.592745279   1.083500e-4   0.977929713   0.756705639
 14.88614823  -1.612233337   1.096757e-4   0.977665517   0.760809590
 15.06608628  -1.631721395   1.110015e-4   0.977394115   0.764743574
 15.24602433  -1.651209453   1.123272e-4   0.977115382   0.768492041
 15.42596238  -1.670697511   1.136529e-4   0.976829166   0.772036955
 15.60590043  -1.690185569   1.149786e-4   0.976535291   0.775357162
 15.78583848  -1.709673628   1.163043e-4   0.976233557   0.778427530
 15.96577653  -1.729161686   1.176300e-4   0.975923736   0.781217737
 16.14571458  -1.748649744   1.189558e-4   0.975605576   0.783690506
 16.32565263  -1.768137802   1.202815e-4   0.975278796   0.785798959
 16.50559067  -1.787625860   1.216072e-4   0.974943088   0.787482496
 16.68552872  -1.807113918   1.229329e-4   0.974598113   0.788660376
 16.86546677  -1.826601976   1.242586e-4   0.974243502   0.789223437
 17.04540482  -1.846090034   1.255844e-4   0.973878852   0.789041077
 17.22534287  -1.865578092   1.269101e-4   0.973503723   0.788067903
 17.40528092  -1.885066150   1.282358e-4   0.973117639   0.786407017
 17.58521897  -1.904554209   1.295615e-4   0.972720082   0.784193047
 17.76515702  -1.924042267   1.308872e-4   0.972310487   0.781530119
 17.94509507  -1.943530325   1.322129e-4   0.971888243   0.778493239
 18.12503312  -1.963018383   1.335387e-4   0.971452684   0.775137967
 18.30497117  -1.982506441   1.348644e-4   0.971003085   0.771506942
 18.48490922  -2.001994499   1.361901e-4   0.970538657   0.767633878
 18.66484726  -2.021482557   1.375158e-4   0.970058540   0.763546089
 18.84478531  -2.040970615   1.388415e-4   0.969561794   0.759266138
 19.02472336  -2.060458673   1.401673e-4   0.969047394   0.754812964
 19.20466141  -2.079946731   1.414930e-4   0.968514212   0.750202680
 19.38459946  -2.099434789   1.428187e-4   0.967961016   0.745449147
 19.56453751  -2.118922848   1.441444e-4   0.967386445   0.740564406
 19.74447556  -2.138410906   1.454701e-4   0.966789002   0.735559003
 19.92441361  -2.157898964   1.467958e-4   0.966167033   0.730442244
 20.10435166  -2.177387022   1.481216e-4   0.965518703   0.725222393
 20.28428971  -2.196875080   1.494473e-4   0.964841975   0.719906829
 20.46422776  -2.216363138   1.507730e-4   0.964134575   0.714502179
 20.64416581  -2.235851196   1.520987e-4   0.963393962   0.709014419
 20.82410386  -2.255339254   1.534244e-4   0.962617284   0.703448963
 21.00404190  -2.274827312   1.547502e-4   0.961801324   0.697810732
 21.18397995  -2.294315370   1.560759e-4   0.960942445   0.692104219
 21.36391800  -2.313803429   1.574016e-4   0.960036512   0.686333534
 21.54385605  -2.333291487   1.587273e-4   0.959078801   0.680502453
 21.72379410  -2.352779545   1.600530e-4   0.958063889   0.674614455
 21.90373215  -2.372267603   1.613787e-4   0.956985513   0.668672750
 22.08367020  -2.391755661   1.627045e-4   0.955836398   0.662680311
 22.26360825  -2.411243719   1.640302e-4   0.954608032   0.656639894
 22.44354630  -2.430731777   1.653559e-4   0.953290386   0.650554065
 22.62348435  -2.450219835   1.666816e-4   0.951871543   0.644425213
 22.80342240  -2.469707893   1.680073e-4   0.950337218   0.638255569
 22.98336045  -2.489195951   1.693331e-4   0.948670113   0.632047221
 23.16329850  -2.508684009   1.706588e-4   0.946849049   0.625802126
 23.34323654  -2.528172068   1.719845e-4   0.944847768   0.619522121
 23.52317459  -2.547660126   1.733102e-4   0.942633245   0.613208934
 23.70311264  -2.567148184   1.746359e-4   0.940163274   0.606864193
 23.88305069  -2.586636242   1.759616e-4   0.937382893   0.600489435
 24.06298874  -2.606124300   1.772874e-4   0.934218970   0.594086112
 24.24292679  -2.625612358   1.786131e-4   0.930571670   0.587655599
 24.42286484  -2.645100416   1.799388e-4   0.926300498   0.581199199
 24.60280289  -2.664588474   1.812645e-4   0.921200284   0.574718152
 24.78274094  -2.684076532   1.825902e-4   0.914957376   0.568213633
 24.96267899  -2.703564590   1.839160e-4   0.907063670   0.561686766
 25.14261704  -2.723052649   1.852417e-4   0.896631624   0.555138619
 25.32255509  -2.742540707   1.865674e-4   0.881947005   0.548570216
 25.50249314  -2.762028765   1.878931e-4   0.859222608   0.541982535
 25.68243118  -2.781516823   1.892188e-4   0.818759224   0.535376514
 25.86236923  -2.801004881   1.905445e-4   0.740270046   0.528753052
 26.04230728  -2.820492939   1.918703e-4   0.638235085   0.522113017
 26.22224533  -2.839980997   1.931960e-4   0.556358563   0.515457241
 26.40218338  -2.859469055   1.945217e-4   0.495118998   0.508786530
 26.58212143  -2.878957113   1.958474e-4   0.447452446   0.502101661
 26.76205948  -2.898445171   1.971731e-4   0.408906592   0.495403388
 26.94199753  -2.917933230   1.984989e-4   0.376832334   0.488692442
 27.12193558  -2.937421288   1.998246e-4   0.349566279   0.481969534
 27.30187363  -2.956909346   2.011503e-4   0.326003338   0.475235356
 27.48181168  -2.976397404   2.024760e-4   0.305373872   0.468490584
 27.66174973  -2.995885462   2.038017e-4   0.287120985   0.461735882
 27.84168778  -3.015373520   2.051275e-4   0.270828985   0.454971897
 28.02162582  -3.034861578   2.064532e-4   0.256179531   0.448199269
 28.20156387  -3.054349636   2.077789e-4   0.242923564   0.441418628
 28.38150192  -3.073837694   2.091046e-4   0.230862671   0.434630597
 28.56143997  -3.093325752   2.104303e-4   0.219836317   0.427835795
 28.74137802  -3.112813810   2.117560e-4   0.209712866   0.421034836
 28.92131607  -3.132301869   2.130818e-4   0.200383105   0.414228334
 29.10125412  -3.151789927   2.144075e-4   0.191755489   0.407416906
 29.28119217  -3.171277985   2.157332e-4   0.183752573   0.400601169
 29.46113022  -3.190766043   2.170589e-4   0.176308307   0.393781748
 29.64106827  -3.210254101   2.183846e-4   0.169365945   0.386959276
 29.82100632  -3.229742159   2.197104e-4   0.162876404   0.380134396
 30.00094437  -3.249230217   2.210361e-4   0.156796978   0.373307766
 30.18088241  -3.268718275   2.223618e-4   0.151090302   0.366480062
 30.36082046  -3.288206333   2.236875e-4   0.145723519   0.359651982
 30.54075851  -3.307694391   2.250132e-4   0.140667601   0.352824249
 30.72069656  -3.327182450   2.263389e-4   0.135896795   0.345997616
 30.90063461  -3.346670508   2.276647e-4   0.131388160   0.339172873
 31.08057266  -3.366158566   2.289904e-4   0.127121187   0.332350854
 31.26051071  -3.385646624   2.303161e-4   0.123077476   0.325532444
 31.44044876  -3.405134682   2.316418e-4   0.119240467   0.318718587
 31.62038681  -3.424622740   2.329675e-4   0.115595211   0.311910296
 31.80032486  -3.444110798   2.342933e-4   0.112128177   0.305108673
 31.98026291  -3.463598856   2.356190e-4   0.108827081   0.298314915
 32.16020096  -3.483086914   2.369447e-4   0.105680748   0.291530341
 32.34013901  -3.502574972   2.382704e-4   0.102678985   0.284756414
 32.52007705  -3.522063030   2.395961e-4   0.099812473   0.277994770
 32.70001510  -3.541551089   2.409218e-4   0.097072678   0.271247262
 32.87995315  -3.561039147   2.422476e-4   0.094451765   0.264516006
 33.05989120  -3.580527205   2.435733e-4   0.091942529   0.257803453
 33.23982925  -3.600015263   2.448990e-4   0.089538334   0.251112477
 33.41976730  -3.619503321   2.462247e-4   0.087233053   0.244446501
 33.59970535  -3.638991379   2.475504e-4   0.085021024   0.237809674
 33.77964340  -3.658479437   2.488762e-4   0.082897006   0.231207128
 33.95958145  -3.677967495   2.502019e-4   0.080856137   0.224645358
 34.13951950  -3.697455553   2.515276e-4   0.078893903   0.218132815
 34.31945755  -3.716943611   2.528533e-4   0.077006108   0.211680860
 34.49939560  -3.736431670   2.541790e-4   0.075188843   0.205305327
 34.67933365  -3.755919728   2.555047e-4   0.073438466   0.199029112
 34.85927169  -3.775407786   2.568305e-4   0.071751576   0.192885916
 35.03920974  -3.794895844   2.581562e-4   0.070124995   0.186922536
 35.21914779  -3.814383902   2.594819e-4   0.068555750   0.181190000
 35.39908584  -3.833871960   2.608076e-4   0.067041057   0.175722792
 35.57902389  -3.853360018   2.621333e-4   0.065578306   0.170529466
 35.75896194  -3.872848076   2.634591e-4   0.064165046   0.165601778
 35.93889999  -3.892336134   2.647848e-4   0.062798976   0.160924513
 36.11883804  -3.911824192   2.661105e-4   0.061477932   0.156480596
 36.29877609  -3.931312251   2.674362e-4   0.060199877   0.152253216
 36.47871414  -3.950800309   2.687619e-4   0.058962892   0.148226616
 36.65865219  -3.970288367   2.700876e-4   0.057765168   0.144386332
 36.83859024  -3.989776425   2.714134e-4   0.056604998   0.140719200
 37.01852829  -4.009264483   2.727391e-4   0.055480771   0.137213277
 37.19846633  -4.028752541   2.740648e-4   0.054390962   0.133857728
 37.37840438  -4.048240599   2.753905e-4   0.053334132   0.130642714
 37.55834243  -4.067728657   2.767162e-4   0.052308916   0.127559283
 37.73828048  -4.087216715   2.780420e-4   0.051314023   0.124599272
 37.91821853  -4.106704773   2.793677e-4   0.050348227   0.121755222
 38.09815658  -4.126192831   2.806934e-4   0.049410370   0.119020297
 38.27809463  -4.145680890   2.820191e-4   0.048499347   0.116388220
 38.45803268  -4.165168948   2.833448e-4   0.047614112   0.113853215
 38.63797073  -4.184657006   2.846705e-4   0.046753672   0.111409953
 38.81790878  -4.204145064   2.859963e-4   0.045917079   0.109053510
 38.99784683  -4.223633122   2.873220e-4   0.045103435   0.106779324
 39.17778488  -4.243121180   2.886477e-4   0.044311883   0.104583164
 39.35772293  -4.262609238   2.899734e-4   0.043541607   0.102461097
 39.53766097  -4.282097296   2.912991e-4   0.042791830   0.100409458
 39.71759902  -4.301585354   2.926249e-4   0.042061810   0.098424834
 39.89753707  -4.321073412   2.939506e-4   0.041350840   0.096504034
 40.07747512  -4.340561471   2.952763e-4   0.040658245   0.094644074
 40.25741317  -4.360049529   2.966020e-4   0.039983380   0.092842160
 40.43735122  -4.379537587   2.979277e-4   0.039325629   0.091095669
 40.61728927  -4.399025645   2.992534e-4   0.038684405   0.089402142
 40.79722732  -4.418513703   3.005792e-4   0.038059143   0.087759264
 40.97716537  -4.438001761   3.019049e-4   0.037449304   0.086164856
 41.15710342  -4.457489819   3.032306e-4   0.036854374   0.084616866
 41.33704147  -4.476977877   3.045563e-4   0.036273859   0.083113359
 41.51697952  -4.496465935   3.058820e-4   0.035707285   0.081652505
 41.69691757  -4.515953993   3.072078e-4   0.035154200   0.080232578
 41.87685561  -4.535442051   3.085335e-4   0.034614168   0.078851943
 42.05679366  -4.554930110   3.098592e-4   0.034086773   0.077509051
 42.23673171  -4.574418168   3.111849e-4   0.033571615   0.076202438
 42.41666976  -4.593906226   3.125106e-4   0.033068309   0.074930711
 42.59660781  -4.613394284   3.138363e-4   0.032576487   0.073692551
 42.77654586  -4.632882342   3.151621e-4   0.032095795   0.072486702
 42.95648391  -4.652370400   3.164878e-4   0.031625893   0.071311974
 43.13642196  -4.671858458   3.178135e-4   0.031166452   0.070167232
 43.31636001  -4.691346516   3.191392e-4   0.030717159   0.069051395
 43.49629806  -4.710834574   3.204649e-4   0.030277712   0.067963436
 43.67623611  -4.730322632   3.217907e-4   0.029847817   0.066902375
 43.85617416  -4.749810691   3.231164e-4   0.029427197   0.065867275
 44.03611220  -4.769298749   3.244421e-4   0.029015579   0.064857244
 44.21605025  -4.788786807   3.257678e-4   0.028612705   0.063871431
 44.39598830  -4.808274865   3.270935e-4   0.028218324   0.062909021
 44.57592635  -4.827762923   3.284192e-4   0.027832193   0.061969235
 44.75586440  -4.847250981   3.297450e-4   0.027454082   0.061051328
 44.93580245  -4.866739039   3.310707e-4   0.027083764   0.060154588
 45.11574050  -4.886227097   3.323964e-4   0.026721025   0.059278333
 45.29567855  -4.905715155   3.337221e-4   0.026365653   0.058421908
 45.47561660  -4.925203213   3.350478e-4   0.026017448   0.057584687
 45.65555465  -4.944691272   3.363736e-4   0.025676216   0.056766069
 45.83549270  -4.964179330   3.376993e-4   0.025341768   0.055965477
 46.01543075  -4.983667388   3.390250e-4   0.025013922   0.055182358
 46.19536880  -5.003155446   3.403507e-4   0.024692503   0.054416182
 46.37530684  -5.022643504   3.416764e-4   0.024377341   0.053666436
 46.55524489  -5.042131562   3.430021e-4   0.024068273   0.052932631
 46.73518294  -5.061619620   3.443279e-4   0.023765139   0.052214296
 46.91512099  -5.081107678   3.456536e-4   0.023467787   0.051510976
 47.09505904  -5.100595736   3.469793e-4   0.023176069   0.050822235
 47.27499709  -5.120083794   3.483050e-4   0.022889839   0.050147654
 47.45493514  -5.139571852   3.496307e-4   0.022608960   0.049486827
 47.63487319  -5.159059911   3.509565e-4   0.022333298   0.048839366
 47.81481124  -5.178547969   3.522822e-4   0.022062721   0.048204894
 47.99474929  -5.198036027   3.536079e-4   0.021797104   0.047583050
 48.17468734  -5.217524085   3.549336e-4   0.021536324   0.046973484
 48.35462539  -5.237012143   3.562593e-4   0.021280263   0.046375861
 48.53456344  -5.256500201   3.575850e-4   0.021028807   0.045789856
 48.71450148  -5.275988259   3.589108e-4   0.020781843   0.045215154
 48.89443953  -5.295476317   3.602365e-4   0.020539265   0.044651454
 49.07437758  -5.314964375   3.615622e-4   0.020300968   0.044098463
 49.25431563  -5.334452433   3.628879e-4   0.020066849   0.043555899
 49.43425368  -5.353940492   3.642136e-4   0.019836811   0.043023488
 49.61419173  -5.373428550   3.655394e-4   0.019610758   0.042500967
 49.79412978  -5.392916608   3.668651e-4   0.019388598   0.041988081
 49.97406783  -5.412404666   3.681908e-4   0.019170240   0.041484583
 50.15400588  -5.431892724   3.695165e-4   0.018955597   0.040990234
 50.33394393  -5.451380782   3.708422e-4   0.018744584   0.040504804
 50.51388198  -5.470868840   3.721679e-4   0.018537119   0.040028067
 50.69382003  -5.490356898   3.734937e-4   0.018333122   0.039559809
 50.87375808  -5.509844956   3.748194e-4   0.018132514   0.039099819
 51.05369612  -5.529333014   3.761451e-4   0.017935221   0.038647894
 51.23363417  -5.548821072   3.774708e-4   0.017741169   0.038203837
 51.41357222  -5.568309131   3.787965e-4   0.017550287   0.037767457
 51.59351027  -5.587797189   3.801223e-4   0.017362504   0.037338569
 51.77344832  -5.607285247   3.814480e-4   0.017177754   0.036916993
 51.95338637  -5.626773305   3.827737e-4   0.016995971   0.036502555
 52.13332442  -5.646261363   3.840994e-4   0.016817090   0.036095087
 52.31326247  -5.665749421   3.854251e-4   0.016641051   0.035694424
 52.49320052  -5.685237479   3.867508e-4   0.016467791   0.035300406
 52.67313857  -5.704725537   3.880766e-4   0.016297253   0.034912881
 52.85307662  -5.724213595   3.894023e-4   0.016129379   0.034531696
 53.03301467  -5.743701653   3.907280e-4   0.015964113   0.034156706
 53.21295272  -5.763189712   3.920537e-4   0.015801402   0.033787770
 53.39289076  -5.782677770   3.933794e-4   0.015641191   0.033424750
 53.57282881  -5.802165828   3.947052e-4   0.015483430   0.033067511
 53.75276686  -5.821653886   3.960309e-4   0.015328068   0.032715923
 53.93270491  -5.841141944   3.973566e-4   0.015175057   0.032369861
 54.11264296  -5.860630002   3.986823e-4   0.015024348   0.032029199
 54.29258101  -5.880118060   4.000080e-4   0.014875896   0.031693819
 54.47251906  -5.899606118   4.013337e-4   0.014729655   0.031363603
 54.65245711  -5.919094176   4.026595e-4   0.014585581   0.031038438
 54.83239516  -5.938582234   4.039852e-4   0.014443631   0.030718213
 55.01233321  -5.958070293   4.053109e-4   0.014303763   0.030402819
 55.19227126  -5.977558351   4.066366e-4   0.014165936   0.030092153
 55.37220931  -5.997046409   4.079623e-4   0.014030110   0.029786111
 55.55214736  -6.016534467   4.092881e-4   0.013896246   0.029484593
 55.73208540  -6.036022525   4.106138e-4   0.013764307   0.029187501
 55.91202345  -6.055510583   4.119395e-4   0.013634256   0.028894742
 56.09196150  -6.074998641   4.132652e-4   0.013506055   0.028606221
 56.27189955  -6.094486699   4.145909e-4   0.013379670   0.028321849
 56.45183760  -6.113974757   4.159167e-4   0.013255067   0.028041536
 56.63177565  -6.133462815   4.172424e-4   0.013132212   0.027765197
 56.81171370  -6.152950873   4.185681e-4   0.013011071   0.027492746
 56.99165175  -6.172438932   4.198938e-4   0.012891614   0.027224102
 57.17158980  -6.191926990   4.212195e-4   0.012773808   0.026959183
 57.35152785  -6.211415048   4.225452e-4   0.012657623   0.026697910
 57.53146590  -6.230903106   4.238710e-4   0.012543030   0.026440207
 57.71140395  -6.250391164   4.251967e-4   0.012429999   0.026185998
 57.89134199  -6.269879222   4.265224e-4   0.012318501   0.025935207
 58.07128004  -6.289367280   4.278481e-4   0.012208509   0.025687764
 58.25121809  -6.308855338   4.291738e-4   0.012099995   0.025443595
 58.43115614  -6.328343396   4.304996e-4   0.011992934   0.025202632
 58.61109419  -6.347831454   4.318253e-4   0.011887298   0.024964806
 58.79103224  -6.367319513   4.331510e-4   0.011783063   0.024730049
 58.97097029  -6.386807571   4.344767e-4   0.011680204   0.024498294
 59.15090834  -6.406295629   4.358024e-4   0.011578696   0.024269478
 59.33084639  -6.425783687   4.371281e-4   0.011478516   0.024043534
 59.51078444  -6.445271745   4.384539e-4   0.011379640   0.023820401
 59.69072249  -6.464759803   4.397796e-4   0.011282046   0.023600015
 59.87066054  -6.484247861   4.411053e-4   0.011185712   0.023382315
 60.05059859  -6.503735919   4.424310e-4   0.011090615   0.023167239
 60.23053663  -6.523223977   4.437567e-4   0.010996735   0.022954728
 60.41047468  -6.542712035   4.450825e-4   0.010904050   0.022744722
 60.59041273  -6.562200093   4.464082e-4   0.010812541   0.022537161
 60.77035078  -6.581688152   4.477339e-4   0.010722187   0.022331986
 60.95028883  -6.601176210   4.490596e-4   0.010632969   0.022129139
 61.13022688  -6.620664268   4.503853e-4   0.010544867   0.021928561
 61.31016493  -6.640152326   4.517110e-4   0.010457864   0.021730193
 61.49010298  -6.659640384   4.530368e-4   0.010371941   0.021533977
 61.67004103  -6.679128442   4.543625e-4   0.010287079   0.021339854
 61.84997908  -6.698616500   4.556882e-4   0.010203262   0.021147764
 62.02991713  -6.718104558   4.570139e-4   0.010120472   0.020957649
 62.20985518  -6.737592616   4.583396e-4   0.010038692   0.020769447
 62.38979323  -6.757080674   4.596654e-4   0.009957906   0.020583096
 62.56973127  -6.776568733   4.609911e-4   0.009878098   0.020398536
 62.74966932  -6.796056791   4.623168e-4   0.009799252   0.020215700
 62.92960737  -6.815544849   4.636425e-4   0.009721352   0.020034523
 63.10954542  -6.835032907   4.649682e-4   0.009644383   0.019854938
 63.28948347  -6.854520965   4.662939e-4   0.009568331   0.019676873
 63.46942152  -6.874009023   4.676197e-4   0.009493180   0.019500255
 63.64935957  -6.893497081   4.689454e-4   0.009418917   0.019325006
 63.82929762  -6.912985139   4.702711e-4   0.009345527   0.019151044
 64.00923567  -6.932473197   4.715968e-4   0.009272997   0.018978283
 64.18917372  -6.951961255   4.729225e-4   0.009201314   0.018806629
 64.36911177  -6.971449314   4.742483e-4   0.009130463   0.018635979
 64.54904982  -6.990937372   4.755740e-4   0.009060432   0.018466225
 64.72898787  -7.010425430   4.768997e-4   0.008991209   0.018297243
 64.90892591  -7.029913488   4.782254e-4   0.008922781   0.018128897
 65.08886396  -7.049401546   4.795511e-4   0.008855136   0.017961033
 65.26880201  -7.068889604   4.808768e-4   0.008788262   0.017793474
 65.44874006  -7.088377662   4.822026e-4   0.008722146   0.017626012
 65.62867811  -7.107865720   4.835283e-4   0.008656779   0.017458402
 65.80861616  -7.127353778   4.848540e-4   0.008592147   0.017290344
 65.98855421  -7.146841836   4.861797e-4   0.008528241   0.017121462
 66.16849226  -7.166329894   4.875054e-4   0.008465050   0.016951268
 66.34843031  -7.185817953   4.888312e-4   0.008402561   0.016779097
 66.52836836  -7.205306011   4.901569e-4   0.008340767   0.016603975
 66.70830641  -7.224794069   4.914826e-4   0.008279655   0.016424313
 66.88824446  -7.244282127   4.928083e-4   0.008219216   0.016236899
 67.06818251  -7.263770185   4.941340e-4   0.008159440   0.016031042
 67.24812055  -7.283258243   4.954597e-4   0.008100317   0.015820301
 67.42805860  -7.302746301   4.967855e-4   0.008041838   0.015610582
 67.60799665  -7.322234359   4.981112e-4   0.007983993   0.015402382
 67.78793470  -7.341722417   4.994369e-4   0.007926773   0.015195848
 67.96787275  -7.361210475   5.007626e-4   0.007870170   0.014991034
 68.14781080  -7.380698534   5.020883e-4   0.007814174   0.014787959
 68.32774885  -7.400186592   5.034141e-4   0.007758776   0.014586629
 68.50768690  -7.419674650   5.047398e-4   0.007703969   0.014387036
 68.68762495  -7.439162708   5.060655e-4   0.007649743   0.014189172
 68.86756300  -7.458650766   5.073912e-4   0.007596091   0.013993022
 69.04750105  -7.478138824   5.087169e-4   0.007543004   0.013798572
 69.22743910  -7.497626882   5.100426e-4   0.007490474   0.013605805
 69.40737714  -7.517114940   5.113684e-4   0.007438494   0.013414703
 69.58731519  -7.536602998   5.126941e-4   0.007387055   0.013225249
 69.76725324  -7.556091056   5.140198e-4   0.007336151   0.013037425
 69.94719129  -7.575579114   5.153455e-4   0.007285774   0.012851212
 70.12712934  -7.595067173   5.166712e-4   0.007235917   0.012666593
 70.30706739  -7.614555231   5.179970e-4   0.007186572   0.012483549
 70.48700544  -7.634043289   5.193227e-4   0.007137732   0.012302062
 70.66694349  -7.653531347   5.206484e-4   0.007089391   0.012122113
 70.84688154  -7.673019405   5.219741e-4   0.007041542   0.011943686
 71.02681959  -7.692507463   5.232998e-4   0.006994178   0.011766762
 71.20675764  -7.711995521   5.246255e-4   0.006947292   0.011591325
 71.38669569  -7.731483579   5.259513e-4   0.006900878   0.011417356
 71.56663374  -7.750971637   5.272770e-4   0.006854930   0.011244838
 71.74657178  -7.770459695   5.286027e-4   0.006809442   0.011073756
 71.92650983  -7.789947754   5.299284e-4   0.006764407   0.010904092
 72.10644788  -7.809435812   5.312541e-4   0.006719819   0.010735830
 72.28638593  -7.828923870   5.325799e-4   0.006675672   0.010568953
 72.46632398  -7.848411928   5.339056e-4   0.006631961   0.010403447
 72.64626203  -7.867899986   5.352313e-4   0.006588680   0.010239295
 72.82620008  -7.887388044   5.365570e-4   0.006545823   0.010076482
 73.00613813  -7.906876102   5.378827e-4   0.006503385   0.009914993
 73.18607618  -7.926364160   5.392084e-4   0.006461359   0.009754813
 73.36601423  -7.945852218   5.405342e-4   0.006419742   0.009595927
 73.54595228  -7.965340276   5.418599e-4   0.006378527   0.009438320
 73.72589033  -7.984828335   5.431856e-4   0.006337709   0.009281979
 73.90582838  -8.004316393   5.445113e-4   0.006297284   0.009126890
 74.08576642  -8.023804451   5.458370e-4   0.006257245   0.008973039
 74.26570447  -8.043292509   5.471628e-4   0.006217589   0.008820411
 74.44564252  -8.062780567   5.484885e-4   0.006178311   0.008668995
 74.62558057  -8.082268625   5.498142e-4   0.006139404   0.008518777
 74.80551862  -8.101756683   5.511399e-4   0.006100866   0.008369743
 74.98545667  -8.121244741   5.524656e-4   0.006062691   0.008221882
 75.16539472  -8.140732799   5.537913e-4   0.006024874   0.008075181
 75.34533277  -8.160220857   5.551171e-4   0.005987412   0.007929627
 75.52527082  -8.179708915   5.564428e-4   0.005950299   0.007785209
 75.70520887  -8.199196974   5.577685e-4   0.005913532   0.007641915