#XDI/1.1
# X-ray Monochromator Darwin Width from xrayweb  Fri Dec 12 07:29:30 2025
# Monochromator.xtal        : Si
# Monochromator.hkl         : 1 1 1
# Monochromator.polarization: 's'
# Monochromator.theta       : 13.192830 (deg)
# Monochromator.theta_width : 31.447888 (microrad)
# Monochromator.energy_width: 1.162141 (eV)
# Monochromator.theta_fwhm  : 33.355522 (microrad)
# Monochromator.rocking_fwhm: 44.341522 (microrad)
# Monochromator.energy_fwhm : 1.232637 (eV)
# Xray.Energy               : 8662.72 (eV)
# Column.1: dtheta (microrad)
# Column.2: denergy (eV)
# Column.3: zeta (delta_lambda / lambda)
# Column.4: intensity
# Column.5: rocking_curve
#---------------------
# {' '.join(array_names)}
-73.44257723   2.714033456  -3.133004e-4   0.005915827   0.007750114
-73.12809835   2.702412048  -3.119588e-4   0.005952616   0.007894319
-72.81361947   2.690790639  -3.106173e-4   0.005989749   0.008039522
-72.49914059   2.679169230  -3.092758e-4   0.006027233   0.008185734
-72.18466171   2.667547822  -3.079342e-4   0.006065072   0.008332963
-71.87018283   2.655926413  -3.065927e-4   0.006103269   0.008481218
-71.55570395   2.644305005  -3.052511e-4   0.006141829   0.008630509
-71.24122507   2.632683596  -3.039096e-4   0.006180758   0.008780845
-70.92674619   2.621062187  -3.025680e-4   0.006220060   0.008932234
-70.61226732   2.609440779  -3.012265e-4   0.006259739   0.009084687
-70.29778844   2.597819370  -2.998850e-4   0.006299801   0.009238212
-69.98330956   2.586197962  -2.985434e-4   0.006340250   0.009392818
-69.66883068   2.574576553  -2.972019e-4   0.006381092   0.009548515
-69.35435180   2.562955144  -2.958603e-4   0.006422331   0.009705311
-69.03987292   2.551333736  -2.945188e-4   0.006463973   0.009863217
-68.72539404   2.539712327  -2.931772e-4   0.006506023   0.010022239
-68.41091516   2.528090919  -2.918357e-4   0.006548487   0.010182387
-68.09643628   2.516469510  -2.904942e-4   0.006591370   0.010343670
-67.78195740   2.504848101  -2.891526e-4   0.006634677   0.010506096
-67.46747852   2.493226693  -2.878111e-4   0.006678414   0.010669672
-67.15299964   2.481605284  -2.864695e-4   0.006722587   0.010834407
-66.83852076   2.469983875  -2.851280e-4   0.006767202   0.011000308
-66.52404189   2.458362467  -2.837864e-4   0.006812265   0.011167381
-66.20956301   2.446741058  -2.824449e-4   0.006857781   0.011335634
-65.89508413   2.435119650  -2.811034e-4   0.006903757   0.011505071
-65.58060525   2.423498241  -2.797618e-4   0.006950199   0.011675698
-65.26612637   2.411876832  -2.784203e-4   0.006997114   0.011847520
-64.95164749   2.400255424  -2.770787e-4   0.007044507   0.012020540
-64.63716861   2.388634015  -2.757372e-4   0.007092386   0.012194760
-64.32268973   2.377012607  -2.743956e-4   0.007140757   0.012370180
-64.00821085   2.365391198  -2.730541e-4   0.007189627   0.012546802
-63.69373197   2.353769789  -2.717126e-4   0.007239003   0.012724621
-63.37925309   2.342148381  -2.703710e-4   0.007288891   0.012903635
-63.06477421   2.330526972  -2.690295e-4   0.007339300   0.013083834
-62.75029533   2.318905563  -2.676879e-4   0.007390236   0.013265211
-62.43581646   2.307284155  -2.663464e-4   0.007441707   0.013447749
-62.12133758   2.295662746  -2.650048e-4   0.007493720   0.013631431
-61.80685870   2.284041338  -2.636633e-4   0.007546283   0.013816233
-61.49237982   2.272419929  -2.623218e-4   0.007599404   0.014002122
-61.17790094   2.260798520  -2.609802e-4   0.007653091   0.014189060
-60.86342206   2.249177112  -2.596387e-4   0.007707352   0.014376994
-60.54894318   2.237555703  -2.582971e-4   0.007762195   0.014565859
-60.23446430   2.225934295  -2.569556e-4   0.007817628   0.014755570
-59.91998542   2.214312886  -2.556140e-4   0.007873660   0.014946017
-59.60550654   2.202691477  -2.542725e-4   0.007930301   0.015137056
-59.29102766   2.191070069  -2.529310e-4   0.007987557   0.015328494
-58.97654878   2.179448660  -2.515894e-4   0.008045440   0.015520075
-58.66206990   2.167827252  -2.502479e-4   0.008103958   0.015711449
-58.34759103   2.156205843  -2.489063e-4   0.008163119   0.015902143
-58.03311215   2.144584434  -2.475648e-4   0.008222935   0.016091537
-57.71863327   2.132963026  -2.462232e-4   0.008283414   0.016278900
-57.40415439   2.121341617  -2.448817e-4   0.008344567   0.016463570
-57.08967551   2.109720208  -2.435402e-4   0.008406403   0.016645245
-56.77519663   2.098098800  -2.421986e-4   0.008468933   0.016824079
-56.46071775   2.086477391  -2.408571e-4   0.008532167   0.017000517
-56.14623887   2.074855983  -2.395155e-4   0.008596117   0.017175077
-55.83175999   2.063234574  -2.381740e-4   0.008660792   0.017348248
-55.51728111   2.051613165  -2.368324e-4   0.008726204   0.017520452
-55.20280223   2.039991757  -2.354909e-4   0.008792365   0.017692045
-54.88832335   2.028370348  -2.341494e-4   0.008859285   0.017863331
-54.57384447   2.016748940  -2.328078e-4   0.008926977   0.018034565
-54.25936560   2.005127531  -2.314663e-4   0.008995452   0.018205966
-53.94488672   1.993506122  -2.301247e-4   0.009064723   0.018377726
-53.63040784   1.981884714  -2.287832e-4   0.009134802   0.018550012
-53.31592896   1.970263305  -2.274416e-4   0.009205702   0.018722972
-53.00145008   1.958641897  -2.261001e-4   0.009277436   0.018896740
-52.68697120   1.947020488  -2.247586e-4   0.009350017   0.019071435
-52.37249232   1.935399079  -2.234170e-4   0.009423458   0.019247169
-52.05801344   1.923777671  -2.220755e-4   0.009497774   0.019424042
-51.74353456   1.912156262  -2.207339e-4   0.009572978   0.019602149
-51.42905568   1.900534853  -2.193924e-4   0.009649085   0.019781578
-51.11457680   1.888913445  -2.180508e-4   0.009726108   0.019962413
-50.80009792   1.877292036  -2.167093e-4   0.009804064   0.020144733
-50.48561904   1.865670628  -2.153678e-4   0.009882967   0.020328612
-50.17114017   1.854049219  -2.140262e-4   0.009962833   0.020514125
-49.85666129   1.842427810  -2.126847e-4   0.010043678   0.020701340
-49.54218241   1.830806402  -2.113431e-4   0.010125517   0.020890325
-49.22770353   1.819184993  -2.100016e-4   0.010208368   0.021081147
-48.91322465   1.807563585  -2.086600e-4   0.010292247   0.021273870
-48.59874577   1.795942176  -2.073185e-4   0.010377171   0.021468558
-48.28426689   1.784320767  -2.059770e-4   0.010463158   0.021665273
-47.96978801   1.772699359  -2.046354e-4   0.010550226   0.021864077
-47.65530913   1.761077950  -2.032939e-4   0.010638393   0.022065031
-47.34083025   1.749456541  -2.019523e-4   0.010727678   0.022268197
-47.02635137   1.737835133  -2.006108e-4   0.010818099   0.022473634
-46.71187249   1.726213724  -1.992693e-4   0.010909678   0.022681405
-46.39739362   1.714592316  -1.979277e-4   0.011002433   0.022891568
-46.08291474   1.702970907  -1.965862e-4   0.011096384   0.023104186
-45.76843586   1.691349498  -1.952446e-4   0.011191554   0.023319320
-45.45395698   1.679728090  -1.939031e-4   0.011287962   0.023537030
-45.13947810   1.668106681  -1.925615e-4   0.011385631   0.023757379
-44.82499922   1.656485273  -1.912200e-4   0.011484584   0.023980431
-44.51052034   1.644863864  -1.898785e-4   0.011584842   0.024206247
-44.19604146   1.633242455  -1.885369e-4   0.011686429   0.024434892
-43.88156258   1.621621047  -1.871954e-4   0.011789368   0.024666431
-43.56708370   1.609999638  -1.858538e-4   0.011893685   0.024900930
-43.25260482   1.598378230  -1.845123e-4   0.011999404   0.025138455
-42.93812594   1.586756821  -1.831707e-4   0.012106550   0.025379074
-42.62364706   1.575135412  -1.818292e-4   0.012215150   0.025622857
-42.30916819   1.563514004  -1.804877e-4   0.012325230   0.025869873
-41.99468931   1.551892595  -1.791461e-4   0.012436817   0.026120193
-41.68021043   1.540271186  -1.778046e-4   0.012549940   0.026373891
-41.36573155   1.528649778  -1.764630e-4   0.012664626   0.026631040
-41.05125267   1.517028369  -1.751215e-4   0.012780905   0.026891716
-40.73677379   1.505406961  -1.737799e-4   0.012898807   0.027155996
-40.42229491   1.493785552  -1.724384e-4   0.013018362   0.027423958
-40.10781603   1.482164143  -1.710969e-4   0.013139602   0.027695684
-39.79333715   1.470542735  -1.697553e-4   0.013262559   0.027971256
-39.47885827   1.458921326  -1.684138e-4   0.013387266   0.028250756
-39.16437939   1.447299918  -1.670722e-4   0.013513756   0.028534272
-38.84990051   1.435678509  -1.657307e-4   0.013642064   0.028821891
-38.53542163   1.424057100  -1.643891e-4   0.013772225   0.029113704
-38.22094276   1.412435692  -1.630476e-4   0.013904275   0.029409801
-37.90646388   1.400814283  -1.617061e-4   0.014038253   0.029710278
-37.59198500   1.389192875  -1.603645e-4   0.014174194   0.030015232
-37.27750612   1.377571466  -1.590230e-4   0.014312139   0.030324760
-36.96302724   1.365950057  -1.576814e-4   0.014452128   0.030638966
-36.64854836   1.354328649  -1.563399e-4   0.014594200   0.030957952
-36.33406948   1.342707240  -1.549983e-4   0.014738400   0.031281826
-36.01959060   1.331085831  -1.536568e-4   0.014884768   0.031610698
-35.70511172   1.319464423  -1.523153e-4   0.015033351   0.031944680
-35.39063284   1.307843014  -1.509737e-4   0.015184192   0.032283887
-35.07615396   1.296221606  -1.496322e-4   0.015337339   0.032628438
-34.76167508   1.284600197  -1.482906e-4   0.015492839   0.032978456
-34.44719620   1.272978788  -1.469491e-4   0.015650741   0.033334065
-34.13271733   1.261357380  -1.456075e-4   0.015811095   0.033695393
-33.81823845   1.249735971  -1.442660e-4   0.015973954   0.034062574
-33.50375957   1.238114563  -1.429245e-4   0.016139369   0.034435743
-33.18928069   1.226493154  -1.415829e-4   0.016307396   0.034815040
-32.87480181   1.214871745  -1.402414e-4   0.016478090   0.035200609
-32.56032293   1.203250337  -1.388998e-4   0.016651509   0.035592598
-32.24584405   1.191628928  -1.375583e-4   0.016827711   0.035991160
-31.93136517   1.180007519  -1.362167e-4   0.017006758   0.036396452
-31.61688629   1.168386111  -1.348752e-4   0.017188711   0.036808634
-31.30240741   1.156764702  -1.335337e-4   0.017373635   0.037227875
-30.98792853   1.145143294  -1.321921e-4   0.017561594   0.037654345
-30.67344965   1.133521885  -1.308506e-4   0.017752658   0.038088221
-30.35897077   1.121900476  -1.295090e-4   0.017946895   0.038529685
-30.04449190   1.110279068  -1.281675e-4   0.018144377   0.038978925
-29.73001302   1.098657659  -1.268259e-4   0.018345178   0.039436136
-29.41553414   1.087036251  -1.254844e-4   0.018549372   0.039901517
-29.10105526   1.075414842  -1.241429e-4   0.018757039   0.040375274
-28.78657638   1.063793433  -1.228013e-4   0.018968259   0.040857620
-28.47209750   1.052172025  -1.214598e-4   0.019183113   0.041348775
-28.15761862   1.040550616  -1.201182e-4   0.019401687   0.041848967
-27.84313974   1.028929208  -1.187767e-4   0.019624068   0.042358430
-27.52866086   1.017307799  -1.174351e-4   0.019850347   0.042877405
-27.21418198   1.005686390  -1.160936e-4   0.020080617   0.043406145
-26.89970310   0.994064982  -1.147521e-4   0.020314972   0.043944907
-26.58522422   0.982443573  -1.134105e-4   0.020553512   0.044493960
-26.27074535   0.970822164  -1.120690e-4   0.020796338   0.045053581
-25.95626647   0.959200756  -1.107274e-4   0.021043556   0.045624057
-25.64178759   0.947579347  -1.093859e-4   0.021295272   0.046205683
-25.32730871   0.935957939  -1.080443e-4   0.021551600   0.046798769
-25.01282983   0.924336530  -1.067028e-4   0.021812652   0.047403631
-24.69835095   0.912715121  -1.053613e-4   0.022078549   0.048020601
-24.38387207   0.901093713  -1.040197e-4   0.022349413   0.048650019
-24.06939319   0.889472304  -1.026782e-4   0.022625369   0.049292240
-23.75491431   0.877850896  -1.013366e-4   0.022906549   0.049947632
-23.44043543   0.866229487  -9.999509e-5   0.023193087   0.050616575
-23.12595655   0.854608078  -9.865355e-5   0.023485122   0.051299467
-22.81147767   0.842986670  -9.731201e-5   0.023782799   0.051996717
-22.49699879   0.831365261  -9.597046e-5   0.024086266   0.052708753
-22.18251992   0.819743853  -9.462892e-5   0.024395675   0.053436017
-21.86804104   0.808122444  -9.328738e-5   0.024711188   0.054178970
-21.55356216   0.796501035  -9.194584e-5   0.025032967   0.054938092
-21.23908328   0.784879627  -9.060429e-5   0.025361182   0.055713882
-20.92460440   0.773258218  -8.926275e-5   0.025696010   0.056506856
-20.61012552   0.761636809  -8.792121e-5   0.026037632   0.057317557
-20.29564664   0.750015401  -8.657967e-5   0.026386236   0.058146545
-19.98116776   0.738393992  -8.523812e-5   0.026742019   0.058994407
-19.66668888   0.726772584  -8.389658e-5   0.027105181   0.059861754
-19.35221000   0.715151175  -8.255504e-5   0.027475933   0.060749223
-19.03773112   0.703529766  -8.121349e-5   0.027854491   0.061657478
-18.72325224   0.691908358  -7.987195e-5   0.028241080   0.062587212
-18.40877336   0.680286949  -7.853041e-5   0.028635934   0.063539152
-18.09429449   0.668665541  -7.718887e-5   0.029039294   0.064514054
-17.77981561   0.657044132  -7.584732e-5   0.029451411   0.065512709
-17.46533673   0.645422723  -7.450578e-5   0.029872546   0.066535947
-17.15085785   0.633801315  -7.316424e-5   0.030302970   0.067584633
-16.83637897   0.622179906  -7.182270e-5   0.030742963   0.068659676
-16.52190009   0.610558497  -7.048115e-5   0.031192818   0.069762026
-16.20742121   0.598937089  -6.913961e-5   0.031652837   0.070892683
-15.89294233   0.587315680  -6.779807e-5   0.032123336   0.072052691
-15.57846345   0.575694272  -6.645653e-5   0.032604642   0.073243151
-15.26398457   0.564072863  -6.511498e-5   0.033097098   0.074465217
-14.94950569   0.552451454  -6.377344e-5   0.033601058   0.075720101
-14.63502681   0.540830046  -6.243190e-5   0.034116890   0.077009083
-14.32054793   0.529208637  -6.109035e-5   0.034644982   0.078333505
-14.00606906   0.517587229  -5.974881e-5   0.035185732   0.079694785
-13.69159018   0.505965820  -5.840727e-5   0.035739559   0.081094418
-13.37711130   0.494344411  -5.706573e-5   0.036306899   0.082533980
-13.06263242   0.482723003  -5.572418e-5   0.036888207   0.084015137
-12.74815354   0.471101594  -5.438264e-5   0.037483955   0.085539651
-12.43367466   0.459480186  -5.304110e-5   0.038094639   0.087109387
-12.11919578   0.447858777  -5.169956e-5   0.038720776   0.088726319
-11.80471690   0.436237368  -5.035801e-5   0.039362906   0.090392544
-11.49023802   0.424615960  -4.901647e-5   0.040021594   0.092110283
-11.17575914   0.412994551  -4.767493e-5   0.040697429   0.093881903
-10.86128026   0.401373142  -4.633339e-5   0.041391029   0.095709917
-10.54680138   0.389751734  -4.499184e-5   0.042103040   0.097597006
-10.23232250   0.378130325  -4.365030e-5   0.042834139   0.099546029
-9.917843626   0.366508917  -4.230876e-5   0.043585035   0.101560042
-9.603364746   0.354887508  -4.096721e-5   0.044356472   0.103642313
-9.288885867   0.343266099  -3.962567e-5   0.045149228   0.105796343
-8.974406988   0.331644691  -3.828413e-5   0.045964123   0.108025894
-8.659928109   0.320023282  -3.694259e-5   0.046802014   0.110335006
-8.345449229   0.308401874  -3.560104e-5   0.047663805   0.112728034
-8.030970350   0.296780465  -3.425950e-5   0.048550442   0.115209677
-7.716491471   0.285159056  -3.291796e-5   0.049462925   0.117785018
-7.402012592   0.273537648  -3.157642e-5   0.050402302   0.120459569
-7.087533713   0.261916239  -3.023487e-5   0.051369678   0.123239317
-6.773054833   0.250294831  -2.889333e-5   0.052366219   0.126130787
-6.458575954   0.238673422  -2.755179e-5   0.053393152   0.129141108
-6.144097075   0.227052013  -2.621024e-5   0.054451772   0.132278094
-5.829618196   0.215430605  -2.486870e-5   0.055543449   0.135550338
-5.515139316   0.203809196  -2.352716e-5   0.056669626   0.138967322
-5.200660437   0.192187787  -2.218562e-5   0.057831833   0.142539552
-4.886181558   0.180566379  -2.084407e-5   0.059031687   0.146278722
-4.571702679   0.168944970  -1.950253e-5   0.060270900   0.150197902
-4.257223800   0.157323562  -1.816099e-5   0.061551287   0.154311777
-3.942744920   0.145702153  -1.681945e-5   0.062874773   0.158636930
-3.628266041   0.134080744  -1.547790e-5   0.064243402   0.163192185
-3.313787162   0.122459336  -1.413636e-5   0.065659347   0.167998990
-2.999308283   0.110837927  -1.279482e-5   0.067124916   0.173081800
-2.684829403   0.099216519  -1.145328e-5   0.068642569   0.178468224
-2.370350524   0.087595110  -1.011173e-5   0.070214926   0.184188049
-2.055871645   0.075973701  -8.770190e-6   0.071844783   0.190267357
-1.741392766   0.064352293  -7.428647e-6   0.073535122   0.196702389
-1.426913887   0.052730884  -6.087105e-6   0.075289136   0.203396514
-1.112435007   0.041109475  -4.745562e-6   0.077110238   0.210230713
-0.797956128   0.029488067  -3.404019e-6   0.079002086   0.217136535
-0.483477249   0.017866658  -2.062477e-6   0.080968605   0.224082634
-0.168998370   0.006245250  -7.209340e-7   0.083014010   0.231052405
 0.145480509  -0.005376159   6.206087e-7   0.085142835   0.238035840
 0.459959389  -0.016997568   1.962151e-6   0.087359964   0.245026332
 0.774438268  -0.028618976   3.303694e-6   0.089670662   0.252019227
 1.088917147  -0.040240385   4.645237e-6   0.092080620   0.259011071
 1.403396026  -0.051861793   5.986779e-6   0.094595994   0.265999206
 1.717874906  -0.063483202   7.328322e-6   0.097223455   0.272981510
 2.032353785  -0.075104611   8.669865e-6   0.099970245   0.279956246
 2.346832664  -0.086726019   1.001141e-5   0.102844241   0.286921959
 2.661311543  -0.098347428   1.135295e-5   0.105854027   0.293877398
 2.975790422  -0.109968836   1.269449e-5   0.109008974   0.300821473
 3.290269302  -0.121590245   1.403604e-5   0.112319336   0.307753214
 3.604748181  -0.133211654   1.537758e-5   0.115796361   0.314671746
 3.919227060  -0.144833062   1.671912e-5   0.119452409   0.321576269
 4.233705939  -0.156454471   1.806066e-5   0.123301104   0.328466038
 4.548184819  -0.168075880   1.940221e-5   0.127357500   0.335340358
 4.862663698  -0.179697288   2.074375e-5   0.131638278   0.342198567
 5.177142577  -0.191318697   2.208529e-5   0.136161979   0.349040033
 5.491621456  -0.202940105   2.342683e-5   0.140949277   0.355864143
 5.806100335  -0.214561514   2.476838e-5   0.146023308   0.362670302
 6.120579215  -0.226182923   2.610992e-5   0.151410055   0.369457928
 6.435058094  -0.237804331   2.745146e-5   0.157138819   0.376226444
 6.749536973  -0.249425740   2.879300e-5   0.163242787   0.382975278
 7.064015852  -0.261047148   3.013455e-5   0.169759721   0.389703860
 7.378494732  -0.272668557   3.147609e-5   0.176732813   0.396411619
 7.692973611  -0.284289966   3.281763e-5   0.184211745   0.403097980
 8.007452490  -0.295911374   3.415918e-5   0.192254012   0.409762362
 8.321931369  -0.307532783   3.550072e-5   0.200926604   0.416404178
 8.636410248  -0.319154191   3.684226e-5   0.210308171   0.423022830
 8.950889128  -0.330775600   3.818380e-5   0.220491821   0.429617708
 9.265368007  -0.342397009   3.952535e-5   0.231588826   0.436188191
 9.579846886  -0.354018417   4.086689e-5   0.243733595   0.442733643
 9.894325765  -0.365639826   4.220843e-5   0.257090470   0.449253410
 10.20880464  -0.377261235   4.354997e-5   0.271863231   0.455746823
 10.52328352  -0.388882643   4.489152e-5   0.288308725   0.462213192
 10.83776240  -0.400504052   4.623306e-5   0.306756998   0.468651805
 11.15224128  -0.412125460   4.757460e-5   0.327642087   0.475061930
 11.46672016  -0.423746869   4.891615e-5   0.351551145   0.481442807
 11.78119904  -0.435368278   5.025769e-5   0.379307027   0.487793653
 12.09567792  -0.446989686   5.159923e-5   0.412116439   0.494113655
 12.41015680  -0.458611095   5.294077e-5   0.451859209   0.500401971
 12.72463568  -0.470232503   5.428232e-5   0.501720762   0.506657727
 13.03911456  -0.481853912   5.562386e-5   0.567807745   0.512880013
 13.35359344  -0.493475321   5.696540e-5   0.664121247   0.519067886
 13.66807232  -0.505096729   5.830694e-5   0.812722252   0.525220360
 13.98255120  -0.516718138   5.964849e-5   0.894695920   0.531336412
 14.29703007  -0.528339547   6.099003e-5   0.918360632   0.537414972
 14.61150895  -0.539960955   6.233157e-5   0.929171497   0.543454925
 14.92598783  -0.551582364   6.367311e-5   0.935359742   0.549455103
 15.24046671  -0.563203772   6.501466e-5   0.939320518   0.555414288
 15.55494559  -0.574825181   6.635620e-5   0.942019872   0.561331203
 15.86942447  -0.586446590   6.769774e-5   0.943928098   0.567204511
 16.18390335  -0.598067998   6.903929e-5   0.945303832   0.573032809
 16.49838223  -0.609689407   7.038083e-5   0.946302014   0.578814626
 16.81286111  -0.621310815   7.172237e-5   0.947021537   0.584548414
 17.12733999  -0.632932224   7.306391e-5   0.947528686   0.590232548
 17.44181887  -0.644553633   7.440546e-5   0.947869645   0.595865315
 17.75629775  -0.656175041   7.574700e-5   0.948077621   0.601444910
 18.07077663  -0.667796450   7.708854e-5   0.948177118   0.606969431
 18.38525550  -0.679417858   7.843008e-5   0.948186617   0.612436867
 18.69973438  -0.691039267   7.977163e-5   0.948120315   0.617845093
 19.01421326  -0.702660676   8.111317e-5   0.947989286   0.623191860
 19.32869214  -0.714282084   8.245471e-5   0.947802286   0.628474783
 19.64317102  -0.725903493   8.379625e-5   0.947566319   0.633691332
 19.95764990  -0.737524902   8.513780e-5   0.947287036   0.638838820
 20.27212878  -0.749146310   8.647934e-5   0.946969039   0.643914386
 20.58660766  -0.760767719   8.782088e-5   0.946616097   0.648914984
 20.90108654  -0.772389127   8.916243e-5   0.946231313   0.653837361
 21.21556542  -0.784010536   9.050397e-5   0.945817253   0.658678041
 21.53004430  -0.795631945   9.184551e-5   0.945376041   0.663433303
 21.84452318  -0.807253353   9.318705e-5   0.944909438   0.668099157
 22.15900205  -0.818874762   9.452860e-5   0.944418901   0.672671314
 22.47348093  -0.830496170   9.587014e-5   0.943905632   0.677145157
 22.78795981  -0.842117579   9.721168e-5   0.943370616   0.681515707
 23.10243869  -0.853738988   9.855322e-5   0.942814651   0.685777579
 23.41691757  -0.865360396   9.989477e-5   0.942238373   0.689924939
 23.73139645  -0.876981805   1.012363e-4   0.941642278   0.693951447
 24.04587533  -0.888603213   1.025779e-4   0.941026736   0.697850202
 24.36035421  -0.900224622   1.039194e-4   0.940392006   0.701613663
 24.67483309  -0.911846031   1.052609e-4   0.939738247   0.705233571
 24.98931197  -0.923467439   1.066025e-4   0.939065525   0.708700851
 25.30379085  -0.935088848   1.079440e-4   0.938373821   0.712005499
 25.61826973  -0.946710257   1.092856e-4   0.937663038   0.715136447
 25.93274861  -0.958331665   1.106271e-4   0.936933004   0.718081407
 26.24722748  -0.969953074   1.119687e-4   0.936183476   0.720826685
 26.56170636  -0.981574482   1.133102e-4   0.935414140   0.723356963
 26.87618524  -0.993195891   1.146517e-4   0.934624616   0.725655049
 27.19066412  -1.004817300   1.159933e-4   0.933814455   0.727701589
 27.50514300  -1.016438708   1.173348e-4   0.932983143   0.729474758
 27.81962188  -1.028060117   1.186764e-4   0.932130097   0.730949956
 28.13410076  -1.039681525   1.200179e-4   0.931254665   0.732099606
 28.44857964  -1.051302934   1.213594e-4   0.930356123   0.732893223
 28.76305852  -1.062924343   1.227010e-4   0.929433674   0.733298176
 29.07753740  -1.074545751   1.240425e-4   0.928486442   0.733281850
 29.39201628  -1.086167160   1.253841e-4   0.927513471   0.732816231
 29.70649516  -1.097788569   1.267256e-4   0.926513717   0.731884476
 30.02097404  -1.109409977   1.280672e-4   0.925486046   0.730489585
 30.33545291  -1.121031386   1.294087e-4   0.924429222   0.728653694
 30.64993179  -1.132652794   1.307502e-4   0.923341905   0.726412402
 30.96441067  -1.144274203   1.320918e-4   0.922222640   0.723806241
 31.27888955  -1.155895612   1.334333e-4   0.921069847   0.720874681
 31.59336843  -1.167517020   1.347749e-4   0.919881809   0.717653408
 31.90784731  -1.179138429   1.361164e-4   0.918656662   0.714173642
 32.22232619  -1.190759837   1.374580e-4   0.917392376   0.710462353
 32.53680507  -1.202381246   1.387995e-4   0.916086744   0.706542788
 32.85128395  -1.214002655   1.401410e-4   0.914737360   0.702435031
 33.16576283  -1.225624063   1.414826e-4   0.913341595   0.698156513
 33.48024171  -1.237245472   1.428241e-4   0.911896577   0.693722446
 33.79472059  -1.248866880   1.441657e-4   0.910399161   0.689146182
 34.10919947  -1.260488289   1.455072e-4   0.908845893   0.684439510
 34.42367834  -1.272109698   1.468488e-4   0.907232977   0.679612887
 34.73815722  -1.283731106   1.481903e-4   0.905556227   0.674675646
 35.05263610  -1.295352515   1.495318e-4   0.903811018   0.669636148
 35.36711498  -1.306973924   1.508734e-4   0.901992225   0.664501922
 35.68159386  -1.318595332   1.522149e-4   0.900094155   0.659279774
 35.99607274  -1.330216741   1.535565e-4   0.898110458   0.653975880
 36.31055162  -1.341838149   1.548980e-4   0.896034037   0.648595865
 36.62503050  -1.353459558   1.562396e-4   0.893856924   0.643144872
 36.93950938  -1.365080967   1.575811e-4   0.891570144   0.637627612
 37.25398826  -1.376702375   1.589226e-4   0.889163541   0.632048421
 37.56846714  -1.388323784   1.602642e-4   0.886625579   0.626411296
 37.88294602  -1.399945192   1.616057e-4   0.883943085   0.620719935
 38.19742490  -1.411566601   1.629473e-4   0.881100946   0.614977763
 38.51190377  -1.423188010   1.642888e-4   0.878081722   0.609187967
 38.82638265  -1.434809418   1.656304e-4   0.874865169   0.603353513
 39.14086153  -1.446430827   1.669719e-4   0.871427638   0.597477173
 39.45534041  -1.458052236   1.683134e-4   0.867741301   0.591561539
 39.76981929  -1.469673644   1.696550e-4   0.863773164   0.585609044
 40.08429817  -1.481295053   1.709965e-4   0.859483776   0.579621972
 40.39877705  -1.492916461   1.723381e-4   0.854825529   0.573602477
 40.71325593  -1.504537870   1.736796e-4   0.849740382   0.567552587
 41.02773481  -1.516159279   1.750212e-4   0.844156786   0.561474225
 41.34221369  -1.527780687   1.763627e-4   0.837985439   0.555369208
 41.65669257  -1.539402096   1.777042e-4   0.831113366   0.549239264
 41.97117145  -1.551023504   1.790458e-4   0.823395482   0.543086034
 42.28565033  -1.562644913   1.803873e-4   0.814642410   0.536911083
 42.60012920  -1.574266322   1.817289e-4   0.804602572   0.530715906
 42.91460808  -1.585887730   1.830704e-4   0.792935633   0.524501931
 43.22908696  -1.597509139   1.844120e-4   0.779173096   0.518270529
 43.54356584  -1.609130547   1.857535e-4   0.762661579   0.512023015
 43.85804472  -1.620751956   1.870950e-4   0.742489691   0.505760655
 44.17252360  -1.632373365   1.884366e-4   0.717428786   0.499484672
 44.48700248  -1.643994773   1.897781e-4   0.686022387   0.493196246
 44.80148136  -1.655616182   1.911197e-4   0.647191845   0.486896519
 45.11596024  -1.667237591   1.924612e-4   0.601693260   0.480586603
 45.43043912  -1.678858999   1.938028e-4   0.553152410   0.474267577
 45.74491800  -1.690480408   1.951443e-4   0.506221540   0.467940493
 46.05939688  -1.702101816   1.964858e-4   0.463776731   0.461606382
 46.37387575  -1.713723225   1.978274e-4   0.426558172   0.455266253
 46.68835463  -1.725344634   1.991689e-4   0.394204228   0.448921095
 47.00283351  -1.736966042   2.005105e-4   0.366029308   0.442571885
 47.31731239  -1.748587451   2.018520e-4   0.341349223   0.436219587
 47.63179127  -1.760208859   2.031936e-4   0.319576473   0.429865154
 47.94627015  -1.771830268   2.045351e-4   0.300231161   0.423509535
 48.26074903  -1.783451677   2.058766e-4   0.282927148   0.417153672
 48.57522791  -1.795073085   2.072182e-4   0.267353996   0.410798508
 48.88970679  -1.806694494   2.085597e-4   0.253260804   0.404444986
 49.20418567  -1.818315902   2.099013e-4   0.240443204   0.398094054
 49.51866455  -1.829937311   2.112428e-4   0.228733268   0.391746667
 49.83314343  -1.841558720   2.125844e-4   0.217991802   0.385403791
 50.14762231  -1.853180128   2.139259e-4   0.208102439   0.379066405
 50.46210118  -1.864801537   2.152674e-4   0.198967114   0.372735506
 50.77658006  -1.876422946   2.166090e-4   0.190502565   0.366412111
 51.09105894  -1.888044354   2.179505e-4   0.182637599   0.360097262
 51.40553782  -1.899665763   2.192921e-4   0.175310955   0.353792031
 51.72001670  -1.911287171   2.206336e-4   0.168469595   0.347497522
 52.03449558  -1.922908580   2.219752e-4   0.162067350   0.341214879
 52.34897446  -1.934529989   2.233167e-4   0.156063824   0.334945290
 52.66345334  -1.946151397   2.246582e-4   0.150423499   0.328689995
 52.97793222  -1.957772806   2.259998e-4   0.145115013   0.322450289
 53.29241110  -1.969394214   2.273413e-4   0.140110556   0.316227534
 53.60688998  -1.981015623   2.286829e-4   0.135385371   0.310023166
 53.92136886  -1.992637032   2.300244e-4   0.130917344   0.303838706
 54.23584774  -2.004258440   2.313659e-4   0.126686652   0.297675768
 54.55032661  -2.015879849   2.327075e-4   0.122675470   0.291536077
 54.86480549  -2.027501258   2.340490e-4   0.118867721   0.285421478
 55.17928437  -2.039122666   2.353906e-4   0.115248869   0.279333958
 55.49376325  -2.050744075   2.367321e-4   0.111805728   0.273275665
 55.80824213  -2.062365483   2.380737e-4   0.108526313   0.267248928
 56.12272101  -2.073986892   2.394152e-4   0.105399706   0.261256287
 56.43719989  -2.085608301   2.407567e-4   0.102415932   0.255300522
 56.75167877  -2.097229709   2.420983e-4   0.099565865   0.249384695
 57.06615765  -2.108851118   2.434398e-4   0.096841135   0.243512187
 57.38063653  -2.120472526   2.447814e-4   0.094234052   0.237686753
 57.69511541  -2.132093935   2.461229e-4   0.091737539   0.231912581
 58.00959429  -2.143715344   2.474645e-4   0.089345069   0.226194364
 58.32407317  -2.155336752   2.488060e-4   0.087050615   0.220537373
 58.63855204  -2.166958161   2.501475e-4   0.084848599   0.214947550
 58.95303092  -2.178579569   2.514891e-4   0.082733857   0.209431597
 59.26750980  -2.190200978   2.528306e-4   0.080701595   0.203997061
 59.58198868  -2.201822387   2.541722e-4   0.078747360   0.198652395
 59.89646756  -2.213443795   2.555137e-4   0.076867008   0.193406954
 60.21094644  -2.225065204   2.568553e-4   0.075056680   0.188270884
 60.52542532  -2.236686613   2.581968e-4   0.073312776   0.183254819
 60.83990420  -2.248308021   2.595383e-4   0.071631934   0.178369356
 61.15438308  -2.259929430   2.608799e-4   0.070011012   0.173624293
 61.46886196  -2.271550838   2.622214e-4   0.068447067   0.169027779
 61.78334084  -2.283172247   2.635630e-4   0.066937344   0.164585595
 62.09781972  -2.294793656   2.649045e-4   0.065479258   0.160300791
 62.41229860  -2.306415064   2.662461e-4   0.064070382   0.156173753
 62.72677747  -2.318036473   2.675876e-4   0.062708437   0.152202592
 63.04125635  -2.329657881   2.689291e-4   0.061391277   0.148383676
 63.35573523  -2.341279290   2.702707e-4   0.060116882   0.144712171
 63.67021411  -2.352900699   2.716122e-4   0.058883351   0.141182491
 63.98469299  -2.364522107   2.729538e-4   0.057688888   0.137788650
 64.29917187  -2.376143516   2.742953e-4   0.056531801   0.134524511
 64.61365075  -2.387764924   2.756369e-4   0.055410489   0.131383960
 64.92812963  -2.399386333   2.769784e-4   0.054323441   0.128361016
 65.24260851  -2.411007742   2.783199e-4   0.053269226   0.125449907
 65.55708739  -2.422629150   2.796615e-4   0.052246490   0.122645104
 65.87156627  -2.434250559   2.810030e-4   0.051253949   0.119941349
 66.18604515  -2.445871968   2.823446e-4   0.050290388   0.117333657
 66.50052402  -2.457493376   2.836861e-4   0.049354654   0.114817317
 66.81500290  -2.469114785   2.850277e-4   0.048445650   0.112387887
 67.12948178  -2.480736193   2.863692e-4   0.047562336   0.110041179
 67.44396066  -2.492357602   2.877107e-4   0.046703725   0.107773252
 67.75843954  -2.503979011   2.890523e-4   0.045868875   0.105580395
 68.07291842  -2.515600419   2.903938e-4   0.045056893   0.103459117
 68.38739730  -2.527221828   2.917354e-4   0.044266925   0.101406127
 68.70187618  -2.538843236   2.930769e-4   0.043498162   0.099418331
 69.01635506  -2.550464645   2.944185e-4   0.042749829   0.097492811
 69.33083394  -2.562086054   2.957600e-4   0.042021190   0.095626815
 69.64531282  -2.573707462   2.971015e-4   0.041311540   0.093817750
 69.95979170  -2.585328871   2.984431e-4   0.040620207   0.092063169
 70.27427058  -2.596950280   2.997846e-4   0.039946551   0.090360757
 70.58874945  -2.608571688   3.011262e-4   0.039289957   0.088708331
 70.90322833  -2.620193097   3.024677e-4   0.038649841   0.087103824
 71.21770721  -2.631814505   3.038093e-4   0.038025641   0.085545279
 71.53218609  -2.643435914   3.051508e-4   0.037416822   0.084030846
 71.84666497  -2.655057323   3.064923e-4   0.036822869   0.082558770
 72.16114385  -2.666678731   3.078339e-4   0.036243292   0.081127385
 72.47562273  -2.678300140   3.091754e-4   0.035677619   0.079735113
 72.79010161  -2.689921548   3.105170e-4   0.035125399   0.078380455
 73.10458049  -2.701542957   3.118585e-4   0.034586199   0.077061985
 73.41905937  -2.713164366   3.132001e-4   0.034059603   0.075778350
 73.73353825  -2.724785774   3.145416e-4   0.033545214   0.074528260
 74.04801713  -2.736407183   3.158831e-4   0.033042648   0.073310489
 74.36249601  -2.748028591   3.172247e-4   0.032551538   0.072123869
 74.67697488  -2.759650000   3.185662e-4   0.032071532   0.070967285
 74.99145376  -2.771271409   3.199078e-4   0.031602290   0.069839677
 75.30593264  -2.782892817   3.212493e-4   0.031143487   0.068740031
 75.62041152  -2.794514226   3.225909e-4   0.030694808   0.067667380
 75.93489040  -2.806135635   3.239324e-4   0.030255952   0.066620800
 76.24936928  -2.817757043   3.252739e-4   0.029826628   0.065599408
 76.56384816  -2.829378452   3.266155e-4   0.029406559   0.064602360
 76.87832704  -2.840999860   3.279570e-4   0.028995473   0.063628849
 77.19280592  -2.852621269   3.292986e-4   0.028593112   0.062678102
 77.50728480  -2.864242678   3.306401e-4   0.028199227   0.061749378
 77.82176368  -2.875864086   3.319817e-4   0.027813576   0.060841969
 78.13624256  -2.887485495   3.333232e-4   0.027435928   0.059955195
 78.45072144  -2.899106903   3.346647e-4   0.027066058   0.059088404
 78.76520031  -2.910728312   3.360063e-4   0.026703751   0.058240972
 79.07967919  -2.922349721   3.373478e-4   0.026348798   0.057412299
 79.39415807  -2.933971129   3.386894e-4   0.026000999   0.056601809
 79.70863695  -2.945592538   3.400309e-4   0.025660159   0.055808949
 80.02311583  -2.957213946   3.413724e-4   0.025326091   0.055033187
 80.33759471  -2.968835355   3.427140e-4   0.024998613   0.054274012
 80.65207359  -2.980456764   3.440555e-4   0.024677550   0.053530933
 80.96655247  -2.992078172   3.453971e-4   0.024362734   0.052803478
 81.28103135  -3.003699581   3.467386e-4   0.024054000   0.052091192
 81.59551023  -3.015320990   3.480802e-4   0.023751191   0.051393637
 81.90998911  -3.026942398   3.494217e-4   0.023454154   0.050710391
 82.22446799  -3.038563807   3.507632e-4   0.023162740   0.050041048
 82.53894687  -3.050185215   3.521048e-4   0.022876807   0.049385217
 82.85342574  -3.061806624   3.534463e-4   0.022596215   0.048742520
 83.16790462  -3.073428033   3.547879e-4   0.022320831   0.048112594
 83.48238350  -3.085049441   3.561294e-4   0.022050525   0.047495087
 83.79686238  -3.096670850   3.574710e-4   0.021785171   0.046889662
 84.11134126  -3.108292258   3.588125e-4   0.021524646   0.046295990
 84.42582014  -3.119913667   3.601540e-4   0.021268833   0.045713756
 84.74029902  -3.131535076   3.614956e-4   0.021017618   0.045142655
 85.05477790  -3.143156484   3.628371e-4   0.020770889   0.044582393
 85.36925678  -3.154777893   3.641787e-4   0.020528538   0.044032685
 85.68373566  -3.166399302   3.655202e-4   0.020290462   0.043493256
 85.99821454  -3.178020710   3.668618e-4   0.020056559   0.042963840
 86.31269342  -3.189642119   3.682033e-4   0.019826730   0.042444180
 86.62717230  -3.201263527   3.695448e-4   0.019600881   0.041934025
 86.94165117  -3.212884936   3.708864e-4   0.019378919   0.041433137
 87.25613005  -3.224506345   3.722279e-4   0.019160753   0.040941280
 87.57060893  -3.236127753   3.735695e-4   0.018946298   0.040458230
 87.88508781  -3.247749162   3.749110e-4   0.018735468   0.039983767
 88.19956669  -3.259370570   3.762526e-4   0.018528181   0.039517680
 88.51404557  -3.270991979   3.775941e-4   0.018324357   0.039059763
 88.82852445  -3.282613388   3.789356e-4   0.018123919   0.038609817
 89.14300333  -3.294234796   3.802772e-4   0.017926791   0.038167649
 89.45748221  -3.305856205   3.816187e-4   0.017732899   0.037733073
 89.77196109  -3.317477613   3.829603e-4   0.017542173   0.037305906
 90.08643997  -3.329099022   3.843018e-4   0.017354542   0.036885972
 90.40091885  -3.340720431   3.856434e-4   0.017169941   0.036473101
 90.71539772  -3.352341839   3.869849e-4   0.016988302   0.036067126
 91.02987660  -3.363963248   3.883264e-4   0.016809563   0.035667887
 91.34435548  -3.375584657   3.896680e-4   0.016633661   0.035275226
 91.65883436  -3.387206065   3.910095e-4   0.016460536   0.034888993
 91.97331324  -3.398827474   3.923511e-4   0.016290129   0.034509039
 92.28779212  -3.410448882   3.936926e-4   0.016122383   0.034135220
 92.60227100  -3.422070291   3.950342e-4   0.015957243   0.033767397
 92.91674988  -3.433691700   3.963757e-4   0.015794653   0.033405435
 93.23122876  -3.445313108   3.977172e-4   0.015634561   0.033049202
 93.54570764  -3.456934517   3.990588e-4   0.015476917   0.032698569
 93.86018652  -3.468555925   4.004003e-4   0.015321668   0.032353411
 94.17466540  -3.480177334   4.017419e-4   0.015168768   0.032013606
 94.48914428  -3.491798743   4.030834e-4   0.015018168   0.031679038
 94.80362315  -3.503420151   4.044250e-4   0.014869821   0.031349589
 95.11810203  -3.515041560   4.057665e-4   0.014723684   0.031025148
 95.43258091  -3.526662968   4.071080e-4   0.014579711   0.030705605
 95.74705979  -3.538284377   4.084496e-4   0.014437859   0.030390854
 96.06153867  -3.549905786   4.097911e-4   0.014298088   0.030080791
 96.37601755  -3.561527194   4.111327e-4   0.014160355   0.029775315
 96.69049643  -3.573148603   4.124742e-4   0.014024622   0.029474327
 97.00497531  -3.584770012   4.138158e-4   0.013890849   0.029177730
 97.31945419  -3.596391420   4.151573e-4   0.013758998   0.028885430
 97.63393307  -3.608012829   4.164988e-4   0.013629033   0.028597336
 97.94841195  -3.619634237   4.178404e-4   0.013500917   0.028313358
 98.26289083  -3.631255646   4.191819e-4   0.013374615   0.028033408
 98.57736971  -3.642877055   4.205235e-4   0.013250093   0.027757400
 98.89184858  -3.654498463   4.218650e-4   0.013127316   0.027485251
 99.20632746  -3.666119872   4.232066e-4   0.013006253   0.027216879
 99.52080634  -3.677741280   4.245481e-4   0.012886872   0.026952203
 99.83528522  -3.689362689   4.258896e-4   0.012769140   0.026691146
 100.1497641  -3.700984098   4.272312e-4   0.012653029   0.026433631
 100.4642430  -3.712605506   4.285727e-4   0.012538506   0.026179583
 100.7787219  -3.724226915   4.299143e-4   0.012425545   0.025928927
 101.0932007  -3.735848324   4.312558e-4   0.012314115   0.025681591
 101.4076796  -3.747469732   4.325974e-4   0.012204190   0.025437505
 101.7221585  -3.759091141   4.339389e-4   0.012095743   0.025196599
 102.0366374  -3.770712549   4.352804e-4   0.011988745   0.024958805
 102.3511163  -3.782333958   4.366220e-4   0.011883173   0.024724055
 102.6655951  -3.793955367   4.379635e-4   0.011778999   0.024492284
 102.9800740  -3.805576775   4.393051e-4   0.011676201   0.024263425
 103.2945529  -3.817198184   4.406466e-4   0.011574752   0.024037415
 103.6090318  -3.828819592   4.419882e-4   0.011474630   0.023814192
 103.9235107  -3.840441001   4.433297e-4   0.011375811   0.023593691
 104.2379895  -3.852062410   4.446712e-4   0.011278273   0.023375852
 104.5524684  -3.863683818   4.460128e-4   0.011181993   0.023160613
 104.8669473  -3.875305227   4.473543e-4   0.011086950   0.022947915
 105.1814262  -3.886926635   4.486959e-4   0.010993122   0.022737696
 105.4959050  -3.898548044   4.500374e-4   0.010900489   0.022529898
 105.8103839  -3.910169453   4.513789e-4   0.010809031   0.022324461
 106.1248628  -3.921790861   4.527205e-4   0.010718726   0.022121326
 106.4393417  -3.933412270   4.540620e-4   0.010629557   0.021920434
 106.7538206  -3.945033679   4.554036e-4   0.010541504   0.021721725
 107.0682994  -3.956655087   4.567451e-4   0.010454547   0.021525142
 107.3827783  -3.968276496   4.580867e-4   0.010368670   0.021330624
 107.6972572  -3.979897904   4.594282e-4   0.010283854   0.021138110
 108.0117361  -3.991519313   4.607697e-4   0.010200081   0.020947542
 108.3262150  -4.003140722   4.621113e-4   0.010117335   0.020758856
 108.6406938  -4.014762130   4.634528e-4   0.010035598   0.020571991
 108.9551727  -4.026383539   4.647944e-4   0.009954854   0.020386883
 109.2696516  -4.038004947   4.661359e-4   0.009875087   0.020203466
 109.5841305  -4.049626356   4.674775e-4   0.009796281   0.020021673
 109.8986094  -4.061247765   4.688190e-4   0.009718421   0.019841433
 110.2130882  -4.072869173   4.701605e-4   0.009641491   0.019662675
 110.5275671  -4.084490582   4.715021e-4   0.009565477   0.019485322
 110.8420460  -4.096111990   4.728436e-4   0.009490364   0.019309295
 111.1565249  -4.107733399   4.741852e-4   0.009416138   0.019134509
 111.4710038  -4.119354808   4.755267e-4   0.009342785   0.018960873
 111.7854826  -4.130976216   4.768683e-4   0.009270291   0.018788291
 112.0999615  -4.142597625   4.782098e-4   0.009198642   0.018616657
 112.4144404  -4.154219034   4.795513e-4   0.009127826   0.018445856
 112.7289193  -4.165840442   4.808929e-4   0.009057830   0.018275760
 113.0433981  -4.177461851   4.822344e-4   0.008988640   0.018106227
 113.3578770  -4.189083259   4.835760e-4   0.008920245   0.017937095
 113.6723559  -4.200704668   4.849175e-4   0.008852632   0.017768179
 113.9868348  -4.212326077   4.862591e-4   0.008785789   0.017599261
 114.3013137  -4.223947485   4.876006e-4   0.008719705   0.017430083
 114.6157925  -4.235568894   4.889421e-4   0.008654368   0.017260330
 114.9302714  -4.247190302   4.902837e-4   0.008589766   0.017089609
 115.2447503  -4.258811711   4.916252e-4   0.008525890   0.016917407
 115.5592292  -4.270433120   4.929668e-4   0.008462727   0.016743031
 115.8737081  -4.282054528   4.943083e-4   0.008400268   0.016565474
 116.1881869  -4.293675937   4.956499e-4   0.008338501   0.016383131
 116.5026658  -4.305297346   4.969914e-4   0.008277417   0.016193016
 116.8171447  -4.316918754   4.983329e-4   0.008217005   0.015989972
 117.1316236  -4.328540163   4.996745e-4   0.008157256   0.015780678
 117.4461025  -4.340161571   5.010160e-4   0.008098160   0.015570948
 117.7605813  -4.351782980   5.023576e-4   0.008039706   0.015362046
 118.0750602  -4.363404389   5.036991e-4   0.007981887   0.015154411
 118.3895391  -4.375025797   5.050407e-4   0.007924693   0.014948244
 118.7040180  -4.386647206   5.063822e-4   0.007868114   0.014743648
 119.0184969  -4.398268614   5.077237e-4   0.007812142   0.014540679
 119.3329757  -4.409890023   5.090653e-4   0.007756769   0.014339366
 119.6474546  -4.421511432   5.104068e-4   0.007701985   0.014139725
 119.9619335  -4.433132840   5.117484e-4   0.007647782   0.013941761
 120.2764124  -4.444754249   5.130899e-4   0.007594153   0.013745472
 120.5908913  -4.456375657   5.144315e-4   0.007541088   0.013550854
 120.9053701  -4.467997066   5.157730e-4   0.007488581   0.013357898
 121.2198490  -4.479618475   5.171145e-4   0.007436622   0.013166593
 121.5343279  -4.491239883   5.184561e-4   0.007385205   0.012976927
 121.8488068  -4.502861292   5.197976e-4   0.007334322   0.012788887
 122.1632856  -4.514482701   5.211392e-4   0.007283966   0.012602459
 122.4777645  -4.526104109   5.224807e-4   0.007234129   0.012417627
 122.7922434  -4.537725518   5.238223e-4   0.007184804   0.012234377
 123.1067223  -4.549346926   5.251638e-4   0.007135985   0.012052695
 123.4212012  -4.560968335   5.265053e-4   0.007087663   0.011872563
 123.7356800  -4.572589744   5.278469e-4   0.007039833   0.011693967
 124.0501589  -4.584211152   5.291884e-4   0.006992488   0.011516891
 124.3646378  -4.595832561   5.305300e-4   0.006945621   0.011341320
 124.6791167  -4.607453969   5.318715e-4   0.006899226   0.011167237
 124.9935956  -4.619075378   5.332131e-4   0.006853296   0.010994629
 125.3080744  -4.630696787   5.345546e-4   0.006807826   0.010823479
 125.6225533  -4.642318195   5.358961e-4   0.006762808   0.010653772
 125.9370322  -4.653939604   5.372377e-4   0.006718238   0.010485494
 126.2515111  -4.665561012   5.385792e-4   0.006674108   0.010318630
 126.5659900  -4.677182421   5.399208e-4   0.006630414   0.010153164
 126.8804688  -4.688803830   5.412623e-4   0.006587150   0.009989084
 127.1949477  -4.700425238   5.426039e-4   0.006544309   0.009826374
 127.5094266  -4.712046647   5.439454e-4   0.006501887   0.009665020
 127.8239055  -4.723668056   5.452869e-4   0.006459877   0.009505010
 128.1383844  -4.735289464   5.466285e-4   0.006418276   0.009346329
 128.4528632  -4.746910873   5.479700e-4   0.006377076   0.009188964
 128.7673421  -4.758532281   5.493116e-4   0.006336274   0.009032902
 129.0818210  -4.770153690   5.506531e-4   0.006295863   0.008878130
 129.3962999  -4.781775099   5.519947e-4   0.006255840   0.008724636
 129.7107787  -4.793396507   5.533362e-4   0.006216199   0.008572408
 130.0252576  -4.805017916   5.546777e-4   0.006176934   0.008421432
 130.3397365  -4.816639324   5.560193e-4   0.006138042   0.008271698
 130.6542154  -4.828260733   5.573608e-4   0.006099518   0.008123193
 130.9686943  -4.839882142   5.587024e-4   0.006061357   0.007975907
 131.2831731  -4.851503550   5.600439e-4   0.006023554   0.007829828
 131.5976520  -4.863124959   5.613854e-4   0.005986105   0.007684946
 131.9121309  -4.874746368   5.627270e-4   0.005949006   0.007541249