#XDI/1.1
# X-ray Monochromator Darwin Width from xrayweb  Fri Dec 12 07:41:30 2025
# Monochromator.xtal        : Si
# Monochromator.hkl         : 1 1 1
# Monochromator.polarization: 's'
# Monochromator.theta       : 5.053714 (deg)
# Monochromator.theta_width : 11.658749 (microrad)
# Monochromator.energy_width: 2.958940 (eV)
# Monochromator.theta_fwhm  : 12.365970 (microrad)
# Monochromator.rocking_fwhm: 16.322248 (microrad)
# Monochromator.energy_fwhm : 3.138429 (eV)
# Xray.Energy               : 22444.01 (eV)
# Column.1: dtheta (microrad)
# Column.2: denergy (eV)
# Column.3: zeta (delta_lambda / lambda)
# Column.4: intensity
# Column.5: rocking_curve
#---------------------
# {' '.join(array_names)}
-27.35114182   6.941600532  -3.092852e-4   0.005862102   0.007508967
-27.23455433   6.912011136  -3.079669e-4   0.005898388   0.007649981
-27.11796685   6.882421741  -3.066485e-4   0.005935014   0.007792048
-27.00137936   6.852832345  -3.053301e-4   0.005971983   0.007935179
-26.88479188   6.823242950  -3.040118e-4   0.006009300   0.008079387
-26.76820439   6.793653555  -3.026934e-4   0.006046969   0.008224682
-26.65161691   6.764064159  -3.013750e-4   0.006084995   0.008371077
-26.53502942   6.734474764  -3.000567e-4   0.006123383   0.008518585
-26.41844194   6.704885368  -2.987383e-4   0.006162136   0.008667217
-26.30185445   6.675295973  -2.974199e-4   0.006201260   0.008816986
-26.18526696   6.645706577  -2.961016e-4   0.006240759   0.008967905
-26.06867948   6.616117182  -2.947832e-4   0.006280638   0.009119986
-25.95209199   6.586527787  -2.934648e-4   0.006320903   0.009273243
-25.83550451   6.556938391  -2.921465e-4   0.006361558   0.009427689
-25.71891702   6.527348996  -2.908281e-4   0.006402607   0.009583337
-25.60232954   6.497759600  -2.895097e-4   0.006444057   0.009740201
-25.48574205   6.468170205  -2.881914e-4   0.006485913   0.009898294
-25.36915457   6.438580809  -2.868730e-4   0.006528180   0.010057630
-25.25256708   6.408991414  -2.855546e-4   0.006570863   0.010218223
-25.13597960   6.379402019  -2.842363e-4   0.006613968   0.010380088
-25.01939211   6.349812623  -2.829179e-4   0.006657500   0.010543238
-24.90280462   6.320223228  -2.815996e-4   0.006701466   0.010707688
-24.78621714   6.290633832  -2.802812e-4   0.006745870   0.010873452
-24.66962965   6.261044437  -2.789628e-4   0.006790719   0.011040546
-24.55304217   6.231455041  -2.776445e-4   0.006836019   0.011208985
-24.43645468   6.201865646  -2.763261e-4   0.006881776   0.011378782
-24.31986720   6.172276250  -2.750077e-4   0.006927996   0.011549953
-24.20327971   6.142686855  -2.736894e-4   0.006974686   0.011722514
-24.08669223   6.113097460  -2.723710e-4   0.007021851   0.011896478
-23.97010474   6.083508064  -2.710526e-4   0.007069499   0.012071862
-23.85351726   6.053918669  -2.697343e-4   0.007117635   0.012248681
-23.73692977   6.024329273  -2.684159e-4   0.007166268   0.012426948
-23.62034229   5.994739878  -2.670975e-4   0.007215402   0.012606680
-23.50375480   5.965150482  -2.657792e-4   0.007265047   0.012787891
-23.38716731   5.935561087  -2.644608e-4   0.007315208   0.012970594
-23.27057983   5.905971692  -2.631424e-4   0.007365893   0.013154804
-23.15399234   5.876382296  -2.618241e-4   0.007417109   0.013340534
-23.03740486   5.846792901  -2.605057e-4   0.007468864   0.013527795
-22.92081737   5.817203505  -2.591874e-4   0.007521165   0.013716599
-22.80422989   5.787614110  -2.578690e-4   0.007574021   0.013906954
-22.68764240   5.758024714  -2.565506e-4   0.007627438   0.014098867
-22.57105492   5.728435319  -2.552323e-4   0.007681426   0.014292342
-22.45446743   5.698845924  -2.539139e-4   0.007735991   0.014487376
-22.33787995   5.669256528  -2.525955e-4   0.007791144   0.014683962
-22.22129246   5.639667133  -2.512772e-4   0.007846891   0.014882078
-22.10470497   5.610077737  -2.499588e-4   0.007903242   0.015081688
-21.98811749   5.580488342  -2.486404e-4   0.007960205   0.015282722
-21.87153000   5.550898946  -2.473221e-4   0.008017790   0.015485049
-21.75494252   5.521309551  -2.460037e-4   0.008076005   0.015688405
-21.63835503   5.491720156  -2.446853e-4   0.008134861   0.015892115
-21.52176755   5.462130760  -2.433670e-4   0.008194365   0.016093492
-21.40518006   5.432541365  -2.420486e-4   0.008254529   0.016282583
-21.28859258   5.402951969  -2.407302e-4   0.008315361   0.016462426
-21.17200509   5.373362574  -2.394119e-4   0.008376872   0.016637013
-21.05541761   5.343773178  -2.380935e-4   0.008439072   0.016808250
-20.93883012   5.314183783  -2.367751e-4   0.008501971   0.016977256
-20.82224264   5.284594388  -2.354568e-4   0.008565580   0.017144774
-20.70565515   5.255004992  -2.341384e-4   0.008629910   0.017311339
-20.58906766   5.225415597  -2.328201e-4   0.008694972   0.017477354
-20.47248018   5.195826201  -2.315017e-4   0.008760776   0.017643138
-20.35589269   5.166236806  -2.301833e-4   0.008827335   0.017808951
-20.23930521   5.136647410  -2.288650e-4   0.008894660   0.017975009
-20.12271772   5.107058015  -2.275466e-4   0.008962763   0.018141495
-20.00613024   5.077468619  -2.262282e-4   0.009031655   0.018308569
-19.88954275   5.047879224  -2.249099e-4   0.009101350   0.018476371
-19.77295527   5.018289829  -2.235915e-4   0.009171860   0.018645025
-19.65636778   4.988700433  -2.222731e-4   0.009243197   0.018814645
-19.53978030   4.959111038  -2.209548e-4   0.009315375   0.018985332
-19.42319281   4.929521642  -2.196364e-4   0.009388408   0.019157182
-19.30660532   4.899932247  -2.183180e-4   0.009462308   0.019330283
-19.19001784   4.870342851  -2.169997e-4   0.009537090   0.019504715
-19.07343035   4.840753456  -2.156813e-4   0.009612767   0.019680558
-18.95684287   4.811164061  -2.143629e-4   0.009689355   0.019857885
-18.84025538   4.781574665  -2.130446e-4   0.009766868   0.020036767
-18.72366790   4.751985270  -2.117262e-4   0.009845321   0.020217270
-18.60708041   4.722395874  -2.104078e-4   0.009924729   0.020399462
-18.49049293   4.692806479  -2.090895e-4   0.010005109   0.020583405
-18.37390544   4.663217083  -2.077711e-4   0.010086475   0.020769163
-18.25731796   4.633627688  -2.064528e-4   0.010168845   0.020956794
-18.14073047   4.604038293  -2.051344e-4   0.010252236   0.021146360
-18.02414298   4.574448897  -2.038160e-4   0.010336663   0.021337920
-17.90755550   4.544859502  -2.024977e-4   0.010422145   0.021531532
-17.79096801   4.515270106  -2.011793e-4   0.010508700   0.021727254
-17.67438053   4.485680711  -1.998609e-4   0.010596345   0.021925144
-17.55779304   4.456091315  -1.985426e-4   0.010685098   0.022125260
-17.44120556   4.426501920  -1.972242e-4   0.010774980   0.022327659
-17.32461807   4.396912525  -1.959058e-4   0.010866009   0.022532399
-17.20803059   4.367323129  -1.945875e-4   0.010958206   0.022739538
-17.09144310   4.337733734  -1.932691e-4   0.011051589   0.022949135
-16.97485562   4.308144338  -1.919507e-4   0.011146180   0.023161248
-16.85826813   4.278554943  -1.906324e-4   0.011242000   0.023375936
-16.74168065   4.248965547  -1.893140e-4   0.011339071   0.023593260
-16.62509316   4.219376152  -1.879956e-4   0.011437414   0.023813279
-16.50850567   4.189786757  -1.866773e-4   0.011537052   0.024036056
-16.39191819   4.160197361  -1.853589e-4   0.011638008   0.024261652
-16.27533070   4.130607966  -1.840406e-4   0.011740306   0.024490130
-16.15874322   4.101018570  -1.827222e-4   0.011843969   0.024721555
-16.04215573   4.071429175  -1.814038e-4   0.011949023   0.024955990
-15.92556825   4.041839779  -1.800855e-4   0.012055491   0.025193504
-15.80898076   4.012250384  -1.787671e-4   0.012163402   0.025434161
-15.69239328   3.982660988  -1.774487e-4   0.012272779   0.025678032
-15.57580579   3.953071593  -1.761304e-4   0.012383651   0.025925186
-15.45921831   3.923482198  -1.748120e-4   0.012496045   0.026175693
-15.34263082   3.893892802  -1.734936e-4   0.012609989   0.026429628
-15.22604333   3.864303407  -1.721753e-4   0.012725513   0.026687062
-15.10945585   3.834714011  -1.708569e-4   0.012842645   0.026948074
-14.99286836   3.805124616  -1.695385e-4   0.012961416   0.027212738
-14.87628088   3.775535220  -1.682202e-4   0.013081857   0.027481135
-14.75969339   3.745945825  -1.669018e-4   0.013204000   0.027753346
-14.64310591   3.716356430  -1.655834e-4   0.013327876   0.028029452
-14.52651842   3.686767034  -1.642651e-4   0.013453521   0.028309538
-14.40993094   3.657177639  -1.629467e-4   0.013580967   0.028593691
-14.29334345   3.627588243  -1.616283e-4   0.013710249   0.028881999
-14.17675597   3.597998848  -1.603100e-4   0.013841404   0.029174553
-14.06016848   3.568409452  -1.589916e-4   0.013974468   0.029471446
-13.94358100   3.538820057  -1.576733e-4   0.014109478   0.029772773
-13.82699351   3.509230662  -1.563549e-4   0.014246474   0.030078631
-13.71040602   3.479641266  -1.550365e-4   0.014385494   0.030389122
-13.59381854   3.450051871  -1.537182e-4   0.014526579   0.030704346
-13.47723105   3.420462475  -1.523998e-4   0.014669770   0.031024411
-13.36064357   3.390873080  -1.510814e-4   0.014815111   0.031349423
-13.24405608   3.361283684  -1.497631e-4   0.014962645   0.031679495
-13.12746860   3.331694289  -1.484447e-4   0.015112416   0.032014739
-13.01088111   3.302104894  -1.471263e-4   0.015264470   0.032355273
-12.89429363   3.272515498  -1.458080e-4   0.015418855   0.032701218
-12.77770614   3.242926103  -1.444896e-4   0.015575620   0.033052697
-12.66111866   3.213336707  -1.431712e-4   0.015734813   0.033409836
-12.54453117   3.183747312  -1.418529e-4   0.015896485   0.033772768
-12.42794368   3.154157916  -1.405345e-4   0.016060690   0.034141625
-12.31135620   3.124568521  -1.392161e-4   0.016227480   0.034516547
-12.19476871   3.094979126  -1.378978e-4   0.016396911   0.034897675
-12.07818123   3.065389730  -1.365794e-4   0.016569040   0.035285156
-11.96159374   3.035800335  -1.352610e-4   0.016743925   0.035679141
-11.84500626   3.006210939  -1.339427e-4   0.016921625   0.036079784
-11.72841877   2.976621544  -1.326243e-4   0.017102202   0.036487246
-11.61183129   2.947032148  -1.313060e-4   0.017285720   0.036901691
-11.49524380   2.917442753  -1.299876e-4   0.017472243   0.037323290
-11.37865632   2.887853357  -1.286692e-4   0.017661838   0.037752215
-11.26206883   2.858263962  -1.273509e-4   0.017854573   0.038188649
-11.14548135   2.828674567  -1.260325e-4   0.018050520   0.038632777
-11.02889386   2.799085171  -1.247141e-4   0.018249751   0.039084791
-10.91230637   2.769495776  -1.233958e-4   0.018452340   0.039544888
-10.79571889   2.739906380  -1.220774e-4   0.018658364   0.040013273
-10.67913140   2.710316985  -1.207590e-4   0.018867903   0.040490156
-10.56254392   2.680727589  -1.194407e-4   0.019081038   0.040975756
-10.44595643   2.651138194  -1.181223e-4   0.019297853   0.041470296
-10.32936895   2.621548799  -1.168039e-4   0.019518434   0.041974010
-10.21278146   2.591959403  -1.154856e-4   0.019742871   0.042487138
-10.09619398   2.562370008  -1.141672e-4   0.019971253   0.043009927
-9.979606491   2.532780612  -1.128488e-4   0.020203677   0.043542634
-9.863019005   2.503191217  -1.115305e-4   0.020440239   0.044085524
-9.746431520   2.473601821  -1.102121e-4   0.020681040   0.044638873
-9.629844035   2.444012426  -1.088938e-4   0.020926182   0.045202964
-9.513256549   2.414423031  -1.075754e-4   0.021175773   0.045778091
-9.396669064   2.384833635  -1.062570e-4   0.021429921   0.046364560
-9.280081578   2.355244240  -1.049387e-4   0.021688741   0.046962685
-9.163494093   2.325654844  -1.036203e-4   0.021952350   0.047572794
-9.046906607   2.296065449  -1.023019e-4   0.022220867   0.048195226
-8.930319122   2.266476053  -1.009836e-4   0.022494418   0.048830333
-8.813731637   2.236886658  -9.966520e-5   0.022773131   0.049478478
-8.697144151   2.207297263  -9.834683e-5   0.023057139   0.050140041
-8.580556666   2.177707867  -9.702847e-5   0.023346578   0.050815414
-8.463969180   2.148118472  -9.571010e-5   0.023641591   0.051505006
-8.347381695   2.118529076  -9.439174e-5   0.023942325   0.052209239
-8.230794209   2.088939681  -9.307337e-5   0.024248929   0.052928554
-8.114206724   2.059350285  -9.175501e-5   0.024561561   0.053663409
-7.997619239   2.029760890  -9.043664e-5   0.024880382   0.054414280
-7.881031753   2.000171495  -8.911828e-5   0.025205560   0.055181662
-7.764444268   1.970582099  -8.779991e-5   0.025537268   0.055966071
-7.647856782   1.940992704  -8.648155e-5   0.025875684   0.056768043
-7.531269297   1.911403308  -8.516318e-5   0.026220994   0.057588138
-7.414681811   1.881813913  -8.384482e-5   0.026573391   0.058426938
-7.298094326   1.852224517  -8.252645e-5   0.026933073   0.059285052
-7.181506841   1.822635122  -8.120809e-5   0.027300245   0.060163114
-7.064919355   1.793045726  -7.988972e-5   0.027675122   0.061061784
-6.948331870   1.763456331  -7.857136e-5   0.028057924   0.061981755
-6.831744384   1.733866936  -7.725299e-5   0.028448881   0.062923748
-6.715156899   1.704277540  -7.593463e-5   0.028848231   0.063888517
-6.598569414   1.674688145  -7.461626e-5   0.029256221   0.064876853
-6.481981928   1.645098749  -7.329790e-5   0.029673106   0.065889581
-6.365394443   1.615509354  -7.197953e-5   0.030099152   0.066927566
-6.248806957   1.585919958  -7.066117e-5   0.030534636   0.067991715
-6.132219472   1.556330563  -6.934280e-5   0.030979844   0.069082977
-6.015631986   1.526741168  -6.802444e-5   0.031435075   0.070202349
-5.899044501   1.497151772  -6.670607e-5   0.031900637   0.071350877
-5.782457016   1.467562377  -6.538771e-5   0.032376853   0.072529661
-5.665869530   1.437972981  -6.406934e-5   0.032864058   0.073739855
-5.549282045   1.408383586  -6.275098e-5   0.033362601   0.074982674
-5.432694559   1.378794190  -6.143261e-5   0.033872843   0.076259399
-5.316107074   1.349204795  -6.011425e-5   0.034395164   0.077571376
-5.199519588   1.319615400  -5.879588e-5   0.034929955   0.078920027
-5.082932103   1.290026004  -5.747752e-5   0.035477627   0.080306851
-4.966344618   1.260436609  -5.615915e-5   0.036038608   0.081733434
-4.849757132   1.230847213  -5.484079e-5   0.036613343   0.083201449
-4.733169647   1.201257818  -5.352242e-5   0.037202297   0.084712669
-4.616582161   1.171668422  -5.220406e-5   0.037805954   0.086268972
-4.499994676   1.142079027  -5.088569e-5   0.038424823   0.087872348
-4.383407191   1.112489632  -4.956733e-5   0.039059431   0.089524912
-4.266819705   1.082900236  -4.824896e-5   0.039710332   0.091228909
-4.150232220   1.053310841  -4.693060e-5   0.040378103   0.092986729
-4.033644734   1.023721445  -4.561223e-5   0.041063351   0.094800920
-3.917057249   0.994132050  -4.429387e-5   0.041766707   0.096674198
-3.800469763   0.964542654  -4.297550e-5   0.042488834   0.098609467
-3.683882278   0.934953259  -4.165714e-5   0.043230426   0.100609832
-3.567294793   0.905363864  -4.033877e-5   0.043992210   0.102678623
-3.450707307   0.875774468  -3.902041e-5   0.044774949   0.104819412
-3.334119822   0.846185073  -3.770204e-5   0.045579443   0.107036044
-3.217532336   0.816595677  -3.638368e-5   0.046406532   0.109332660
-3.100944851   0.787006282  -3.506532e-5   0.047257097   0.111713731
-2.984357365   0.757416886  -3.374695e-5   0.048132066   0.114184096
-2.867769880   0.727827491  -3.242859e-5   0.049032413   0.116749005
-2.751182395   0.698238096  -3.111022e-5   0.049959163   0.119414165
-2.634594909   0.668648700  -2.979186e-5   0.050913395   0.122185804
-2.518007424   0.639059305  -2.847349e-5   0.051896246   0.125070731
-2.401419938   0.609469909  -2.715513e-5   0.052908915   0.128076424
-2.284832453   0.579880514  -2.583676e-5   0.053952666   0.131211119
-2.168244967   0.550291118  -2.451840e-5   0.055028833   0.134483929
-2.051657482   0.520701723  -2.320003e-5   0.056138825   0.137904982
-1.935069997   0.491112327  -2.188167e-5   0.057284132   0.141485594
-1.818482511   0.461522932  -2.056330e-5   0.058466328   0.145238482
-1.701895026   0.431933537  -1.924494e-5   0.059687084   0.149178034
-1.585307540   0.402344141  -1.792657e-5   0.060948164   0.153320664
-1.468720055   0.372754746  -1.660821e-5   0.062251444   0.157685263
-1.352132570   0.343165350  -1.528984e-5   0.063598912   0.162293827
-1.235545084   0.313575955  -1.397148e-5   0.064992680   0.167172308
-1.118957599   0.283986559  -1.265311e-5   0.066434992   0.172351859
-1.002370113   0.254397164  -1.133475e-5   0.067928240   0.177870661
-0.885782628   0.224807769  -1.001638e-5   0.069474967   0.183776707
-0.769195142   0.195218373  -8.698017e-6   0.071077887   0.190131187
-0.652607657   0.165628978  -7.379652e-6   0.072739896   0.196981041
-0.536020172   0.136039582  -6.061287e-6   0.074464089   0.204197963
-0.419432686   0.106450187  -4.742922e-6   0.076253774   0.211444568
-0.302845201   0.076860791  -3.424557e-6   0.078112497   0.218698966
-0.186257715   0.047271396  -2.106192e-6   0.080044057   0.225954935
-0.069670230   0.017682001  -7.878272e-7   0.082052535   0.233209548
 0.046917256  -0.011907395   5.305378e-7   0.084142315   0.240461092
 0.163504741  -0.041496790   1.848903e-6   0.086318117   0.247708428
 0.280092226  -0.071086186   3.167268e-6   0.088585030   0.254950732
 0.396679712  -0.100675581   4.485633e-6   0.090948545   0.262187365
 0.513267197  -0.130264977   5.803997e-6   0.093414602   0.269417807
 0.629854683  -0.159854372   7.122362e-6   0.095989629   0.276641615
 0.746442168  -0.189443767   8.440727e-6   0.098680604   0.283858404
 0.863029653  -0.219033163   9.759092e-6   0.101495107   0.291067821
 0.979617139  -0.248622558   1.107746e-5   0.104441391   0.298269545
 1.096204624  -0.278211954   1.239582e-5   0.107528460   0.305463271
 1.212792110  -0.307801349   1.371419e-5   0.110766156   0.312648707
 1.329379595  -0.337390745   1.503255e-5   0.114165262   0.319825571
 1.445967081  -0.366980140   1.635092e-5   0.117737618   0.326993586
 1.562554566  -0.396569535   1.766928e-5   0.121496260   0.334152480
 1.679142051  -0.426158931   1.898765e-5   0.125455571   0.341301979
 1.795729537  -0.455748326   2.030601e-5   0.129631472   0.348441810
 1.912317022  -0.485337722   2.162438e-5   0.134041635   0.355571699
 2.028904508  -0.514927117   2.294274e-5   0.138705737   0.362691368
 2.145491993  -0.544516513   2.426111e-5   0.143645763   0.369800533
 2.262079479  -0.574105908   2.557947e-5   0.148886363   0.376898908
 2.378666964  -0.603695304   2.689784e-5   0.154455286   0.383986197
 2.495254449  -0.633284699   2.821620e-5   0.160383900   0.391062100
 2.611841935  -0.662874094   2.953457e-5   0.166707825   0.398126308
 2.728429420  -0.692463490   3.085293e-5   0.173467711   0.405178504
 2.845016906  -0.722052885   3.217130e-5   0.180710198   0.412218361
 2.961604391  -0.751642281   3.348966e-5   0.188489119   0.419245542
 3.078191877  -0.781231676   3.480803e-5   0.196867013   0.426259700
 3.194779362  -0.810821072   3.612639e-5   0.205917058   0.433260475
 3.311366847  -0.840410467   3.744476e-5   0.215725578   0.440247498
 3.427954333  -0.869999862   3.876312e-5   0.226395314   0.447220382
 3.544541818  -0.899589258   4.008149e-5   0.238049806   0.454178730
 3.661129304  -0.929178653   4.139985e-5   0.250839322   0.461122129
 3.777716789  -0.958768049   4.271822e-5   0.264949089   0.468050150
 3.894304274  -0.988357444   4.403658e-5   0.280610978   0.474962348
 4.010891760  -1.017946840   4.535495e-5   0.298120559   0.481858260
 4.127479245  -1.047536235   4.667331e-5   0.317862866   0.488737404
 4.244066731  -1.077125630   4.799167e-5   0.340352878   0.495599280
 4.360654216  -1.106715026   4.931004e-5   0.366302356   0.502443365
 4.477241702  -1.136304421   5.062840e-5   0.396737250   0.509269114
 4.593829187  -1.165893817   5.194677e-5   0.433221355   0.516075961
 4.710416672  -1.195483212   5.326513e-5   0.478332186   0.522863312
 4.827004158  -1.225072608   5.458350e-5   0.536851847   0.529630548
 4.943591643  -1.254662003   5.590186e-5   0.619664701   0.536377022
 5.060179129  -1.284251398   5.722023e-5   0.766887795   0.543102056
 5.176766614  -1.313840794   5.853859e-5   0.977954911   0.549804941
 5.293354100  -1.343430189   5.985696e-5   0.985989944   0.556484935
 5.409941585  -1.373019585   6.117532e-5   0.988492842   0.563141258
 5.526529070  -1.402608980   6.249369e-5   0.989761281   0.569773094
 5.643116556  -1.432198376   6.381205e-5   0.990526704   0.576379583
 5.759704041  -1.461787771   6.513042e-5   0.991031367   0.582959823
 5.876291527  -1.491377166   6.644878e-5   0.991381276   0.589512865
 5.992879012  -1.520966562   6.776715e-5   0.991630910   0.596037708
 6.109466497  -1.550555957   6.908551e-5   0.991811402   0.602533301
 6.226053983  -1.580145353   7.040388e-5   0.991941942   0.608998530
 6.342641468  -1.609734748   7.172224e-5   0.992035054   0.615432223
 6.459228954  -1.639324144   7.304061e-5   0.992099281   0.621833139
 6.575816439  -1.668913539   7.435897e-5   0.992140659   0.628199965
 6.692403925  -1.698502935   7.567734e-5   0.992163578   0.634531310
 6.808991410  -1.728092330   7.699570e-5   0.992171313   0.640825699
 6.925578895  -1.757681725   7.831407e-5   0.992166351   0.647081565
 7.042166381  -1.787271121   7.963243e-5   0.992150616   0.653297243
 7.158753866  -1.816860516   8.095080e-5   0.992125617   0.659470960
 7.275341352  -1.846449912   8.226916e-5   0.992092555   0.665600823
 7.391928837  -1.876039307   8.358753e-5   0.992052393   0.671684815
 7.508516323  -1.905628703   8.490589e-5   0.992005908   0.677720776
 7.625103808  -1.935218098   8.622426e-5   0.991953738   0.683706392
 7.741691293  -1.964807493   8.754262e-5   0.991896404   0.689639181
 7.858278779  -1.994396889   8.886099e-5   0.991834335   0.695516474
 7.974866264  -2.023986284   9.017935e-5   0.991767886   0.701335397
 8.091453750  -2.053575680   9.149772e-5   0.991697350   0.707092846
 8.208041235  -2.083165075   9.281608e-5   0.991622969   0.712785462
 8.324628721  -2.112754471   9.413445e-5   0.991544942   0.718409604
 8.441216206  -2.142343866   9.545281e-5   0.991463433   0.723961314
 8.557803691  -2.171933261   9.677118e-5   0.991378573   0.729436271
 8.674391177  -2.201522657   9.808954e-5   0.991290467   0.734829756
 8.790978662  -2.231112052   9.940791e-5   0.991199197   0.740136586
 8.907566148  -2.260701448   1.007263e-4   0.991104825   0.745351055
 9.024153633  -2.290290843   1.020446e-4   0.991007393   0.750466857
 9.140741118  -2.319880239   1.033630e-4   0.990906927   0.755476987
 9.257328604  -2.349469634   1.046814e-4   0.990803439   0.760373635
 9.373916089  -2.379059029   1.059997e-4   0.990696926   0.765148037
 9.490503575  -2.408648425   1.073181e-4   0.990587373   0.769790310
 9.607091060  -2.438237820   1.086365e-4   0.990474752   0.774289225
 9.723678546  -2.467827216   1.099548e-4   0.990359023   0.778631930
 9.840266031  -2.497416611   1.112732e-4   0.990240136   0.782803584
 9.956853516  -2.527006007   1.125916e-4   0.990118029   0.786786870
 10.07344100  -2.556595402   1.139099e-4   0.989992629   0.790561328
 10.19002849  -2.586184797   1.152283e-4   0.989863853   0.794102429
 10.30661597  -2.615774193   1.165467e-4   0.989731606   0.797380219
 10.42320346  -2.645363588   1.178650e-4   0.989595782   0.800357262
 10.53979094  -2.674952984   1.191834e-4   0.989456262   0.802985333
 10.65637843  -2.704542379   1.205017e-4   0.989312918   0.805199679
 10.77296591  -2.734131775   1.218201e-4   0.989165606   0.806908022
 10.88955340  -2.763721170   1.231385e-4   0.989014170   0.807966797
 11.00614089  -2.793310566   1.244568e-4   0.988858440   0.808144907
 11.12272837  -2.822899961   1.257752e-4   0.988698230   0.807257120
 11.23931586  -2.852489356   1.270936e-4   0.988533339   0.805556186
 11.35590334  -2.882078752   1.284119e-4   0.988363547   0.803270888
 11.47249083  -2.911668147   1.297303e-4   0.988188615   0.800528864
 11.58907831  -2.941257543   1.310487e-4   0.988008285   0.797412316
 11.70566580  -2.970846938   1.323670e-4   0.987822273   0.793979298
 11.82225328  -3.000436334   1.336854e-4   0.987630274   0.790273280
 11.93884077  -3.030025729   1.350038e-4   0.987431954   0.786328155
 12.05542825  -3.059615124   1.363221e-4   0.987226949   0.782171132
 12.17201574  -3.089204520   1.376405e-4   0.987014860   0.777824556
 12.28860322  -3.118793915   1.389589e-4   0.986795255   0.773307104
 12.40519071  -3.148383311   1.402772e-4   0.986567656   0.768634613
 12.52177820  -3.177972706   1.415956e-4   0.986331543   0.763820680
 12.63836568  -3.207562102   1.429139e-4   0.986086341   0.758877090
 12.75495317  -3.237151497   1.442323e-4   0.985831418   0.753814152
 12.87154065  -3.266740892   1.455507e-4   0.985566075   0.748640953
 12.98812814  -3.296330288   1.468690e-4   0.985289540   0.743365550
 13.10471562  -3.325919683   1.481874e-4   0.985000953   0.737995135
 13.22130311  -3.355509079   1.495058e-4   0.984699358   0.732536158
 13.33789059  -3.385098474   1.508241e-4   0.984383686   0.726994434
 13.45447808  -3.414687870   1.521425e-4   0.984052736   0.721375224
 13.57106556  -3.444277265   1.534609e-4   0.983705159   0.715683309
 13.68765305  -3.473866660   1.547792e-4   0.983339429   0.709923049
 13.80424054  -3.503456056   1.560976e-4   0.982953812   0.704098431
 13.92082802  -3.533045451   1.574160e-4   0.982546331   0.698213117
 14.03741551  -3.562634847   1.587343e-4   0.982114720   0.692270472
 14.15400299  -3.592224242   1.600527e-4   0.981656364   0.686273605
 14.27059048  -3.621813638   1.613711e-4   0.981168232   0.680225387
 14.38717796  -3.651403033   1.626894e-4   0.980646782   0.674128483
 14.50376545  -3.680992428   1.640078e-4   0.980087848   0.667985366
 14.62035293  -3.710581824   1.653262e-4   0.979486494   0.661798339
 14.73694042  -3.740171219   1.666445e-4   0.978836811   0.655569550
 14.85352790  -3.769760615   1.679629e-4   0.978131666   0.649301005
 14.97011539  -3.799350010   1.692812e-4   0.977362348   0.642994583
 15.08670287  -3.828939406   1.705996e-4   0.976518090   0.636652044
 15.20329036  -3.858528801   1.719180e-4   0.975585402   0.630275041
 15.31987785  -3.888118197   1.732363e-4   0.974547104   0.623865128
 15.43646533  -3.917707592   1.745547e-4   0.973380931   0.617423771
 15.55305282  -3.947296987   1.758731e-4   0.972057401   0.610952348
 15.66964030  -3.976886383   1.771914e-4   0.970536503   0.604452166
 15.78622779  -4.006475778   1.785098e-4   0.968762297   0.597924457
 15.90281527  -4.036065174   1.798282e-4   0.966653702   0.591370388
 16.01940276  -4.065654569   1.811465e-4   0.964087791   0.584791068
 16.13599024  -4.095243965   1.824649e-4   0.960867183   0.578187547
 16.25257773  -4.124833360   1.837833e-4   0.956649841   0.571560824
 16.36916521  -4.154422755   1.851016e-4   0.950776598   0.564911851
 16.48575270  -4.184012151   1.864200e-4   0.941757886   0.558241532
 16.60234019  -4.213601546   1.877384e-4   0.925196564   0.551550734
 16.71892767  -4.243190942   1.890567e-4   0.879138166   0.544840281
 16.83551516  -4.272780337   1.903751e-4   0.724610778   0.538110963
 16.95210264  -4.302369733   1.916935e-4   0.603865835   0.531363536
 17.06869013  -4.331959128   1.930118e-4   0.527082388   0.524598724
 17.18527761  -4.361548523   1.943302e-4   0.471281503   0.517817225
 17.30186510  -4.391137919   1.956485e-4   0.427739511   0.511019706
 17.41845258  -4.420727314   1.969669e-4   0.392283223   0.504206811
 17.53504007  -4.450316710   1.982853e-4   0.362575852   0.497379162
 17.65162755  -4.479906105   1.996036e-4   0.337168880   0.490537357
 17.76821504  -4.509495501   2.009220e-4   0.315098869   0.483681975
 17.88480253  -4.539084896   2.022404e-4   0.295691063   0.476813578
 18.00139001  -4.568674291   2.035587e-4   0.278453861   0.469932709
 18.11797750  -4.598263687   2.048771e-4   0.263017759   0.463039898
 18.23456498  -4.627853082   2.061955e-4   0.249097925   0.456135658
 18.35115247  -4.657442478   2.075138e-4   0.236470163   0.449220492
 18.46773995  -4.687031873   2.088322e-4   0.224954876   0.442294890
 18.58432744  -4.716621269   2.101506e-4   0.214406027   0.435359334
 18.70091492  -4.746210664   2.114689e-4   0.204703317   0.428414295
 18.81750241  -4.775800059   2.127873e-4   0.195746529   0.421460239
 18.93408989  -4.805389455   2.141057e-4   0.187451337   0.414497625
 19.05067738  -4.834978850   2.154240e-4   0.179746161   0.407526908
 19.16726486  -4.864568246   2.167424e-4   0.172569758   0.400548539
 19.28385235  -4.894157641   2.180607e-4   0.165869359   0.393562969
 19.40043984  -4.923747037   2.193791e-4   0.159599200   0.386570650
 19.51702732  -4.953336432   2.206975e-4   0.153719362   0.379572035
 19.63361481  -4.982925828   2.220158e-4   0.148194842   0.372567582
 19.75020229  -5.012515223   2.233342e-4   0.142994790   0.365557755
 19.86678978  -5.042104618   2.246526e-4   0.138091901   0.358543029
 19.98337726  -5.071694014   2.259709e-4   0.133461904   0.351523887
 20.09996475  -5.101283409   2.272893e-4   0.129083141   0.344500833
 20.21655223  -5.130872805   2.286077e-4   0.124936217   0.337474385
 20.33313972  -5.160462200   2.299260e-4   0.121003708   0.330445088
 20.44972720  -5.190051596   2.312444e-4   0.117269906   0.323413514
 20.56631469  -5.219640991   2.325628e-4   0.113720616   0.316380273
 20.68290218  -5.249230386   2.338811e-4   0.110342970   0.309346017
 20.79948966  -5.278819782   2.351995e-4   0.107125273   0.302311450
 20.91607715  -5.308409177   2.365179e-4   0.104056872   0.295277344
 21.03266463  -5.337998573   2.378362e-4   0.101128042   0.288244552
 21.14925212  -5.367587968   2.391546e-4   0.098329881   0.281214025
 21.26583960  -5.397177364   2.404730e-4   0.095654229   0.274186846
 21.38242709  -5.426766759   2.417913e-4   0.093093587   0.267164259
 21.49901457  -5.456356154   2.431097e-4   0.090641055   0.260147721
 21.61560206  -5.485945550   2.444280e-4   0.088290269   0.253138971
 21.73218954  -5.515534945   2.457464e-4   0.086035351   0.246140131
 21.84877703  -5.545124341   2.470648e-4   0.083870863   0.239153861
 21.96536451  -5.574713736   2.483831e-4   0.081791769   0.232183601
 22.08195200  -5.604303132   2.497015e-4   0.079793393   0.225233984
 22.19853949  -5.633892527   2.510199e-4   0.077871392   0.218311577
 22.31512697  -5.663481922   2.523382e-4   0.076021723   0.211426381
 22.43171446  -5.693071318   2.536566e-4   0.074240620   0.204595242
 22.54830194  -5.722660713   2.549750e-4   0.072524572   0.197851220
 22.66488943  -5.752250109   2.562933e-4   0.070870297   0.191270372
 22.78147691  -5.781839504   2.576117e-4   0.069274728   0.184998411
 22.89806440  -5.811428900   2.589301e-4   0.067734992   0.179099921
 23.01465188  -5.841018295   2.602484e-4   0.066248400   0.173561949
 23.13123937  -5.870607690   2.615668e-4   0.064812426   0.168352031
 23.24782685  -5.900197086   2.628852e-4   0.063424702   0.163438293
 23.36441434  -5.929786481   2.642035e-4   0.062082999   0.158792569
 23.48100183  -5.959375877   2.655219e-4   0.060785222   0.154390447
 23.59758931  -5.988965272   2.668403e-4   0.059529397   0.150210769
 23.71417680  -6.018554668   2.681586e-4   0.058313665   0.146235101
 23.83076428  -6.048144063   2.694770e-4   0.057136272   0.142447280
 23.94735177  -6.077733459   2.707953e-4   0.055995562   0.138833042
 24.06393925  -6.107322854   2.721137e-4   0.054889971   0.135379721
 24.18052674  -6.136912249   2.734321e-4   0.053818021   0.132076007
 24.29711422  -6.166501645   2.747504e-4   0.052778311   0.128911750
 24.41370171  -6.196091040   2.760688e-4   0.051769517   0.125877798
 24.53028919  -6.225680436   2.773872e-4   0.050790383   0.122965867
 24.64687668  -6.255269831   2.787055e-4   0.049839720   0.120168428
 24.76346417  -6.284859227   2.800239e-4   0.048916398   0.117478613
 24.88005165  -6.314448622   2.813423e-4   0.048019345   0.114890142
 24.99663914  -6.344038017   2.826606e-4   0.047147543   0.112397250
 25.11322662  -6.373627413   2.839790e-4   0.046300022   0.109994636
 25.22981411  -6.403216808   2.852974e-4   0.045475863   0.107677409
 25.34640159  -6.432806204   2.866157e-4   0.044674189   0.105441050
 25.46298908  -6.462395599   2.879341e-4   0.043894165   0.103281369
 25.57957656  -6.491984995   2.892525e-4   0.043134997   0.101194480
 25.69616405  -6.521574390   2.905708e-4   0.042395926   0.099176768
 25.81275153  -6.551163785   2.918892e-4   0.041676230   0.097224864
 25.92933902  -6.580753181   2.932075e-4   0.040975218   0.095335626
 26.04592650  -6.610342576   2.945259e-4   0.040292232   0.093506115
 26.16251399  -6.639931972   2.958443e-4   0.039626643   0.091733583
 26.27910148  -6.669521367   2.971626e-4   0.038977849   0.090015451
 26.39568896  -6.699110763   2.984810e-4   0.038345277   0.088349301
 26.51227645  -6.728700158   2.997994e-4   0.037728375   0.086732859
 26.62886393  -6.758289553   3.011177e-4   0.037126618   0.085163985
 26.74545142  -6.787878949   3.024361e-4   0.036539502   0.083640665
 26.86203890  -6.817468344   3.037545e-4   0.035966544   0.082160999
 26.97862639  -6.847057740   3.050728e-4   0.035407283   0.080723192
 27.09521387  -6.876647135   3.063912e-4   0.034861274   0.079325550
 27.21180136  -6.906236531   3.077096e-4   0.034328093   0.077966470
 27.32838884  -6.935825926   3.090279e-4   0.033807332   0.076644433
 27.44497633  -6.965415321   3.103463e-4   0.033298600   0.075358002
 27.56156382  -6.995004717   3.116647e-4   0.032801520   0.074105814
 27.67815130  -7.024594112   3.129830e-4   0.032315733   0.072886572
 27.79473879  -7.054183508   3.143014e-4   0.031840891   0.071699049
 27.91132627  -7.083772903   3.156198e-4   0.031376662   0.070542075
 28.02791376  -7.113362299   3.169381e-4   0.030922724   0.069414539
 28.14450124  -7.142951694   3.182565e-4   0.030478769   0.068315383
 28.26108873  -7.172541090   3.195748e-4   0.030044502   0.067243598
 28.37767621  -7.202130485   3.208932e-4   0.029619636   0.066198223
 28.49426370  -7.231719880   3.222116e-4   0.029203898   0.065178342
 28.61085118  -7.261309276   3.235299e-4   0.028797022   0.064183080
 28.72743867  -7.290898671   3.248483e-4   0.028398753   0.063211602
 28.84402615  -7.320488067   3.261667e-4   0.028008847   0.062263110
 28.96061364  -7.350077462   3.274850e-4   0.027627065   0.061336841
 29.07720113  -7.379666858   3.288034e-4   0.027253180   0.060432064
 29.19378861  -7.409256253   3.301218e-4   0.026886973   0.059548081
 29.31037610  -7.438845648   3.314401e-4   0.026528229   0.058684224
 29.42696358  -7.468435044   3.327585e-4   0.026176744   0.057839851
 29.54355107  -7.498024439   3.340769e-4   0.025832321   0.057014347
 29.66013855  -7.527613835   3.353952e-4   0.025494768   0.056207125
 29.77672604  -7.557203230   3.367136e-4   0.025163901   0.055417618
 29.89331352  -7.586792626   3.380320e-4   0.024839541   0.054645285
 30.00990101  -7.616382021   3.393503e-4   0.024521516   0.053889603
 30.12648849  -7.645971416   3.406687e-4   0.024209659   0.053150073
 30.24307598  -7.675560812   3.419871e-4   0.023903810   0.052426215
 30.35966347  -7.705150207   3.433054e-4   0.023603812   0.051717564
 30.47625095  -7.734739603   3.446238e-4   0.023309516   0.051023677
 30.59283844  -7.764328998   3.459421e-4   0.023020774   0.050344125
 30.70942592  -7.793918394   3.472605e-4   0.022737447   0.049678497
 30.82601341  -7.823507789   3.485789e-4   0.022459398   0.049026396
 30.94260089  -7.853097184   3.498972e-4   0.022186494   0.048387439
 31.05918838  -7.882686580   3.512156e-4   0.021918607   0.047761259
 31.17577586  -7.912275975   3.525340e-4   0.021655614   0.047147500
 31.29236335  -7.941865371   3.538523e-4   0.021397394   0.046545820
 31.40895083  -7.971454766   3.551707e-4   0.021143831   0.045955889
 31.52553832  -8.001044162   3.564891e-4   0.020894812   0.045377387
 31.64212580  -8.030633557   3.578074e-4   0.020650228   0.044810008
 31.75871329  -8.060222952   3.591258e-4   0.020409972   0.044253455
 31.87530078  -8.089812348   3.604442e-4   0.020173941   0.043707440
 31.99188826  -8.119401743   3.617625e-4   0.019942036   0.043171686
 32.10847575  -8.148991139   3.630809e-4   0.019714160   0.042645926
 32.22506323  -8.178580534   3.643993e-4   0.019490219   0.042129900
 32.34165072  -8.208169930   3.657176e-4   0.019270121   0.041623358
 32.45823820  -8.237759325   3.670360e-4   0.019053778   0.041126057
 32.57482569  -8.267348721   3.683544e-4   0.018841105   0.040637764
 32.69141317  -8.296938116   3.696727e-4   0.018632017   0.040158252
 32.80800066  -8.326527511   3.709911e-4   0.018426433   0.039687300
 32.92458814  -8.356116907   3.723094e-4   0.018224275   0.039224696
 33.04117563  -8.385706302   3.736278e-4   0.018025466   0.038770234
 33.15776312  -8.415295698   3.749462e-4   0.017829931   0.038323715
 33.27435060  -8.444885093   3.762645e-4   0.017637598   0.037884945
 33.39093809  -8.474474489   3.775829e-4   0.017448398   0.037453735
 33.50752557  -8.504063884   3.789013e-4   0.017262260   0.037029906
 33.62411306  -8.533653279   3.802196e-4   0.017079120   0.036613279
 33.74070054  -8.563242675   3.815380e-4   0.016898911   0.036203684
 33.85728803  -8.592832070   3.828564e-4   0.016721572   0.035800956
 33.97387551  -8.622421466   3.841747e-4   0.016547041   0.035404932
 34.09046300  -8.652010861   3.854931e-4   0.016375258   0.035015456
 34.20705048  -8.681600257   3.868115e-4   0.016206165   0.034632376
 34.32363797  -8.711189652   3.881298e-4   0.016039706   0.034255545
 34.44022546  -8.740779047   3.894482e-4   0.015875826   0.033884819
 34.55681294  -8.770368443   3.907666e-4   0.015714471   0.033520059
 34.67340043  -8.799957838   3.920849e-4   0.015555590   0.033161129
 34.78998791  -8.829547234   3.934033e-4   0.015399130   0.032807898
 34.90657540  -8.859136629   3.947216e-4   0.015245044   0.032460238
 35.02316288  -8.888726025   3.960400e-4   0.015093282   0.032118023
 35.13975037  -8.918315420   3.973584e-4   0.014943798   0.031781132
 35.25633785  -8.947904815   3.986767e-4   0.014796545   0.031449448
 35.37292534  -8.977494211   3.999951e-4   0.014651480   0.031122856
 35.48951282  -9.007083606   4.013135e-4   0.014508558   0.030801243
 35.60610031  -9.036673002   4.026318e-4   0.014367738   0.030484501
 35.72268779  -9.066262397   4.039502e-4   0.014228977   0.030172523
 35.83927528  -9.095851793   4.052686e-4   0.014092236   0.029865206
 35.95586277  -9.125441188   4.065869e-4   0.013957475   0.029562449
 36.07245025  -9.155030583   4.079053e-4   0.013824655   0.029264154
 36.18903774  -9.184619979   4.092237e-4   0.013693740   0.028970224
 36.30562522  -9.214209374   4.105420e-4   0.013564693   0.028680566
 36.42221271  -9.243798770   4.118604e-4   0.013437478   0.028395090
 36.53880019  -9.273388165   4.131788e-4   0.013312060   0.028113704
 36.65538768  -9.302977561   4.144971e-4   0.013188405   0.027836323
 36.77197516  -9.332566956   4.158155e-4   0.013066480   0.027562861
 36.88856265  -9.362156352   4.171339e-4   0.012946252   0.027293235
 37.00515013  -9.391745747   4.184522e-4   0.012827691   0.027027363
 37.12173762  -9.421335142   4.197706e-4   0.012710765   0.026765167
 37.23832511  -9.450924538   4.210889e-4   0.012595444   0.026506568
 37.35491259  -9.480513933   4.224073e-4   0.012481698   0.026251490
 37.47150008  -9.510103329   4.237257e-4   0.012369499   0.025999858
 37.58808756  -9.539692724   4.250440e-4   0.012258818   0.025751599
 37.70467505  -9.569282120   4.263624e-4   0.012149628   0.025506642
 37.82126253  -9.598871515   4.276808e-4   0.012041903   0.025264917
 37.93785002  -9.628460910   4.289991e-4   0.011935615   0.025026353
 38.05443750  -9.658050306   4.303175e-4   0.011830739   0.024790884
 38.17102499  -9.687639701   4.316359e-4   0.011727251   0.024558443
 38.28761247  -9.717229097   4.329542e-4   0.011625125   0.024328965
 38.40419996  -9.746818492   4.342726e-4   0.011524337   0.024102384
 38.52078744  -9.776407888   4.355910e-4   0.011424865   0.023878638
 38.63737493  -9.805997283   4.369093e-4   0.011326685   0.023657664
 38.75396242  -9.835586678   4.382277e-4   0.011229774   0.023439399
 38.87054990  -9.865176074   4.395461e-4   0.011134111   0.023223784
 38.98713739  -9.894765469   4.408644e-4   0.011039674   0.023010758
 39.10372487  -9.924354865   4.421828e-4   0.010946443   0.022800260
 39.22031236  -9.953944260   4.435012e-4   0.010854396   0.022592233
 39.33689984  -9.983533656   4.448195e-4   0.010763513   0.022386616
 39.45348733  -10.01312305   4.461379e-4   0.010673776   0.022183352
 39.57007481  -10.04271245   4.474562e-4   0.010585164   0.021982382
 39.68666230  -10.07230184   4.487746e-4   0.010497658   0.021783648
 39.80324978  -10.10189124   4.500930e-4   0.010411241   0.021587092
 39.91983727  -10.13148063   4.514113e-4   0.010325894   0.021392656
 40.03642476  -10.16107003   4.527297e-4   0.010241599   0.021200280
 40.15301224  -10.19065942   4.540481e-4   0.010158339   0.021009906
 40.26959973  -10.22024882   4.553664e-4   0.010076097   0.020821475
 40.38618721  -10.24983821   4.566848e-4   0.009994857   0.020634925
 40.50277470  -10.27942761   4.580032e-4   0.009914601   0.020450196
 40.61936218  -10.30901701   4.593215e-4   0.009835315   0.020267224
 40.73594967  -10.33860640   4.606399e-4   0.009756982   0.020085944
 40.85253715  -10.36819580   4.619583e-4   0.009679588   0.019906292
 40.96912464  -10.39778519   4.632766e-4   0.009603116   0.019728198
 41.08571212  -10.42737459   4.645950e-4   0.009527553   0.019551590
 41.20229961  -10.45696398   4.659134e-4   0.009452884   0.019376394
 41.31888709  -10.48655338   4.672317e-4   0.009379095   0.019202531
 41.43547458  -10.51614277   4.685501e-4   0.009306172   0.019029918
 41.55206207  -10.54573217   4.698684e-4   0.009234101   0.018858465
 41.66864955  -10.57532156   4.711868e-4   0.009162869   0.018688076
 41.78523704  -10.60491096   4.725052e-4   0.009092464   0.018518647
 41.90182452  -10.63450036   4.738235e-4   0.009022871   0.018350062
 42.01841201  -10.66408975   4.751419e-4   0.008954080   0.018182195
 42.13499949  -10.69367915   4.764603e-4   0.008886076   0.018014901
 42.25158698  -10.72326854   4.777786e-4   0.008818849   0.017848018
 42.36817446  -10.75285794   4.790970e-4   0.008752387   0.017681356
 42.48476195  -10.78244733   4.804154e-4   0.008686677   0.017514694
 42.60134943  -10.81203673   4.817337e-4   0.008621709   0.017347761
 42.71793692  -10.84162612   4.830521e-4   0.008557471   0.017180228
 42.83452441  -10.87121552   4.843705e-4   0.008493953   0.017011671
 42.95111189  -10.90080491   4.856888e-4   0.008431143   0.016841525
 43.06769938  -10.93039431   4.870072e-4   0.008369031   0.016668996
 43.18428686  -10.95998370   4.883256e-4   0.008307607   0.016492852
 43.30087435  -10.98957310   4.896439e-4   0.008246860   0.016310876
 43.41746183  -11.01916250   4.909623e-4   0.008186781   0.016117184
 43.53404932  -11.04875189   4.922807e-4   0.008127359   0.015905980
 43.65063680  -11.07834129   4.935990e-4   0.008068586   0.015695970
 43.76722429  -11.10793068   4.949174e-4   0.008010451   0.015487640
 43.88381177  -11.13752008   4.962357e-4   0.007952945   0.015281078
 44.00039926  -11.16710947   4.975541e-4   0.007896060   0.015076305
 44.11698675  -11.19669887   4.988725e-4   0.007839786   0.014873322
 44.23357423  -11.22628826   5.001908e-4   0.007784115   0.014672119
 44.35016172  -11.25587766   5.015092e-4   0.007729038   0.014472680
 44.46674920  -11.28546705   5.028276e-4   0.007674546   0.014274990
 44.58333669  -11.31505645   5.041459e-4   0.007620631   0.014079028
 44.69992417  -11.34464585   5.054643e-4   0.007567285   0.013884778
 44.81651166  -11.37423524   5.067827e-4   0.007514501   0.013692218
 44.93309914  -11.40382464   5.081010e-4   0.007462269   0.013501328
 45.04968663  -11.43341403   5.094194e-4   0.007410583   0.013312090
 45.16627411  -11.46300343   5.107378e-4   0.007359435   0.013124483
 45.28286160  -11.49259282   5.120561e-4   0.007308816   0.012938488
 45.39944908  -11.52218222   5.133745e-4   0.007258721   0.012754084
 45.51603657  -11.55177161   5.146929e-4   0.007209142   0.012571254
 45.63262406  -11.58136101   5.160112e-4   0.007160071   0.012389977
 45.74921154  -11.61095040   5.173296e-4   0.007111502   0.012210235
 45.86579903  -11.64053980   5.186480e-4   0.007063428   0.012032009
 45.98238651  -11.67012920   5.199663e-4   0.007015842   0.011855281
 46.09897400  -11.69971859   5.212847e-4   0.006968737   0.011680033
 46.21556148  -11.72930799   5.226030e-4   0.006922108   0.011506247
 46.33214897  -11.75889738   5.239214e-4   0.006875947   0.011333905
 46.44873645  -11.78848678   5.252398e-4   0.006830248   0.011162991
 46.56532394  -11.81807617   5.265581e-4   0.006785006   0.010993486
 46.68191142  -11.84766557   5.278765e-4   0.006740213   0.010825375
 46.79849891  -11.87725496   5.291949e-4   0.006695865   0.010658641
 46.91508640  -11.90684436   5.305132e-4   0.006651955   0.010493268
 47.03167388  -11.93643375   5.318316e-4   0.006608477   0.010329238
 47.14826137  -11.96602315   5.331500e-4   0.006565426   0.010166538
 47.26484885  -11.99561254   5.344683e-4   0.006522796   0.010005151
 47.38143634  -12.02520194   5.357867e-4   0.006480582   0.009845062
 47.49802382  -12.05479134   5.371051e-4   0.006438778   0.009686256
 47.61461131  -12.08438073   5.384234e-4   0.006397379   0.009528718
 47.73119879  -12.11397013   5.397418e-4   0.006356379   0.009372434
 47.84778628  -12.14355952   5.410602e-4   0.006315774   0.009217389
 47.96437376  -12.17314892   5.423785e-4   0.006275559   0.009063569
 48.08096125  -12.20273831   5.436969e-4   0.006235728   0.008910961
 48.19754873  -12.23232771   5.450152e-4   0.006196277   0.008759550
 48.31413622  -12.26191710   5.463336e-4   0.006157200   0.008609323
 48.43072371  -12.29150650   5.476520e-4   0.006118494   0.008460267
 48.54731119  -12.32109589   5.489703e-4   0.006080152   0.008312370
 48.66389868  -12.35068529   5.502887e-4   0.006042172   0.008165617
 48.78048616  -12.38027469   5.516071e-4   0.006004548   0.008019996
 48.89707365  -12.40986408   5.529254e-4   0.005967275   0.007875496
 49.01366113  -12.43945348   5.542438e-4   0.005930350   0.007732104
 49.13024862  -12.46904287   5.555622e-4   0.005893767   0.007589807