#XDI/1.1
# X-ray Monochromator Darwin Width from xrayweb  Wed Dec 10 08:25:13 2025
# Monochromator.xtal        : Si
# Monochromator.hkl         : 1 1 1
# Monochromator.polarization: 's'
# Monochromator.theta       : 6.095195 (deg)
# Monochromator.theta_width : 14.107166 (microrad)
# Monochromator.energy_width: 2.459868 (eV)
# Monochromator.theta_fwhm  : 14.962909 (microrad)
# Monochromator.rocking_fwhm: 19.608960 (microrad)
# Monochromator.energy_fwhm : 2.609084 (eV)
# Xray.Energy               : 18620 (eV)
# Column.1: dtheta (microrad)
# Column.2: denergy (eV)
# Column.3: zeta (delta_lambda / lambda)
# Column.4: intensity
# Column.5: rocking_curve
#---------------------
# {' '.join(array_names)}
-33.07803073   5.767820536  -3.097648e-4   0.005868208   0.007561998
-32.93695907   5.743221853  -3.084437e-4   0.005904551   0.007703574
-32.79588742   5.718623170  -3.071226e-4   0.005941234   0.007846201
-32.65481576   5.694024486  -3.058015e-4   0.005978262   0.007989892
-32.51374410   5.669425803  -3.044804e-4   0.006015638   0.008134658
-32.37267244   5.644827120  -3.031594e-4   0.006053367   0.008280510
-32.23160079   5.620228436  -3.018383e-4   0.006091454   0.008427461
-32.09052913   5.595629753  -3.005172e-4   0.006129903   0.008575521
-31.94945747   5.571031070  -2.991961e-4   0.006168718   0.008724704
-31.80838581   5.546432387  -2.978750e-4   0.006207905   0.008875022
-31.66731416   5.521833703  -2.965539e-4   0.006247468   0.009026486
-31.52624250   5.497235020  -2.952328e-4   0.006287412   0.009179111
-31.38517084   5.472636337  -2.939117e-4   0.006327742   0.009332907
-31.24409919   5.448037653  -2.925906e-4   0.006368463   0.009487889
-31.10302753   5.423438970  -2.912695e-4   0.006409580   0.009644069
-30.96195587   5.398840287  -2.899485e-4   0.006451099   0.009801461
-30.82088421   5.374241603  -2.886274e-4   0.006493023   0.009960077
-30.67981256   5.349642920  -2.873063e-4   0.006535360   0.010119931
-30.53874090   5.325044237  -2.859852e-4   0.006578114   0.010281037
-30.39766924   5.300445554  -2.846641e-4   0.006621291   0.010443409
-30.25659758   5.275846870  -2.833430e-4   0.006664896   0.010607059
-30.11552593   5.251248187  -2.820219e-4   0.006708935   0.010772002
-29.97445427   5.226649504  -2.807008e-4   0.006753414   0.010938253
-29.83338261   5.202050820  -2.793797e-4   0.006798339   0.011105824
-29.69231095   5.177452137  -2.780587e-4   0.006843716   0.011274730
-29.55123930   5.152853454  -2.767376e-4   0.006889550   0.011444984
-29.41016764   5.128254770  -2.754165e-4   0.006935849   0.011616602
-29.26909598   5.103656087  -2.740954e-4   0.006982619   0.011789597
-29.12802433   5.079057404  -2.727743e-4   0.007029865   0.011963983
-28.98695267   5.054458721  -2.714532e-4   0.007077595   0.012139774
-28.84588101   5.029860037  -2.701321e-4   0.007125814   0.012316983
-28.70480935   5.005261354  -2.688110e-4   0.007174531   0.012495624
-28.56373770   4.980662671  -2.674899e-4   0.007223751   0.012675710
-28.42266604   4.956063987  -2.661689e-4   0.007273483   0.012857252
-28.28159438   4.931465304  -2.648478e-4   0.007323732   0.013040263
-28.14052272   4.906866621  -2.635267e-4   0.007374506   0.013224753
-27.99945107   4.882267937  -2.622056e-4   0.007425812   0.013410732
-27.85837941   4.857669254  -2.608845e-4   0.007477659   0.013598209
-27.71730775   4.833070571  -2.595634e-4   0.007530053   0.013787188
-27.57623610   4.808471888  -2.582423e-4   0.007583003   0.013977673
-27.43516444   4.783873204  -2.569212e-4   0.007636516   0.014169664
-27.29409278   4.759274521  -2.556001e-4   0.007690601   0.014363154
-27.15302112   4.734675838  -2.542790e-4   0.007745265   0.014558131
-27.01194947   4.710077154  -2.529580e-4   0.007800517   0.014754568
-26.87087781   4.685478471  -2.516369e-4   0.007856366   0.014952425
-26.72980615   4.660879788  -2.503158e-4   0.007912819   0.015151632
-26.58873449   4.636281104  -2.489947e-4   0.007969887   0.015352070
-26.44766284   4.611682421  -2.476736e-4   0.008027578   0.015553528
-26.30659118   4.587083738  -2.463525e-4   0.008085900   0.015755576
-26.16551952   4.562485055  -2.450314e-4   0.008144865   0.015957154
-26.02444786   4.537886371  -2.437103e-4   0.008204480   0.016154598
-25.88337621   4.513287688  -2.423892e-4   0.008264755   0.016341506
-25.74230455   4.488689005  -2.410682e-4   0.008325701   0.016520697
-25.60123289   4.464090321  -2.397471e-4   0.008387328   0.016695154
-25.46016124   4.439491638  -2.384260e-4   0.008449645   0.016866518
-25.31908958   4.414892955  -2.371049e-4   0.008512664   0.017035802
-25.17801792   4.390294271  -2.357838e-4   0.008576394   0.017203701
-25.03694626   4.365695588  -2.344627e-4   0.008640846   0.017370720
-24.89587461   4.341096905  -2.331416e-4   0.008706033   0.017537244
-24.75480295   4.316498222  -2.318205e-4   0.008771964   0.017703584
-24.61373129   4.291899538  -2.304994e-4   0.008838651   0.017869988
-24.47265963   4.267300855  -2.291783e-4   0.008906106   0.018036670
-24.33158798   4.242702172  -2.278573e-4   0.008974341   0.018203807
-24.19051632   4.218103488  -2.265362e-4   0.009043369   0.018371557
-24.04944466   4.193504805  -2.252151e-4   0.009113200   0.018540058
-23.90837301   4.168906122  -2.238940e-4   0.009183849   0.018709432
-23.76730135   4.144307438  -2.225729e-4   0.009255327   0.018879791
-23.62622969   4.119708755  -2.212518e-4   0.009327649   0.019051237
-23.48515803   4.095110072  -2.199307e-4   0.009400827   0.019223863
-23.34408638   4.070511389  -2.186096e-4   0.009474875   0.019397757
-23.20301472   4.045912705  -2.172885e-4   0.009549807   0.019573001
-23.06194306   4.021314022  -2.159675e-4   0.009625637   0.019749672
-22.92087140   3.996715339  -2.146464e-4   0.009702380   0.019927843
-22.77979975   3.972116655  -2.133253e-4   0.009780050   0.020107586
-22.63872809   3.947517972  -2.120042e-4   0.009858663   0.020288967
-22.49765643   3.922919289  -2.106831e-4   0.009938235   0.020472053
-22.35658477   3.898320605  -2.093620e-4   0.010018780   0.020656907
-22.21551312   3.873721922  -2.080409e-4   0.010100314   0.020843591
-22.07444146   3.849123239  -2.067198e-4   0.010182856   0.021032167
-21.93336980   3.824524556  -2.053987e-4   0.010266420   0.021222694
-21.79229815   3.799925872  -2.040777e-4   0.010351024   0.021415232
-21.65122649   3.775327189  -2.027566e-4   0.010436686   0.021609840
-21.51015483   3.750728506  -2.014355e-4   0.010523423   0.021806576
-21.36908317   3.726129822  -2.001144e-4   0.010611254   0.022005497
-21.22801152   3.701531139  -1.987933e-4   0.010700197   0.022206662
-21.08693986   3.676932456  -1.974722e-4   0.010790271   0.022410130
-20.94586820   3.652333772  -1.961511e-4   0.010881496   0.022615957
-20.80479654   3.627735089  -1.948300e-4   0.010973891   0.022824203
-20.66372489   3.603136406  -1.935089e-4   0.011067477   0.023034925
-20.52265323   3.578537723  -1.921878e-4   0.011162274   0.023248185
-20.38158157   3.553939039  -1.908668e-4   0.011258303   0.023464040
-20.24050992   3.529340356  -1.895457e-4   0.011355587   0.023682551
-20.09943826   3.504741673  -1.882246e-4   0.011454147   0.023903780
-19.95836660   3.480142989  -1.869035e-4   0.011554006   0.024127787
-19.81729494   3.455544306  -1.855824e-4   0.011655187   0.024354636
-19.67622329   3.430945623  -1.842613e-4   0.011757714   0.024584391
-19.53515163   3.406346939  -1.829402e-4   0.011861610   0.024817114
-19.39407997   3.381748256  -1.816191e-4   0.011966900   0.025052873
-19.25300831   3.357149573  -1.802980e-4   0.012073611   0.025291734
-19.11193666   3.332550890  -1.789770e-4   0.012181767   0.025533764
-18.97086500   3.307952206  -1.776559e-4   0.012291395   0.025779033
-18.82979334   3.283353523  -1.763348e-4   0.012402521   0.026027611
-18.68872168   3.258754840  -1.750137e-4   0.012515175   0.026279569
-18.54765003   3.234156156  -1.736926e-4   0.012629384   0.026534982
-18.40657837   3.209557473  -1.723715e-4   0.012745177   0.026793924
-18.26550671   3.184958790  -1.710504e-4   0.012862583   0.027056470
-18.12443506   3.160360106  -1.697293e-4   0.012981634   0.027322700
-17.98336340   3.135761423  -1.684082e-4   0.013102360   0.027592692
-17.84229174   3.111162740  -1.670872e-4   0.013224793   0.027866528
-17.70122008   3.086564057  -1.657661e-4   0.013348966   0.028144292
-17.56014843   3.061965373  -1.644450e-4   0.013474912   0.028426069
-17.41907677   3.037366690  -1.631239e-4   0.013602666   0.028711946
-17.27800511   3.012768007  -1.618028e-4   0.013732262   0.029002012
-17.13693345   2.988169323  -1.604817e-4   0.013863736   0.029296360
-16.99586180   2.963570640  -1.591606e-4   0.013997126   0.029595082
-16.85479014   2.938971957  -1.578395e-4   0.014132468   0.029898276
-16.71371848   2.914373273  -1.565184e-4   0.014269803   0.030206039
-16.57264683   2.889774590  -1.551973e-4   0.014409168   0.030518473
-16.43157517   2.865175907  -1.538763e-4   0.014550606   0.030835681
-16.29050351   2.840577224  -1.525552e-4   0.014694157   0.031157771
-16.14943185   2.815978540  -1.512341e-4   0.014839865   0.031484851
-16.00836020   2.791379857  -1.499130e-4   0.014987773   0.031817033
-15.86728854   2.766781174  -1.485919e-4   0.015137926   0.032154432
-15.72621688   2.742182490  -1.472708e-4   0.015290370   0.032497168
-15.58514522   2.717583807  -1.459497e-4   0.015445154   0.032845360
-15.44407357   2.692985124  -1.446286e-4   0.015602324   0.033199136
-15.30300191   2.668386440  -1.433075e-4   0.015761932   0.033558622
-15.16193025   2.643787757  -1.419865e-4   0.015924028   0.033923951
-15.02085859   2.619189074  -1.406654e-4   0.016088665   0.034295259
-14.87978694   2.594590391  -1.393443e-4   0.016255898   0.034672685
-14.73871528   2.569991707  -1.380232e-4   0.016425780   0.035056374
-14.59764362   2.545393024  -1.367021e-4   0.016598370   0.035446473
-14.45657197   2.520794341  -1.353810e-4   0.016773725   0.035843135
-14.31550031   2.496195657  -1.340599e-4   0.016951907   0.036246516
-14.17442865   2.471596974  -1.327388e-4   0.017132976   0.036656778
-14.03335699   2.446998291  -1.314177e-4   0.017316996   0.037074089
-13.89228534   2.422399607  -1.300966e-4   0.017504032   0.037498618
-13.75121368   2.397800924  -1.287756e-4   0.017694152   0.037930544
-13.61014202   2.373202241  -1.274545e-4   0.017887425   0.038370048
-13.46907036   2.348603558  -1.261334e-4   0.018083920   0.038817319
-13.32799871   2.324004874  -1.248123e-4   0.018283712   0.039272551
-13.18692705   2.299406191  -1.234912e-4   0.018486876   0.039735944
-13.04585539   2.274807508  -1.221701e-4   0.018693488   0.040207705
-12.90478374   2.250208824  -1.208490e-4   0.018903628   0.040688046
-12.76371208   2.225610141  -1.195279e-4   0.019117378   0.041177188
-12.62264042   2.201011458  -1.182068e-4   0.019334822   0.041675360
-12.48156876   2.176412775  -1.168858e-4   0.019556047   0.042182795
-12.34049711   2.151814091  -1.155647e-4   0.019781143   0.042699737
-12.19942545   2.127215408  -1.142436e-4   0.020010201   0.043226438
-12.05835379   2.102616725  -1.129225e-4   0.020243316   0.043763156
-11.91728213   2.078018041  -1.116014e-4   0.020480586   0.044310161
-11.77621048   2.053419358  -1.102803e-4   0.020722112   0.044867731
-11.63513882   2.028820675  -1.089592e-4   0.020967997   0.045436154
-11.49406716   2.004221991  -1.076381e-4   0.021218349   0.046015727
-11.35299550   1.979623308  -1.063170e-4   0.021473278   0.046606760
-11.21192385   1.955024625  -1.049960e-4   0.021732897   0.047209572
-11.07085219   1.930425942  -1.036749e-4   0.021997325   0.047824494
-10.92978053   1.905827258  -1.023538e-4   0.022266683   0.048451871
-10.78870888   1.881228575  -1.010327e-4   0.022541096   0.049092057
-10.64763722   1.856629892  -9.971159e-5   0.022820693   0.049745424
-10.50656556   1.832031208  -9.839051e-5   0.023105607   0.050412354
-10.36549390   1.807432525  -9.706942e-5   0.023395977   0.051093245
-10.22442225   1.782833842  -9.574833e-5   0.023691945   0.051788512
-10.08335059   1.758235158  -9.442724e-5   0.023993657   0.052498584
-9.942278932   1.733636475  -9.310615e-5   0.024301268   0.053223907
-9.801207274   1.709037792  -9.178506e-5   0.024614932   0.053964945
-9.660135617   1.684439109  -9.046397e-5   0.024934814   0.054722182
-9.519063960   1.659840425  -8.914288e-5   0.025261081   0.055496120
-9.377992303   1.635241742  -8.782179e-5   0.025593908   0.056287282
-9.236920645   1.610643059  -8.650070e-5   0.025933474   0.057096213
-9.095848988   1.586044375  -8.517961e-5   0.026279966   0.057923480
-8.954777331   1.561445692  -8.385852e-5   0.026633577   0.058769675
-8.813705673   1.536847009  -8.253743e-5   0.026994508   0.059635414
-8.672634016   1.512248325  -8.121634e-5   0.027362965   0.060521343
-8.531562359   1.487649642  -7.989525e-5   0.027739163   0.061428132
-8.390490701   1.463050959  -7.857417e-5   0.028123324   0.062356483
-8.249419044   1.438452276  -7.725308e-5   0.028515680   0.063307130
-8.108347387   1.413853592  -7.593199e-5   0.028916470   0.064280840
-7.967275729   1.389254909  -7.461090e-5   0.029325942   0.065278415
-7.826204072   1.364656226  -7.328981e-5   0.029744353   0.066300693
-7.685132415   1.340057542  -7.196872e-5   0.030171972   0.067348555
-7.544060757   1.315458859  -7.064763e-5   0.030609075   0.068422921
-7.402989100   1.290860176  -6.932654e-5   0.031055953   0.069524757
-7.261917443   1.266261492  -6.800545e-5   0.031512904   0.070655078
-7.120845786   1.241662809  -6.668436e-5   0.031980240   0.071814947
-6.979774128   1.217064126  -6.536327e-5   0.032458286   0.073005482
-6.838702471   1.192465443  -6.404218e-5   0.032947378   0.074227859
-6.697630814   1.167866759  -6.272109e-5   0.033447868   0.075483315
-6.556559156   1.143268076  -6.140000e-5   0.033960121   0.076773152
-6.415487499   1.118669393  -6.007891e-5   0.034484516   0.078098743
-6.274415842   1.094070709  -5.875783e-5   0.035021451   0.079461534
-6.133344184   1.069472026  -5.743674e-5   0.035571337   0.080863055
-5.992272527   1.044873343  -5.611565e-5   0.036134606   0.082304920
-5.851200870   1.020274659  -5.479456e-5   0.036711706   0.083788834
-5.710129212   0.995675976  -5.347347e-5   0.037303104   0.085316607
-5.569057555   0.971077293  -5.215238e-5   0.037909291   0.086890152
-5.427985898   0.946478610  -5.083129e-5   0.038530776   0.088511501
-5.286914241   0.921879926  -4.951020e-5   0.039168092   0.090182810
-5.145842583   0.897281243  -4.818911e-5   0.039821797   0.091906373
-5.004770926   0.872682560  -4.686802e-5   0.040492472   0.093684630
-4.863699269   0.848083876  -4.554693e-5   0.041180728   0.095520183
-4.722627611   0.823485193  -4.422584e-5   0.041887202   0.097415809
-4.581555954   0.798886510  -4.290475e-5   0.042612562   0.099374476
-4.440484297   0.774287826  -4.158366e-5   0.043357506   0.101399360
-4.299412639   0.749689143  -4.026257e-5   0.044122770   0.103493868
-4.158340982   0.725090460  -3.894149e-5   0.044909120   0.105661657
-4.017269325   0.700491777  -3.762040e-5   0.045717363   0.107906665
-3.876197667   0.675893093  -3.629931e-5   0.046548348   0.110233134
-3.735126010   0.651294410  -3.497822e-5   0.047402961   0.112645650
-3.594054353   0.626695727  -3.365713e-5   0.048282139   0.115149177
-3.452982696   0.602097043  -3.233604e-5   0.049186864   0.117749103
-3.311911038   0.577498360  -3.101495e-5   0.050118170   0.120451294
-3.170839381   0.552899677  -2.969386e-5   0.051077146   0.123262150
-3.029767724   0.528300993  -2.837277e-5   0.052064939   0.126188678
-2.888696066   0.503702310  -2.705168e-5   0.053082757   0.129238578
-2.747624409   0.479103627  -2.573059e-5   0.054131877   0.132420341
-2.606552752   0.454504944  -2.440950e-5   0.055213646   0.135743371
-2.465481094   0.429906260  -2.308841e-5   0.056329484   0.139218131
-2.324409437   0.405307577  -2.176732e-5   0.057480896   0.142856329
-2.183337780   0.380708894  -2.044623e-5   0.058669474   0.146671139
-2.042266122   0.356110210  -1.912515e-5   0.059896900   0.150677498
-1.901194465   0.331511527  -1.780406e-5   0.061164959   0.154892472
-1.760122808   0.306912844  -1.648297e-5   0.062475545   0.159335753
-1.619051151   0.282314160  -1.516188e-5   0.063830665   0.164030328
-1.477979493   0.257715477  -1.384079e-5   0.065232454   0.169003410
-1.336907836   0.233116794  -1.251970e-5   0.066683180   0.174287784
-1.195836179   0.208518111  -1.119861e-5   0.068185259   0.179923806
-1.054764521   0.183919427  -9.877520e-6   0.069741262   0.185962368
-0.913692864   0.159320744  -8.556431e-6   0.071353932   0.192467584
-0.772621207   0.134722061  -7.235342e-6   0.073026199   0.199424185
-0.631549549   0.110123377  -5.914252e-6   0.074761191   0.206614970
-0.490477892   0.085524694  -4.593163e-6   0.076562256   0.213835449
-0.349406235   0.060926011  -3.272074e-6   0.078432980   0.221065984
-0.208334577   0.036327327  -1.950984e-6   0.080377208   0.228299755
-0.067262920   0.011728644  -6.298950e-7   0.082399070   0.235533303
 0.073808737  -0.012870039   6.911944e-7   0.084503005   0.242764530
 0.214880395  -0.037468722   2.012284e-6   0.086693793   0.249992018
 0.355952052  -0.062067406   3.333373e-6   0.088976587   0.257214733
 0.497023709  -0.086666089   4.654462e-6   0.091356951   0.264431871
 0.638095366  -0.111264772   5.975552e-6   0.093840903   0.271642786
 0.779167024  -0.135863456   7.296641e-6   0.096434961   0.278846930
 0.920238681  -0.160462139   8.617730e-6   0.099146199   0.286043830
 1.061310338  -0.185060822   9.938820e-6   0.101982306   0.293233061
 1.202381996  -0.209659506   1.125991e-5   0.104951655   0.300414239
 1.343453653  -0.234258189   1.258100e-5   0.108063386   0.307587003
 1.484525310  -0.258856872   1.390209e-5   0.111327490   0.314751015
 1.625596968  -0.283455555   1.522318e-5   0.114754919   0.321905948
 1.766668625  -0.308054239   1.654427e-5   0.118357707   0.329051487
 1.907740282  -0.332652922   1.786536e-5   0.122149101   0.336187322
 2.048811940  -0.357251605   1.918644e-5   0.126143733   0.343313147
 2.189883597  -0.381850289   2.050753e-5   0.130357800   0.350428659
 2.330955254  -0.406448972   2.182862e-5   0.134809294   0.357533551
 2.472026911  -0.431047655   2.314971e-5   0.139518257   0.364627519
 2.613098569  -0.455646339   2.447080e-5   0.144507094   0.371710252
 2.754170226  -0.480245022   2.579189e-5   0.149800946   0.378781437
 2.895241883  -0.504843705   2.711298e-5   0.155428131   0.385840753
 3.036313541  -0.529442388   2.843407e-5   0.161420683   0.392887875
 3.177385198  -0.554041072   2.975516e-5   0.167815011   0.399922469
 3.318456855  -0.578639755   3.107625e-5   0.174652698   0.406944193
 3.459528513  -0.603238438   3.239734e-5   0.181981503   0.413952697
 3.600600170  -0.627837122   3.371843e-5   0.189856605   0.420947618
 3.741671827  -0.652435805   3.503952e-5   0.198342184   0.427928584
 3.882743485  -0.677034488   3.636061e-5   0.207513435   0.434895213
 4.023815142  -0.701633172   3.768170e-5   0.217459183   0.441847107
 4.164886799  -0.726231855   3.900278e-5   0.228285325   0.448783856
 4.305958456  -0.750830538   4.032387e-5   0.240119422   0.455705037
 4.447030114  -0.775429221   4.164496e-5   0.253116961   0.462610209
 4.588101771  -0.800027905   4.296605e-5   0.267470067   0.469498916
 4.729173428  -0.824626588   4.428714e-5   0.283419919   0.476370686
 4.870245086  -0.849225271   4.560823e-5   0.301274992   0.483225027
 5.011316743  -0.873823955   4.692932e-5   0.321438748   0.490061427
 5.152388400  -0.898422638   4.825041e-5   0.344453494   0.496879355
 5.293460058  -0.923021321   4.957150e-5   0.371073462   0.503678258
 5.434531715  -0.947620005   5.089259e-5   0.402394697   0.510457558
 5.575603372  -0.972218688   5.221368e-5   0.440106421   0.517216653
 5.716675030  -0.996817371   5.353477e-5   0.487037769   0.523954916
 5.857746687  -1.021416054   5.485586e-5   0.548572941   0.530671691
 5.998818344  -1.046014738   5.617695e-5   0.637572504   0.537366292
 6.139890001  -1.070613421   5.749804e-5   0.808940988   0.544038002
 6.280961659  -1.095212104   5.881912e-5   0.971669635   0.550686072
 6.422033316  -1.119810788   6.014021e-5   0.980491559   0.557309714
 6.563104973  -1.144409471   6.146130e-5   0.983660877   0.563908104
 6.704176631  -1.169008154   6.278239e-5   0.985334898   0.570480379
 6.845248288  -1.193606838   6.410348e-5   0.986365039   0.577025628
 6.986319945  -1.218205521   6.542457e-5   0.987051676   0.583542898
 7.127391603  -1.242804204   6.674566e-5   0.987530777   0.590031184
 7.268463260  -1.267402887   6.806675e-5   0.987873736   0.596489429
 7.409534917  -1.292001571   6.938784e-5   0.988121970   0.602916518
 7.550606575  -1.316600254   7.070893e-5   0.988301293   0.609311276
 7.691678232  -1.341198937   7.203002e-5   0.988428693   0.615672460
 7.832749889  -1.365797621   7.335111e-5   0.988515837   0.621998759
 7.973821546  -1.390396304   7.467220e-5   0.988571015   0.628288783
 8.114893204  -1.414994987   7.599329e-5   0.988600286   0.634541061
 8.255964861  -1.439593671   7.731438e-5   0.988608180   0.640754030
 8.397036518  -1.464192354   7.863546e-5   0.988598154   0.646926034
 8.538108176  -1.488791037   7.995655e-5   0.988572888   0.653055309
 8.679179833  -1.513389720   8.127764e-5   0.988534490   0.659139977
 8.820251490  -1.537988404   8.259873e-5   0.988484639   0.665178036
 8.961323148  -1.562587087   8.391982e-5   0.988424683   0.671167347
 9.102394805  -1.587185770   8.524091e-5   0.988355716   0.677105623
 9.243466462  -1.611784454   8.656200e-5   0.988278631   0.682990411
 9.384538120  -1.636383137   8.788309e-5   0.988194162   0.688819082
 9.525609777  -1.660981820   8.920418e-5   0.988102913   0.694588803
 9.666681434  -1.685580503   9.052527e-5   0.988005384   0.700296527
 9.807753092  -1.710179187   9.184636e-5   0.987901987   0.705938959
 9.948824749  -1.734777870   9.316745e-5   0.987793063   0.711512535
 10.08989641  -1.759376553   9.448854e-5   0.987678892   0.717013386
 10.23096806  -1.783975237   9.580963e-5   0.987559704   0.722437305
 10.37203972  -1.808573920   9.713072e-5   0.987435683   0.727779700
 10.51311138  -1.833172603   9.845180e-5   0.987306978   0.733035547
 10.65418304  -1.857771287   9.977289e-5   0.987173701   0.738199329
 10.79525469  -1.882369970   1.010940e-4   0.987035938   0.743264966
 10.93632635  -1.906968653   1.024151e-4   0.986893748   0.748225731
 11.07739801  -1.931567336   1.037362e-4   0.986747164   0.753074147
 11.21846966  -1.956166020   1.050573e-4   0.986596201   0.757801864
 11.35954132  -1.980764703   1.063783e-4   0.986440853   0.762399508
 11.50061298  -2.005363386   1.076994e-4   0.986281094   0.766856486
 11.64168464  -2.029962070   1.090205e-4   0.986116882   0.771160747
 11.78275629  -2.054560753   1.103416e-4   0.985948157   0.775298474
 11.92382795  -2.079159436   1.116627e-4   0.985774845   0.779253678
 12.06489961  -2.103758120   1.129838e-4   0.985596853   0.783007655
 12.20597127  -2.128356803   1.143049e-4   0.985414075   0.786538251
 12.34704292  -2.152955486   1.156260e-4   0.985226387   0.789818816
 12.48811458  -2.177554169   1.169471e-4   0.985033649   0.792816682
 12.62918624  -2.202152853   1.182681e-4   0.984835706   0.795490839
 12.77025790  -2.226751536   1.195892e-4   0.984632385   0.797788187
 12.91132955  -2.251350219   1.209103e-4   0.984423496   0.799637067
 13.05240121  -2.275948903   1.222314e-4   0.984208830   0.800935249
 13.19347287  -2.300547586   1.235525e-4   0.983988157   0.801528271
 13.33454452  -2.325146269   1.248736e-4   0.983761230   0.801231733
 13.47561618  -2.349744953   1.261947e-4   0.983527775   0.800031296
 13.61668784  -2.374343636   1.275158e-4   0.983287499   0.798134454
 13.75775950  -2.398942319   1.288369e-4   0.983040079   0.795707924
 13.89883115  -2.423541002   1.301579e-4   0.982785167   0.792856500
 14.03990281  -2.448139686   1.314790e-4   0.982522383   0.789651603
 14.18097447  -2.472738369   1.328001e-4   0.982251316   0.786145282
 14.32204613  -2.497337052   1.341212e-4   0.981971517   0.782377296
 14.46311778  -2.521935736   1.354423e-4   0.981682496   0.778379069
 14.60418944  -2.546534419   1.367634e-4   0.981383723   0.774176088
 14.74526110  -2.571133102   1.380845e-4   0.981074614   0.769789441
 14.88633275  -2.595731786   1.394056e-4   0.980754534   0.765236864
 15.02740441  -2.620330469   1.407267e-4   0.980422787   0.760533476
 15.16847607  -2.644929152   1.420478e-4   0.980078609   0.755692305
 15.30954773  -2.669527835   1.433688e-4   0.979721160   0.750724687
 15.45061938  -2.694126519   1.446899e-4   0.979349514   0.745640568
 15.59169104  -2.718725202   1.460110e-4   0.978962647   0.740448735
 15.73276270  -2.743323885   1.473321e-4   0.978559427   0.735157001
 15.87383436  -2.767922569   1.486532e-4   0.978138594   0.729772354
 16.01490601  -2.792521252   1.499743e-4   0.977698747   0.724301072
 16.15597767  -2.817119935   1.512954e-4   0.977238316   0.718748825
 16.29704933  -2.841718619   1.526165e-4   0.976755542   0.713120750
 16.43812099  -2.866317302   1.539376e-4   0.976248443   0.707421526
 16.57919264  -2.890915985   1.552586e-4   0.975714777   0.701655421
 16.72026430  -2.915514668   1.565797e-4   0.975152000   0.695826347
 16.86133596  -2.940113352   1.579008e-4   0.974557205   0.689937897
 17.00240761  -2.964712035   1.592219e-4   0.973927059   0.683993382
 17.14347927  -2.989310718   1.605430e-4   0.973257714   0.677995860
 17.28455093  -3.013909402   1.618641e-4   0.972544706   0.671948161
 17.42562259  -3.038508085   1.631852e-4   0.971782817   0.665852913
 17.56669424  -3.063106768   1.645063e-4   0.970965905   0.659712558
 17.70776590  -3.087705452   1.658274e-4   0.970086681   0.653529374
 17.84883756  -3.112304135   1.671484e-4   0.969136418   0.647305484
 17.98990922  -3.136902818   1.684695e-4   0.968104566   0.641042878
 18.13098087  -3.161501501   1.697906e-4   0.966978224   0.634743418
 18.27205253  -3.186100185   1.711117e-4   0.965741430   0.628408851
 18.41312419  -3.210698868   1.724328e-4   0.964374147   0.622040821
 18.55419584  -3.235297551   1.737539e-4   0.962850820   0.615640875
 18.69526750  -3.259896235   1.750750e-4   0.961138256   0.609210473
 18.83633916  -3.284494918   1.763961e-4   0.959192410   0.602750991
 18.97741082  -3.309093601   1.777172e-4   0.956953334   0.596263733
 19.11848247  -3.333692285   1.790383e-4   0.954336952   0.589749933
 19.25955413  -3.358290968   1.803593e-4   0.951220930   0.583210760
 19.40062579  -3.382889651   1.816804e-4   0.947418944   0.576647327
 19.54169745  -3.407488334   1.830015e-4   0.942630126   0.570060690
 19.68276910  -3.432087018   1.843226e-4   0.936329524   0.563451856
 19.82384076  -3.456685701   1.856437e-4   0.927497267   0.556821783
 19.96491242  -3.481284384   1.869648e-4   0.913810906   0.550171388
 20.10598408  -3.505883068   1.882859e-4   0.888459057   0.543501547
 20.24705573  -3.530481751   1.896070e-4   0.823308618   0.536813098
 20.38812739  -3.555080434   1.909281e-4   0.688996482   0.530106846
 20.52919905  -3.579679118   1.922491e-4   0.585726450   0.523383562
 20.67027070  -3.604277801   1.935702e-4   0.515119109   0.516643990
 20.81134236  -3.628876484   1.948913e-4   0.462420613   0.509888843
 20.95241402  -3.653475167   1.962124e-4   0.420754349   0.503118810
 21.09348568  -3.678073851   1.975335e-4   0.386558894   0.496334559
 21.23455733  -3.702672534   1.988546e-4   0.357758504   0.489536734
 21.37562899  -3.727271217   2.001757e-4   0.333035369   0.482725958
 21.51670065  -3.751869901   2.014968e-4   0.311499039   0.475902840
 21.65777231  -3.776468584   2.028179e-4   0.292518865   0.469067969
 21.79884396  -3.801067267   2.041390e-4   0.275631540   0.462221921
 21.93991562  -3.825665951   2.054600e-4   0.260486580   0.455365259
 22.08098728  -3.850264634   2.067811e-4   0.246812430   0.448498533
 22.22205893  -3.874863317   2.081022e-4   0.234394449   0.441622285
 22.36313059  -3.899462000   2.094233e-4   0.223060105   0.434737046
 22.50420225  -3.924060684   2.107444e-4   0.212668689   0.427843342
 22.64527391  -3.948659367   2.120655e-4   0.203104008   0.420941692
 22.78634556  -3.973258050   2.133866e-4   0.194269051   0.414032615
 22.92741722  -3.997856734   2.147077e-4   0.186082038   0.407116623
 23.06848888  -4.022455417   2.160288e-4   0.178473437   0.400194231
 23.20956054  -4.047054100   2.173498e-4   0.171383667   0.393265956
 23.35063219  -4.071652784   2.186709e-4   0.164761321   0.386332317
 23.49170385  -4.096251467   2.199920e-4   0.158561769   0.379393841
 23.63277551  -4.120850150   2.213131e-4   0.152746035   0.372451062
 23.77384717  -4.145448833   2.226342e-4   0.147279910   0.365504529
 23.91491882  -4.170047517   2.239553e-4   0.142133219   0.358554801
 24.05599048  -4.194646200   2.252764e-4   0.137279230   0.351602458
 24.19706214  -4.219244883   2.265975e-4   0.132694165   0.344648103
 24.33813379  -4.243843567   2.279186e-4   0.128356791   0.337692364
 24.47920545  -4.268442250   2.292396e-4   0.124248081   0.330735905
 24.62027711  -4.293040933   2.305607e-4   0.120350930   0.323779425
 24.76134877  -4.317639617   2.318818e-4   0.116649913   0.316823675
 24.90242042  -4.342238300   2.332029e-4   0.113131079   0.309869459
 25.04349208  -4.366836983   2.345240e-4   0.109781776   0.302917655
 25.18456374  -4.391435666   2.358451e-4   0.106590502   0.295969219
 25.32563540  -4.416034350   2.371662e-4   0.103546775   0.289025213
 25.46670705  -4.440633033   2.384873e-4   0.100641019   0.282086823
 25.60777871  -4.465231716   2.398084e-4   0.097864469   0.275155392
 25.74885037  -4.489830400   2.411295e-4   0.095209085   0.268232460
 25.88992202  -4.514429083   2.424505e-4   0.092667477   0.261319819
 26.03099368  -4.539027766   2.437716e-4   0.090232843   0.254419586
 26.17206534  -4.563626450   2.450927e-4   0.087898905   0.247534313
 26.31313700  -4.588225133   2.464138e-4   0.085659868   0.240667142
 26.45420865  -4.612823816   2.477349e-4   0.083510365   0.233822043
 26.59528031  -4.637422499   2.490560e-4   0.081445424   0.227004192
 26.73635197  -4.662021183   2.503771e-4   0.079460431   0.220220604
 26.87742363  -4.686619866   2.516982e-4   0.077551094   0.213481280
 27.01849528  -4.711218549   2.530193e-4   0.075713423   0.206801441
 27.15956694  -4.735817233   2.543403e-4   0.073943697   0.200206338
 27.30063860  -4.760415916   2.556614e-4   0.072238445   0.193741918
 27.44171026  -4.785014599   2.569825e-4   0.070594424   0.187488021
 27.58278191  -4.809613283   2.583036e-4   0.069008601   0.181534496
 27.72385357  -4.834211966   2.596247e-4   0.067478137   0.175912215
 27.86492523  -4.858810649   2.609458e-4   0.066000372   0.170609810
 28.00599688  -4.883409332   2.622669e-4   0.064572808   0.165603331
 28.14706854  -4.908008016   2.635880e-4   0.063193101   0.160867706
 28.28814020  -4.932606699   2.649091e-4   0.061859047   0.156379721
 28.42921186  -4.957205382   2.662301e-4   0.060568572   0.152118612
 28.57028351  -4.981804066   2.675512e-4   0.059319722   0.148065970
 28.71135517  -5.006402749   2.688723e-4   0.058110657   0.144205490
 28.85242683  -5.031001432   2.701934e-4   0.056939641   0.140522688
 28.99349849  -5.055600116   2.715145e-4   0.055805033   0.137004651
 29.13457014  -5.080198799   2.728356e-4   0.054705285   0.133639816
 29.27564180  -5.104797482   2.741567e-4   0.053638932   0.130417789
 29.41671346  -5.129396165   2.754778e-4   0.052604588   0.127329186
 29.55778511  -5.153994849   2.767989e-4   0.051600941   0.124365503
 29.69885677  -5.178593532   2.781200e-4   0.050626745   0.121519011
 29.83992843  -5.203192215   2.794410e-4   0.049680823   0.118782658
 29.98100009  -5.227790899   2.807621e-4   0.048762054   0.116149990
 30.12207174  -5.252389582   2.820832e-4   0.047869376   0.113615087
 30.26314340  -5.276988265   2.834043e-4   0.047001780   0.111172501
 30.40421506  -5.301586949   2.847254e-4   0.046158305   0.108817211
 30.54528672  -5.326185632   2.860465e-4   0.045338038   0.106544574
 30.68635837  -5.350784315   2.873676e-4   0.044540111   0.104350289
 30.82743003  -5.375382998   2.886887e-4   0.043763696   0.102230367
 30.96850169  -5.399981682   2.900098e-4   0.043008004   0.100181095
 31.10957335  -5.424580365   2.913308e-4   0.042272284   0.098199018
 31.25064500  -5.449179048   2.926519e-4   0.041555818   0.096280912
 31.39171666  -5.473777732   2.939730e-4   0.040857921   0.094423763
 31.53278832  -5.498376415   2.952941e-4   0.040177942   0.092624751
 31.67385997  -5.522975098   2.966152e-4   0.039515254   0.090881235
 31.81493163  -5.547573781   2.979363e-4   0.038869263   0.089190735
 31.95600329  -5.572172465   2.992574e-4   0.038239396   0.087550920
 32.09707495  -5.596771148   3.005785e-4   0.037625109   0.085959600
 32.23814660  -5.621369831   3.018996e-4   0.037025879   0.084414712
 32.37921826  -5.645968515   3.032207e-4   0.036441206   0.082914308
 32.52028992  -5.670567198   3.045417e-4   0.035870612   0.081456553
 32.66136158  -5.695165881   3.058628e-4   0.035313636   0.080039713
 32.80243323  -5.719764565   3.071839e-4   0.034769840   0.078662146
 32.94350489  -5.744363248   3.085050e-4   0.034238800   0.077322301
 33.08457655  -5.768961931   3.098261e-4   0.033720113   0.076018706
 33.22564820  -5.793560614   3.111472e-4   0.033213389   0.074749967
 33.36671986  -5.818159298   3.124683e-4   0.032718256   0.073514760
 33.50779152  -5.842757981   3.137894e-4   0.032234354   0.072311829
 33.64886318  -5.867356664   3.151105e-4   0.031761341   0.071139980
 33.78993483  -5.891955348   3.164315e-4   0.031298884   0.069998077
 33.93100649  -5.916554031   3.177526e-4   0.030846665   0.068885038
 34.07207815  -5.941152714   3.190737e-4   0.030404379   0.067799835
 34.21314981  -5.965751398   3.203948e-4   0.029971730   0.066741485
 34.35422146  -5.990350081   3.217159e-4   0.029548435   0.065709054
 34.49529312  -6.014948764   3.230370e-4   0.029134222   0.064701648
 34.63636478  -6.039547447   3.243581e-4   0.028728827   0.063718416
 34.77743644  -6.064146131   3.256792e-4   0.028331997   0.062758542
 34.91850809  -6.088744814   3.270003e-4   0.027943488   0.061821248
 35.05957975  -6.113343497   3.283213e-4   0.027563065   0.060905789
 35.20065141  -6.137942181   3.296424e-4   0.027190501   0.060011454
 35.34172306  -6.162540864   3.309635e-4   0.026825576   0.059137560
 35.48279472  -6.187139547   3.322846e-4   0.026468080   0.058283453
 35.62386638  -6.211738231   3.336057e-4   0.026117810   0.057448507
 35.76493804  -6.236336914   3.349268e-4   0.025774567   0.056632123
 35.90600969  -6.260935597   3.362479e-4   0.025438163   0.055833724
 36.04708135  -6.285534280   3.375690e-4   0.025108414   0.055052757
 36.18815301  -6.310132964   3.388901e-4   0.024785143   0.054288691
 36.32922467  -6.334731647   3.402112e-4   0.024468177   0.053541017
 36.47029632  -6.359330330   3.415322e-4   0.024157352   0.052809246
 36.61136798  -6.383929014   3.428533e-4   0.023852508   0.052092905
 36.75243964  -6.408527697   3.441744e-4   0.023553490   0.051391543
 36.89351129  -6.433126380   3.454955e-4   0.023260147   0.050704723
 37.03458295  -6.457725064   3.468166e-4   0.022972335   0.050032026
 37.17565461  -6.482323747   3.481377e-4   0.022689914   0.049373049
 37.31672627  -6.506922430   3.494588e-4   0.022412748   0.048727402
 37.45779792  -6.531521113   3.507799e-4   0.022140705   0.048094710
 37.59886958  -6.556119797   3.521010e-4   0.021873659   0.047474613
 37.73994124  -6.580718480   3.534220e-4   0.021611485   0.046866763
 37.88101290  -6.605317163   3.547431e-4   0.021354064   0.046270823
 38.02208455  -6.629915847   3.560642e-4   0.021101280   0.045686469
 38.16315621  -6.654514530   3.573853e-4   0.020853022   0.045113389
 38.30422787  -6.679113213   3.587064e-4   0.020609180   0.044551280
 38.44529953  -6.703711897   3.600275e-4   0.020369648   0.043999851
 38.58637118  -6.728310580   3.613486e-4   0.020134325   0.043458820
 38.72744284  -6.752909263   3.626697e-4   0.019903111   0.042927915
 38.86851450  -6.777507946   3.639908e-4   0.019675910   0.042406872
 39.00958615  -6.802106630   3.653118e-4   0.019452627   0.041895438
 39.15065781  -6.826705313   3.666329e-4   0.019233173   0.041393365
 39.29172947  -6.851303996   3.679540e-4   0.019017460   0.040900416
 39.43280113  -6.875902680   3.692751e-4   0.018805401   0.040416361
 39.57387278  -6.900501363   3.705962e-4   0.018596913   0.039940976
 39.71494444  -6.925100046   3.719173e-4   0.018391916   0.039474045
 39.85601610  -6.949698730   3.732384e-4   0.018190332   0.039015359
 39.99708776  -6.974297413   3.745595e-4   0.017992084   0.038564715
 40.13815941  -6.998896096   3.758806e-4   0.017797098   0.038121917
 40.27923107  -7.023494779   3.772017e-4   0.017605302   0.037686775
 40.42030273  -7.048093463   3.785227e-4   0.017416626   0.037259103
 40.56137438  -7.072692146   3.798438e-4   0.017231002   0.036838723
 40.70244604  -7.097290829   3.811649e-4   0.017048363   0.036425462
 40.84351770  -7.121889513   3.824860e-4   0.016868646   0.036019150
 40.98458936  -7.146488196   3.838071e-4   0.016691788   0.035619624
 41.12566101  -7.171086879   3.851282e-4   0.016517727   0.035226725
 41.26673267  -7.195685563   3.864493e-4   0.016346405   0.034840300
 41.40780433  -7.220284246   3.877704e-4   0.016177763   0.034460198
 41.54887599  -7.244882929   3.890915e-4   0.016011746   0.034086274
 41.68994764  -7.269481612   3.904125e-4   0.015848298   0.033718387
 41.83101930  -7.294080296   3.917336e-4   0.015687366   0.033356398
 41.97209096  -7.318678979   3.930547e-4   0.015528899   0.033000176
 42.11316262  -7.343277662   3.943758e-4   0.015372846   0.032649589
 42.25423427  -7.367876346   3.956969e-4   0.015219157   0.032304512
 42.39530593  -7.392475029   3.970180e-4   0.015067785   0.031964821
 42.53637759  -7.417073712   3.983391e-4   0.014918683   0.031630397
 42.67744924  -7.441672396   3.996602e-4   0.014771804   0.031301123
 42.81852090  -7.466271079   4.009813e-4   0.014627106   0.030976887
 42.95959256  -7.490869762   4.023024e-4   0.014484543   0.030657577
 43.10066422  -7.515468445   4.036234e-4   0.014344075   0.030343086
 43.24173587  -7.540067129   4.049445e-4   0.014205660   0.030033310
 43.38280753  -7.564665812   4.062656e-4   0.014069257   0.029728145
 43.52387919  -7.589264495   4.075867e-4   0.013934829   0.029427493
 43.66495085  -7.613863179   4.089078e-4   0.013802335   0.029131257
 43.80602250  -7.638461862   4.102289e-4   0.013671739   0.028839341
 43.94709416  -7.663060545   4.115500e-4   0.013543005   0.028551653
 44.08816582  -7.687659229   4.128711e-4   0.013416097   0.028268103
 44.22923747  -7.712257912   4.141922e-4   0.013290980   0.027988602
 44.37030913  -7.736856595   4.155132e-4   0.013167621   0.027713065
 44.51138079  -7.761455278   4.168343e-4   0.013045987   0.027441408
 44.65245245  -7.786053962   4.181554e-4   0.012926044   0.027173548
 44.79352410  -7.810652645   4.194765e-4   0.012807762   0.026909404
 44.93459576  -7.835251328   4.207976e-4   0.012691111   0.026648899
 45.07566742  -7.859850012   4.221187e-4   0.012576059   0.026391955
 45.21673908  -7.884448695   4.234398e-4   0.012462577   0.026138496
 45.35781073  -7.909047378   4.247609e-4   0.012350637   0.025888450
 45.49888239  -7.933646062   4.260820e-4   0.012240211   0.025641743
 45.63995405  -7.958244745   4.274030e-4   0.012131272   0.025398305
 45.78102571  -7.982843428   4.287241e-4   0.012023792   0.025158066
 45.92209736  -8.007442111   4.300452e-4   0.011917746   0.024920958
 46.06316902  -8.032040795   4.313663e-4   0.011813107   0.024686914
 46.20424068  -8.056639478   4.326874e-4   0.011709851   0.024455867
 46.34531233  -8.081238161   4.340085e-4   0.011607954   0.024227753
 46.48638399  -8.105836845   4.353296e-4   0.011507391   0.024002508
 46.62745565  -8.130435528   4.366507e-4   0.011408139   0.023780068
 46.76852731  -8.155034211   4.379718e-4   0.011310176   0.023560373
 46.90959896  -8.179632895   4.392929e-4   0.011213478   0.023343361
 47.05067062  -8.204231578   4.406139e-4   0.011118025   0.023128970
 47.19174228  -8.228830261   4.419350e-4   0.011023794   0.022917142
 47.33281394  -8.253428944   4.432561e-4   0.010930765   0.022707816
 47.47388559  -8.278027628   4.445772e-4   0.010838917   0.022500935
 47.61495725  -8.302626311   4.458983e-4   0.010748230   0.022296439
 47.75602891  -8.327224994   4.472194e-4   0.010658684   0.022094271
 47.89710056  -8.351823678   4.485405e-4   0.010570261   0.021894372
 48.03817222  -8.376422361   4.498616e-4   0.010482941   0.021696684
 48.17924388  -8.401021044   4.511827e-4   0.010396707   0.021501150
 48.32031554  -8.425619728   4.525037e-4   0.010311539   0.021307712
 48.46138719  -8.450218411   4.538248e-4   0.010227421   0.021116310
 48.60245885  -8.474817094   4.551459e-4   0.010144335   0.020926887
 48.74353051  -8.499415777   4.564670e-4   0.010062264   0.020739381
 48.88460217  -8.524014461   4.577881e-4   0.009981192   0.020553734
 49.02567382  -8.548613144   4.591092e-4   0.009901102   0.020369884
 49.16674548  -8.573211827   4.604303e-4   0.009821978   0.020187766
 49.30781714  -8.597810511   4.617514e-4   0.009743806   0.020007318
 49.44888880  -8.622409194   4.630725e-4   0.009666569   0.019828472
 49.58996045  -8.647007877   4.643935e-4   0.009590252   0.019651159
 49.73103211  -8.671606561   4.657146e-4   0.009514842   0.019475307
 49.87210377  -8.696205244   4.670357e-4   0.009440323   0.019300841
 50.01317542  -8.720803927   4.683568e-4   0.009366681   0.019127682
 50.15424708  -8.745402610   4.696779e-4   0.009293904   0.018955745
 50.29531874  -8.770001294   4.709990e-4   0.009221976   0.018784939
 50.43639040  -8.794599977   4.723201e-4   0.009150885   0.018615168
 50.57746205  -8.819198660   4.736412e-4   0.009080618   0.018446324
 50.71853371  -8.843797344   4.749623e-4   0.009011163   0.018278290
 50.85960537  -8.868396027   4.762834e-4   0.008942505   0.018110937
 51.00067703  -8.892994710   4.776044e-4   0.008874635   0.017944117
 51.14174868  -8.917593394   4.789255e-4   0.008807538   0.017777664
 51.28282034  -8.942192077   4.802466e-4   0.008741204   0.017611382
 51.42389200  -8.966790760   4.815677e-4   0.008675621   0.017445041
 51.56496365  -8.991389443   4.828888e-4   0.008610777   0.017278362
 51.70603531  -9.015988127   4.842099e-4   0.008546662   0.017111000
 51.84710697  -9.040586810   4.855310e-4   0.008483265   0.016942510
 51.98817863  -9.065185493   4.868521e-4   0.008420574   0.016772295
 52.12925028  -9.089784177   4.881732e-4   0.008358579   0.016599502
 52.27032194  -9.114382860   4.894942e-4   0.008297270   0.016422786
 52.41139360  -9.138981543   4.908153e-4   0.008236637   0.016239626
 52.55246526  -9.163580227   4.921364e-4   0.008176670   0.016042462
 52.69353691  -9.188178910   4.934575e-4   0.008117359   0.015832159
 52.83460857  -9.212777593   4.947786e-4   0.008058695   0.015622963
 52.97568023  -9.237376276   4.960997e-4   0.008000667   0.015415371
 53.11675189  -9.261974960   4.974208e-4   0.007943267   0.015209499
 53.25782354  -9.286573643   4.987419e-4   0.007886486   0.015005381
 53.39889520  -9.311172326   5.000630e-4   0.007830315   0.014803026
 53.53996686  -9.335771010   5.013840e-4   0.007774745   0.014602429
 53.68103851  -9.360369693   5.027051e-4   0.007719768   0.014403578
 53.82211017  -9.384968376   5.040262e-4   0.007665374   0.014206459
 53.96318183  -9.409567059   5.053473e-4   0.007611557   0.014011056
 54.10425349  -9.434165743   5.066684e-4   0.007558306   0.013817352
 54.24532514  -9.458764426   5.079895e-4   0.007505616   0.013625327
 54.38639680  -9.483363109   5.093106e-4   0.007453478   0.013434963
 54.52746846  -9.507961793   5.106317e-4   0.007401883   0.013246241
 54.66854012  -9.532560476   5.119528e-4   0.007350825   0.013059142
 54.80961177  -9.557159159   5.132739e-4   0.007300296   0.012873648
 54.95068343  -9.581757843   5.145949e-4   0.007250289   0.012689738
 55.09175509  -9.606356526   5.159160e-4   0.007200796   0.012507394
 55.23282675  -9.630955209   5.172371e-4   0.007151811   0.012326598
 55.37389840  -9.655553892   5.185582e-4   0.007103326   0.012147331
 55.51497006  -9.680152576   5.198793e-4   0.007055335   0.011969575
 55.65604172  -9.704751259   5.212004e-4   0.007007831   0.011793313
 55.79711337  -9.729349942   5.225215e-4   0.006960808   0.011618525
 55.93818503  -9.753948626   5.238426e-4   0.006914258   0.011445195
 56.07925669  -9.778547309   5.251637e-4   0.006868176   0.011273305
 56.22032835  -9.803145992   5.264847e-4   0.006822555   0.011102839
 56.36140000  -9.827744676   5.278058e-4   0.006777389   0.010933779
 56.50247166  -9.852343359   5.291269e-4   0.006732672   0.010766109
 56.64354332  -9.876942042   5.304480e-4   0.006688398   0.010599813
 56.78461498  -9.901540725   5.317691e-4   0.006644562   0.010434875
 56.92568663  -9.926139409   5.330902e-4   0.006601157   0.010271279
 57.06675829  -9.950738092   5.344113e-4   0.006558178   0.010109010
 57.20782995  -9.975336775   5.357324e-4   0.006515618   0.009948051
 57.34890160  -9.999935459   5.370535e-4   0.006473474   0.009788389
 57.48997326  -10.02453414   5.383746e-4   0.006431739   0.009630007
 57.63104492  -10.04913283   5.396956e-4   0.006390408   0.009472893
 57.77211658  -10.07373151   5.410167e-4   0.006349476   0.009317030
 57.91318823  -10.09833019   5.423378e-4   0.006308937   0.009162406
 58.05425989  -10.12292888   5.436589e-4   0.006268787   0.009009006
 58.19533155  -10.14752756   5.449800e-4   0.006229021   0.008856817
 58.33640321  -10.17212624   5.463011e-4   0.006189634   0.008705825
 58.47747486  -10.19672493   5.476222e-4   0.006150620   0.008556016
 58.61854652  -10.22132361   5.489433e-4   0.006111976   0.008407378
 58.75961818  -10.24592229   5.502644e-4   0.006073696   0.008259899
 58.90068984  -10.27052097   5.515854e-4   0.006035776   0.008113564
 59.04176149  -10.29511966   5.529065e-4   0.005998212   0.007968363
 59.18283315  -10.31971834   5.542276e-4   0.005960998   0.007824282
 59.32390481  -10.34431702   5.555487e-4   0.005924131   0.007681310
 59.46497646  -10.36891571   5.568698e-4   0.005887607   0.007539435