#XDI/1.1
# X-ray Monochromator Darwin Width from xrayweb  Fri Dec 12 07:37:02 2025
# Monochromator.xtal        : Si
# Monochromator.hkl         : 1 1 1
# Monochromator.polarization: 's'
# Monochromator.theta       : 7.728111 (deg)
# Monochromator.theta_width : 17.990598 (microrad)
# Monochromator.energy_width: 1.949135 (eV)
# Monochromator.theta_fwhm  : 19.081911 (microrad)
# Monochromator.rocking_fwhm: 25.186838 (microrad)
# Monochromator.energy_fwhm : 2.067370 (eV)
# Xray.Energy               : 14702.53 (eV)
# Column.1: dtheta (microrad)
# Column.2: denergy (eV)
# Column.3: zeta (delta_lambda / lambda)
# Column.4: intensity
# Column.5: rocking_curve
#---------------------
# {' '.join(array_names)}
-42.14673292   4.566256764  -3.105763e-4   0.005878632   0.007517306
-41.96682693   4.546765410  -3.092505e-4   0.005915072   0.007658830
-41.78692095   4.527274055  -3.079248e-4   0.005951854   0.007801392
-41.60701497   4.507782700  -3.065991e-4   0.005988981   0.007945002
-41.42710898   4.488291346  -3.052734e-4   0.006026459   0.008089671
-41.24720300   4.468799991  -3.039477e-4   0.006064290   0.008235412
-41.06729701   4.449308637  -3.026220e-4   0.006102481   0.008382234
-40.88739103   4.429817282  -3.012963e-4   0.006141034   0.008530150
-40.70748505   4.410325927  -2.999705e-4   0.006179956   0.008679171
-40.52757906   4.390834573  -2.986448e-4   0.006219251   0.008829309
-40.34767308   4.371343218  -2.973191e-4   0.006258923   0.008980576
-40.16776709   4.351851864  -2.959934e-4   0.006298978   0.009132983
-39.98786111   4.332360509  -2.946677e-4   0.006339420   0.009286543
-39.80795513   4.312869154  -2.933420e-4   0.006380254   0.009441267
-39.62804914   4.293377800  -2.920163e-4   0.006421486   0.009597169
-39.44814316   4.273886445  -2.906905e-4   0.006463120   0.009754259
-39.26823717   4.254395091  -2.893648e-4   0.006505163   0.009912552
-39.08833119   4.234903736  -2.880391e-4   0.006547619   0.010072058
-38.90842521   4.215412381  -2.867134e-4   0.006590494   0.010232791
-38.72851922   4.195921027  -2.853877e-4   0.006633793   0.010394764
-38.54861324   4.176429672  -2.840620e-4   0.006677523   0.010557989
-38.36870725   4.156938318  -2.827363e-4   0.006721688   0.010722479
-38.18880127   4.137446963  -2.814105e-4   0.006766294   0.010888245
-38.00889529   4.117955608  -2.800848e-4   0.006811349   0.011055302
-37.82898930   4.098464254  -2.787591e-4   0.006856856   0.011223662
-37.64908332   4.078972899  -2.774334e-4   0.006902824   0.011393337
-37.46917733   4.059481545  -2.761077e-4   0.006949258   0.011564339
-37.28927135   4.039990190  -2.747820e-4   0.006996163   0.011736681
-37.10936537   4.020498836  -2.734563e-4   0.007043548   0.011910375
-36.92945938   4.001007481  -2.721305e-4   0.007091418   0.012085431
-36.74955340   3.981516126  -2.708048e-4   0.007139780   0.012261862
-36.56964741   3.962024772  -2.694791e-4   0.007188641   0.012439678
-36.38974143   3.942533417  -2.681534e-4   0.007238007   0.012618889
-36.20983545   3.923042063  -2.668277e-4   0.007287887   0.012799504
-36.02992946   3.903550708  -2.655020e-4   0.007338286   0.012981531
-35.85002348   3.884059353  -2.641763e-4   0.007389212   0.013164977
-35.67011749   3.864567999  -2.628505e-4   0.007440674   0.013349846
-35.49021151   3.845076644  -2.615248e-4   0.007492677   0.013536142
-35.31030553   3.825585290  -2.601991e-4   0.007545230   0.013723864
-35.13039954   3.806093935  -2.588734e-4   0.007598341   0.013913008
-34.95049356   3.786602580  -2.575477e-4   0.007652018   0.014103566
-34.77058757   3.767111226  -2.562220e-4   0.007706268   0.014295522
-34.59068159   3.747619871  -2.548963e-4   0.007761100   0.014488852
-34.41077561   3.728128517  -2.535705e-4   0.007816523   0.014683518
-34.23086962   3.708637162  -2.522448e-4   0.007872545   0.014879463
-34.05096364   3.689145807  -2.509191e-4   0.007929174   0.015076602
-33.87105765   3.669654453  -2.495934e-4   0.007986420   0.015274799
-33.69115167   3.650163098  -2.482677e-4   0.008044291   0.015473837
-33.51124569   3.630671744  -2.469420e-4   0.008102798   0.015673337
-33.33133970   3.611180389  -2.456163e-4   0.008161948   0.015872564
-33.15143372   3.591689034  -2.442905e-4   0.008221752   0.016069871
-32.97152773   3.572197680  -2.429648e-4   0.008282219   0.016261701
-32.79162175   3.552706325  -2.416391e-4   0.008343360   0.016445829
-32.61171577   3.533214971  -2.403134e-4   0.008405184   0.016624108
-32.43180978   3.513723616  -2.389877e-4   0.008467702   0.016798450
-32.25190380   3.494232261  -2.376620e-4   0.008530924   0.016970116
-32.07199781   3.474740907  -2.363363e-4   0.008594861   0.017139957
-31.89209183   3.455249552  -2.350105e-4   0.008659523   0.017308584
-31.71218585   3.435758198  -2.336848e-4   0.008724922   0.017476455
-31.53227986   3.416266843  -2.323591e-4   0.008791070   0.017643928
-31.35237388   3.396775489  -2.310334e-4   0.008857976   0.017811292
-31.17246789   3.377284134  -2.297077e-4   0.008925655   0.017978785
-30.99256191   3.357792779  -2.283820e-4   0.008994116   0.018146608
-30.81265593   3.338301425  -2.270563e-4   0.009063373   0.018314935
-30.63274994   3.318810070  -2.257305e-4   0.009133439   0.018483918
-30.45284396   3.299318716  -2.244048e-4   0.009204324   0.018653690
-30.27293797   3.279827361  -2.230791e-4   0.009276044   0.018824371
-30.09303199   3.260336006  -2.217534e-4   0.009348610   0.018996072
-29.91312601   3.240844652  -2.204277e-4   0.009422037   0.019168892
-29.73322002   3.221353297  -2.191020e-4   0.009496337   0.019342924
-29.55331404   3.201861943  -2.177763e-4   0.009571526   0.019518254
-29.37340805   3.182370588  -2.164505e-4   0.009647617   0.019694963
-29.19350207   3.162879233  -2.151248e-4   0.009724625   0.019873129
-29.01359609   3.143387879  -2.137991e-4   0.009802565   0.020052825
-28.83369010   3.123896524  -2.124734e-4   0.009881452   0.020234121
-28.65378412   3.104405170  -2.111477e-4   0.009961302   0.020417084
-28.47387813   3.084913815  -2.098220e-4   0.010042129   0.020601781
-28.29397215   3.065422460  -2.084963e-4   0.010123952   0.020788276
-28.11406617   3.045931106  -2.071705e-4   0.010206785   0.020976630
-27.93416018   3.026439751  -2.058448e-4   0.010290647   0.021166905
-27.75425420   3.006948397  -2.045191e-4   0.010375553   0.021359162
-27.57434821   2.987457042  -2.031934e-4   0.010461522   0.021553460
-27.39444223   2.967965687  -2.018677e-4   0.010548572   0.021749858
-27.21453625   2.948474333  -2.005420e-4   0.010636720   0.021948416
-27.03463026   2.928982978  -1.992163e-4   0.010725987   0.022149191
-26.85472428   2.909491624  -1.978905e-4   0.010816389   0.022352243
-26.67481829   2.890000269  -1.965648e-4   0.010907949   0.022557630
-26.49491231   2.870508914  -1.952391e-4   0.011000684   0.022765410
-26.31500633   2.851017560  -1.939134e-4   0.011094616   0.022975643
-26.13510034   2.831526205  -1.925877e-4   0.011189765   0.023188389
-25.95519436   2.812034851  -1.912620e-4   0.011286153   0.023403706
-25.77528837   2.792543496  -1.899363e-4   0.011383801   0.023621656
-25.59538239   2.773052141  -1.886105e-4   0.011482732   0.023842299
-25.41547641   2.753560787  -1.872848e-4   0.011582969   0.024065698
-25.23557042   2.734069432  -1.859591e-4   0.011684534   0.024291914
-25.05566444   2.714578078  -1.846334e-4   0.011787451   0.024521012
-24.87575845   2.695086723  -1.833077e-4   0.011891746   0.024753056
-24.69585247   2.675595369  -1.819820e-4   0.011997442   0.024988111
-24.51594649   2.656104014  -1.806563e-4   0.012104565   0.025226243
-24.33604050   2.636612659  -1.793305e-4   0.012213141   0.025467521
-24.15613452   2.617121305  -1.780048e-4   0.012323197   0.025712014
-23.97622853   2.597629950  -1.766791e-4   0.012434760   0.025959790
-23.79632255   2.578138596  -1.753534e-4   0.012547857   0.026210922
-23.61641657   2.558647241  -1.740277e-4   0.012662518   0.026465483
-23.43651058   2.539155886  -1.727020e-4   0.012778772   0.026723548
-23.25660460   2.519664532  -1.713763e-4   0.012896648   0.026985191
-23.07669861   2.500173177  -1.700505e-4   0.013016177   0.027250490
-22.89679263   2.480681823  -1.687248e-4   0.013137390   0.027519526
-22.71688665   2.461190468  -1.673991e-4   0.013260320   0.027792379
-22.53698066   2.441699113  -1.660734e-4   0.013384999   0.028069131
-22.35707468   2.422207759  -1.647477e-4   0.013511461   0.028349867
-22.17716869   2.402716404  -1.634220e-4   0.013639740   0.028634675
-21.99726271   2.383225050  -1.620963e-4   0.013769872   0.028923643
-21.81735673   2.363733695  -1.607705e-4   0.013901893   0.029216862
-21.63745074   2.344242340  -1.594448e-4   0.014035840   0.029514425
-21.45754476   2.324750986  -1.581191e-4   0.014171751   0.029816427
-21.27763878   2.305259631  -1.567934e-4   0.014309664   0.030122967
-21.09773279   2.285768277  -1.554677e-4   0.014449621   0.030434145
-20.91782681   2.266276922  -1.541420e-4   0.014591662   0.030750064
-20.73792082   2.246785567  -1.528163e-4   0.014735828   0.031070828
-20.55801484   2.227294213  -1.514905e-4   0.014882163   0.031396548
-20.37810886   2.207802858  -1.501648e-4   0.015030712   0.031727334
-20.19820287   2.188311504  -1.488391e-4   0.015181519   0.032063300
-20.01829689   2.168820149  -1.475134e-4   0.015334630   0.032404563
-19.83839090   2.149328794  -1.461877e-4   0.015490094   0.032751245
-19.65848492   2.129837440  -1.448620e-4   0.015647960   0.033103469
-19.47857894   2.110346085  -1.435363e-4   0.015808277   0.033461362
-19.29867295   2.090854731  -1.422105e-4   0.015971098   0.033825055
-19.11876697   2.071363376  -1.408848e-4   0.016136475   0.034194683
-18.93886098   2.051872021  -1.395591e-4   0.016304463   0.034570384
-18.75895500   2.032380667  -1.382334e-4   0.016475117   0.034952301
-18.57904902   2.012889312  -1.369077e-4   0.016648495   0.035340581
-18.39914303   1.993397958  -1.355820e-4   0.016824656   0.035735374
-18.21923705   1.973906603  -1.342563e-4   0.017003661   0.036136836
-18.03933106   1.954415249  -1.329305e-4   0.017185571   0.036545126
-17.85942508   1.934923894  -1.316048e-4   0.017370451   0.036960411
-17.67951910   1.915432539  -1.302791e-4   0.017558366   0.037382859
-17.49961311   1.895941185  -1.289534e-4   0.017749385   0.037812645
-17.31970713   1.876449830  -1.276277e-4   0.017943575   0.038249951
-17.13980114   1.856958476  -1.263020e-4   0.018141010   0.038694963
-16.95989516   1.837467121  -1.249763e-4   0.018341763   0.039147872
-16.77998918   1.817975766  -1.236505e-4   0.018545909   0.039608876
-16.60008319   1.798484412  -1.223248e-4   0.018753526   0.040078180
-16.42017721   1.778993057  -1.209991e-4   0.018964694   0.040555996
-16.24027122   1.759501703  -1.196734e-4   0.019179497   0.041042540
-16.06036524   1.740010348  -1.183477e-4   0.019398018   0.041538039
-15.88045926   1.720518993  -1.170220e-4   0.019620346   0.042042724
-15.70055327   1.701027639  -1.156963e-4   0.019846570   0.042556836
-15.52064729   1.681536284  -1.143705e-4   0.020076783   0.043080623
-15.34074130   1.662044930  -1.130448e-4   0.020311081   0.043614342
-15.16083532   1.642553575  -1.117191e-4   0.020549563   0.044158259
-14.98092934   1.623062220  -1.103934e-4   0.020792330   0.044712649
-14.80102335   1.603570866  -1.090677e-4   0.021039487   0.045277795
-14.62111737   1.584079511  -1.077420e-4   0.021291142   0.045853993
-14.44121138   1.564588157  -1.064163e-4   0.021547406   0.046441547
-14.26130540   1.545096802  -1.050905e-4   0.021808394   0.047040773
-14.08139942   1.525605447  -1.037648e-4   0.022074225   0.047651998
-13.90149343   1.506114093  -1.024391e-4   0.022345021   0.048275562
-13.72158745   1.486622738  -1.011134e-4   0.022620909   0.048911817
-13.54168146   1.467131384  -9.978768e-5   0.022902019   0.049561126
-13.36177548   1.447640029  -9.846197e-5   0.023188486   0.050223869
-13.18186950   1.428148674  -9.713625e-5   0.023480448   0.050900439
-13.00196351   1.408657320  -9.581054e-5   0.023778050   0.051591243
-12.82205753   1.389165965  -9.448482e-5   0.024081441   0.052296705
-12.64215154   1.369674611  -9.315911e-5   0.024390773   0.053017267
-12.46224556   1.350183256  -9.183340e-5   0.024706205   0.053753385
-12.28233958   1.330691901  -9.050768e-5   0.025027903   0.054505535
-12.10243359   1.311200547  -8.918197e-5   0.025356035   0.055274213
-11.92252761   1.291709192  -8.785625e-5   0.025690778   0.056059935
-11.74262162   1.272217838  -8.653054e-5   0.026032313   0.056863237
-11.56271564   1.252726483  -8.520482e-5   0.026380829   0.057684678
-11.38280966   1.233235129  -8.387911e-5   0.026736521   0.058524841
-11.20290367   1.213743774  -8.255340e-5   0.027099591   0.059384333
-11.02299769   1.194252419  -8.122768e-5   0.027470248   0.060263789
-10.84309170   1.174761065  -7.990197e-5   0.027848709   0.061163869
-10.66318572   1.155269710  -7.857625e-5   0.028235198   0.062085264
-10.48327974   1.135778356  -7.725054e-5   0.028629950   0.063028696
-10.30337375   1.116287001  -7.592482e-5   0.029033206   0.063994919
-10.12346777   1.096795646  -7.459911e-5   0.029445217   0.064984721
-9.943561784   1.077304292  -7.327340e-5   0.029866244   0.065998928
-9.763655800   1.057812937  -7.194768e-5   0.030296556   0.067038403
-9.583749816   1.038321583  -7.062197e-5   0.030736435   0.068104052
-9.403843832   1.018830228  -6.929625e-5   0.031186172   0.069196823
-9.223937848   0.999338873  -6.797054e-5   0.031646072   0.070317712
-9.044031864   0.979847519  -6.664482e-5   0.032116448   0.071467764
-8.864125880   0.960356164  -6.531911e-5   0.032597629   0.072648074
-8.684219896   0.940864810  -6.399339e-5   0.033089956   0.073859797
-8.504313912   0.921373455  -6.266768e-5   0.033593783   0.075104145
-8.324407928   0.901882100  -6.134197e-5   0.034109481   0.076382395
-8.144501944   0.882390746  -6.001625e-5   0.034637434   0.077695891
-7.964595960   0.862899391  -5.869054e-5   0.035178042   0.079046051
-7.784689976   0.843408037  -5.736482e-5   0.035731724   0.080434371
-7.604783992   0.823916682  -5.603911e-5   0.036298914   0.081862431
-7.424878008   0.804425327  -5.471339e-5   0.036880068   0.083331900
-7.244972024   0.784933973  -5.338768e-5   0.037475659   0.084844546
-7.065066040   0.765442618  -5.206197e-5   0.038086182   0.086402239
-6.885160056   0.745951264  -5.073625e-5   0.038712154   0.088006962
-6.705254072   0.726459909  -4.941054e-5   0.039354114   0.089660823
-6.525348088   0.706968554  -4.808482e-5   0.040012627   0.091366056
-6.345442104   0.687477200  -4.675911e-5   0.040688282   0.093125043
-6.165536120   0.667985845  -4.543339e-5   0.041381698   0.094940317
-5.985630136   0.648494491  -4.410768e-5   0.042093521   0.096814583
-5.805724152   0.629003136  -4.278197e-5   0.042824426   0.098750727
-5.625818168   0.609511781  -4.145625e-5   0.043575123   0.100751839
-5.445912184   0.590020427  -4.013054e-5   0.044346355   0.102821227
-5.266006200   0.570529072  -3.880482e-5   0.045138901   0.104962441
-5.086100216   0.551037718  -3.747911e-5   0.045953579   0.107179299
-4.906194232   0.531546363  -3.615339e-5   0.046791248   0.109475911
-4.726288248   0.512055009  -3.482768e-5   0.047652809   0.111856714
-4.546382264   0.492563654  -3.350197e-5   0.048539212   0.114326506
-4.366476280   0.473072299  -3.217625e-5   0.049451452   0.116890489
-4.186570296   0.453580945  -3.085054e-5   0.050390580   0.119554315
-4.006664312   0.434089590  -2.952482e-5   0.051357700   0.122324148
-3.826758328   0.414598236  -2.819911e-5   0.052353977   0.125206720
-3.646852344   0.395106881  -2.687339e-5   0.053380639   0.128209419
-3.466946360   0.375615526  -2.554768e-5   0.054438980   0.131340372
-3.287040376   0.356124172  -2.422197e-5   0.055530369   0.134608565
-3.107134392   0.336632817  -2.289625e-5   0.056656251   0.138023968
-2.927228408   0.317141463  -2.157054e-5   0.057818153   0.141597705
-2.747322424   0.297650108  -2.024482e-5   0.059017692   0.145342258
-2.567416440   0.278158753  -1.891911e-5   0.060256581   0.149271722
-2.387510456   0.258667399  -1.759339e-5   0.061536634   0.153402135
-2.207604472   0.239176044  -1.626768e-5   0.062859777   0.157751909
-2.027698488   0.219684690  -1.494197e-5   0.064228052   0.162342407
-1.847792504   0.200193335  -1.361625e-5   0.065643632   0.167198734
-1.667886520   0.180701980  -1.229054e-5   0.067108825   0.172350868
-1.487980536   0.161210626  -1.096482e-5   0.068626090   0.177835322
-1.308074552   0.141719271  -9.639108e-6   0.070198048   0.183697675
-1.128168568   0.122227917  -8.313393e-6   0.071827492   0.189996135
-0.948262584   0.102736562  -6.987679e-6   0.073517407   0.196796326
-0.768356600   0.083245207  -5.661965e-6   0.075270983   0.203864860
-0.588450616   0.063753853  -4.336250e-6   0.077091634   0.211014184
-0.408544632   0.044262498  -3.010536e-6   0.078983017   0.218189536
-0.228638648   0.024771144  -1.684822e-6   0.080949057   0.225376465
-0.048732665   0.005279789  -3.591075e-7   0.082993969   0.232568254
 0.131173319  -0.014211566   9.666068e-7   0.085122286   0.239761041
 0.311079303  -0.033702920   2.292321e-6   0.087338891   0.246952318
 0.490985287  -0.053194275   3.618035e-6   0.089649052   0.254140318
 0.670891271  -0.072685629   4.943750e-6   0.092058456   0.261323723
 0.850797255  -0.092176984   6.269464e-6   0.094573262   0.268501497
 1.030703239  -0.111668339   7.595178e-6   0.097200139   0.275672799
 1.210609223  -0.131159693   8.920893e-6   0.099946330   0.282836919
 1.390515207  -0.150651048   1.024661e-5   0.102819714   0.289993246
 1.570421191  -0.170142402   1.157232e-5   0.105828873   0.297141238
 1.750327175  -0.189633757   1.289804e-5   0.108983181   0.304280404
 1.930233159  -0.209125111   1.422375e-5   0.112292893   0.311410292
 2.110139143  -0.228616466   1.554946e-5   0.115769258   0.318530481
 2.290045127  -0.248107821   1.687518e-5   0.119424640   0.325640569
 2.469951111  -0.267599175   1.820089e-5   0.123272665   0.332740172
 2.649857095  -0.287090530   1.952661e-5   0.127328391   0.339828917
 2.829763079  -0.306581884   2.085232e-5   0.131608505   0.346906438
 3.009669063  -0.326073239   2.217804e-5   0.136131555   0.353972375
 3.189575047  -0.345564594   2.350375e-5   0.140918225   0.361026370
 3.369481031  -0.365055948   2.482946e-5   0.145991661   0.368068066
 3.549387015  -0.384547303   2.615518e-5   0.151377861   0.375097103
 3.729292999  -0.404038657   2.748089e-5   0.157106145   0.382113119
 3.909198983  -0.423530012   2.880661e-5   0.163209725   0.389115748
 4.089104967  -0.443021367   3.013232e-5   0.169726396   0.396104617
 4.269010951  -0.462512721   3.145804e-5   0.176699393   0.403079347
 4.448916935  -0.482004076   3.278375e-5   0.184178453   0.410039550
 4.628822919  -0.501495430   3.410946e-5   0.192221145   0.416984830
 4.808728903  -0.520986785   3.543518e-5   0.200894563   0.423914780
 4.988634887  -0.540478140   3.676089e-5   0.210277490   0.430828982
 5.168540871  -0.559969494   3.808661e-5   0.220463225   0.437727005
 5.348446855  -0.579460849   3.941232e-5   0.231563309   0.444608406
 5.528352839  -0.598952203   4.073804e-5   0.243712529   0.451472727
 5.708258823  -0.618443558   4.206375e-5   0.257075783   0.458319495
 5.888164807  -0.637934913   4.338947e-5   0.271857683   0.465148220
 6.068070791  -0.657426267   4.471518e-5   0.288316363   0.471958396
 6.247976775  -0.676917622   4.604089e-5   0.306783918   0.478749497
 6.427882759  -0.696408976   4.736661e-5   0.327697807   0.485520977
 6.607788743  -0.715900331   4.869232e-5   0.351651205   0.492272269
 6.787694727  -0.735391686   5.001804e-5   0.379478294   0.499002785
 6.967600711  -0.754883040   5.134375e-5   0.412409061   0.505711912
 7.147506695  -0.774374395   5.266947e-5   0.452377312   0.512399011
 7.327412679  -0.793865749   5.399518e-5   0.502717640   0.519063416
 7.507318663  -0.813357104   5.532089e-5   0.570083115   0.525704435
 7.687224647  -0.832848459   5.664661e-5   0.671903123   0.532321342
 7.867130631  -0.852339813   5.797232e-5   0.888375469   0.538913381
 8.047036615  -0.871831168   5.929804e-5   0.961029828   0.545479761
 8.226942599  -0.891322522   6.062375e-5   0.970663114   0.552019652
 8.406848583  -0.910813877   6.194947e-5   0.974758859   0.558532188
 8.586754567  -0.930305231   6.327518e-5   0.977052301   0.565016459
 8.766660551  -0.949796586   6.460089e-5   0.978505277   0.571471513
 8.946566535  -0.969287941   6.592661e-5   0.979489849   0.577896347
 9.126472519  -0.988779295   6.725232e-5   0.980183407   0.584289908
 9.306378503  -1.008270650   6.857804e-5   0.980682295   0.590651091
 9.486284487  -1.027762004   6.990375e-5   0.981043752   0.596978729
 9.666190471  -1.047253359   7.122947e-5   0.981304095   0.603271593
 9.846096455  -1.066744714   7.255518e-5   0.981487557   0.609528389
 10.02600244  -1.086236068   7.388089e-5   0.981610964   0.615747747
 10.20590842  -1.105727423   7.520661e-5   0.981686380   0.621928221
 10.38581441  -1.125218777   7.653232e-5   0.981722687   0.628068280
 10.56572039  -1.144710132   7.785804e-5   0.981726569   0.634166301
 10.74562637  -1.164201487   7.918375e-5   0.981703153   0.640220563
 10.92553236  -1.183692841   8.050947e-5   0.981656432   0.646229237
 11.10543834  -1.203184196   8.183518e-5   0.981589557   0.652190380
 11.28534433  -1.222675550   8.316089e-5   0.981505047   0.658101920
 11.46525031  -1.242166905   8.448661e-5   0.981404932   0.663961648
 11.64515629  -1.261658260   8.581232e-5   0.981290861   0.669767203
 11.82506228  -1.281149614   8.713804e-5   0.981164184   0.675516060
 12.00496826  -1.300640969   8.846375e-5   0.981026012   0.681205512
 12.18487425  -1.320132323   8.978947e-5   0.980877260   0.686832652
 12.36478023  -1.339623678   9.111518e-5   0.980718684   0.692394352
 12.54468621  -1.359115033   9.244090e-5   0.980550912   0.697887241
 12.72459220  -1.378606387   9.376661e-5   0.980374461   0.703307673
 12.90449818  -1.398097742   9.509232e-5   0.980189754   0.708651705
 13.08440417  -1.417589096   9.641804e-5   0.979997138   0.713915051
 13.26431015  -1.437080451   9.774375e-5   0.979796893   0.719093047
 13.44421613  -1.456571806   9.906947e-5   0.979589240   0.724180601
 13.62412212  -1.476063160   1.003952e-4   0.979374348   0.729172134
 13.80402810  -1.495554515   1.017209e-4   0.979152342   0.734061516
 13.98393409  -1.515045869   1.030466e-4   0.978923306   0.738841983
 14.16384007  -1.534537224   1.043723e-4   0.978687288   0.743506043
 14.34374605  -1.554028579   1.056980e-4   0.978444303   0.748045358
 14.52365204  -1.573519933   1.070238e-4   0.978194333   0.752450605
 14.70355802  -1.593011288   1.083495e-4   0.977937332   0.756711297
 14.88346401  -1.612502642   1.096752e-4   0.977673227   0.760815566
 15.06336999  -1.631993997   1.110009e-4   0.977401919   0.764749881
 15.24327597  -1.651485351   1.123266e-4   0.977123282   0.768498697
 15.42318196  -1.670976706   1.136523e-4   0.976837164   0.772043979
 15.60308794  -1.690468061   1.149780e-4   0.976543391   0.775364573
 15.78299393  -1.709959415   1.163038e-4   0.976241760   0.778435352
 15.96289991  -1.729450770   1.176295e-4   0.975932046   0.781225994
 16.14280589  -1.748942124   1.189552e-4   0.975613996   0.783699228
 16.32271188  -1.768433479   1.202809e-4   0.975287328   0.785808180
 16.50261786  -1.787924834   1.216066e-4   0.974951735   0.787492253
 16.68252385  -1.807416188   1.229323e-4   0.974606879   0.788670711
 16.86242983  -1.826907543   1.242580e-4   0.974252390   0.789234384
 17.04233581  -1.846398897   1.255838e-4   0.973887865   0.789052616
 17.22224180  -1.865890252   1.269095e-4   0.973512865   0.788079909
 17.40214778  -1.885381607   1.282352e-4   0.973126914   0.786419349
 17.58205377  -1.904872961   1.295609e-4   0.972729494   0.784205615
 17.76195975  -1.924364316   1.308866e-4   0.972320040   0.781542865
 17.94186573  -1.943855670   1.322123e-4   0.971897941   0.778506126
 18.12177172  -1.963347025   1.335380e-4   0.971462531   0.775150969
 18.30167770  -1.982838380   1.348638e-4   0.971013086   0.771520038
 18.48158369  -2.002329734   1.361895e-4   0.970548818   0.767647054
 18.66148967  -2.021821089   1.375152e-4   0.970068866   0.763559332
 18.84139565  -2.041312443   1.388409e-4   0.969572292   0.759279439
 19.02130164  -2.060803798   1.401666e-4   0.969058068   0.754826314
 19.20120762  -2.080295153   1.414923e-4   0.968525070   0.750216073
 19.38111361  -2.099786507   1.428180e-4   0.967972063   0.745462576
 19.56101959  -2.119277862   1.441438e-4   0.967397690   0.740577866
 19.74092557  -2.138769216   1.454695e-4   0.966800453   0.735572490
 19.92083156  -2.158260571   1.467952e-4   0.966178698   0.730455753
 20.10073754  -2.177751926   1.481209e-4   0.965530591   0.725235920
 20.28064353  -2.197243280   1.494466e-4   0.964854095   0.719920371
 20.46054951  -2.216734635   1.507723e-4   0.964146939   0.714515733
 20.64045549  -2.236225989   1.520980e-4   0.963406581   0.709027983
 20.82036148  -2.255717344   1.534238e-4   0.962630170   0.703462533
 21.00026746  -2.275208699   1.547495e-4   0.961814492   0.697824306
 21.18017345  -2.294700053   1.560752e-4   0.960955909   0.692117794
 21.36007943  -2.314191408   1.574009e-4   0.960050288   0.686347108
 21.53998541  -2.333682762   1.587266e-4   0.959092908   0.680516025
 21.71989140  -2.353174117   1.600523e-4   0.958078346   0.674628022
 21.89979738  -2.372665471   1.613780e-4   0.957000343   0.668686310
 22.07970337  -2.392156826   1.627038e-4   0.955851625   0.662693861
 22.25960935  -2.411648181   1.640295e-4   0.954623684   0.656653434
 22.43951533  -2.431139535   1.653552e-4   0.953306494   0.650567592
 22.61942132  -2.450630890   1.666809e-4   0.951888142   0.644438725
 22.79932730  -2.470122244   1.680066e-4   0.950354349   0.638269065
 22.97923329  -2.489613599   1.693323e-4   0.948687824   0.632060699
 23.15913927  -2.509104954   1.706580e-4   0.946867394   0.625815585
 23.33904525  -2.528596308   1.719838e-4   0.944866810   0.619535558
 23.51895124  -2.548087663   1.733095e-4   0.942653060   0.613222348
 23.69885722  -2.567579017   1.746352e-4   0.940183953   0.606877583
 23.87876321  -2.587070372   1.759609e-4   0.937404548   0.600502799
 24.05866919  -2.606561727   1.772866e-4   0.934241737   0.594099447
 24.23857517  -2.626053081   1.786123e-4   0.930595725   0.587668905
 24.41848116  -2.645544436   1.799380e-4   0.926326066   0.581212474
 24.59838714  -2.665035790   1.812638e-4   0.921227667   0.574731393
 24.77829313  -2.684527145   1.825895e-4   0.914986993   0.568226840
 24.95819911  -2.704018500   1.839152e-4   0.907096123   0.561699937
 25.13810509  -2.723509854   1.852409e-4   0.896667840   0.555151752
 25.31801108  -2.743001209   1.865666e-4   0.881988493   0.548583309
 25.49791706  -2.762492563   1.878923e-4   0.859271955   0.541995586
 25.67782305  -2.781983918   1.892180e-4   0.818819866   0.535389522
 25.85772903  -2.801475273   1.905438e-4   0.740332263   0.528766015
 26.03763501  -2.820966627   1.918695e-4   0.638274233   0.522125932
 26.21754100  -2.840457982   1.931952e-4   0.556382717   0.515470108
 26.39744698  -2.859949336   1.945209e-4   0.495135787   0.508799346
 26.57735297  -2.879440691   1.958466e-4   0.447465102   0.502114424
 26.75725895  -2.898932046   1.971723e-4   0.408916639   0.495416097
 26.93716493  -2.918423400   1.984980e-4   0.376840592   0.488705094
 27.11707092  -2.937914755   1.998238e-4   0.349573239   0.481982127
 27.29697690  -2.957406109   2.011495e-4   0.326009313   0.475247888
 27.47688289  -2.976897464   2.024752e-4   0.305379077   0.468503054
 27.65678887  -2.996388819   2.038009e-4   0.287125571   0.461748286
 27.83669485  -3.015880173   2.051266e-4   0.270833065   0.454984234
 28.01660084  -3.035371528   2.064523e-4   0.256183190   0.448211536
 28.19650682  -3.054862882   2.077780e-4   0.242926867   0.441430823
 28.37641281  -3.074354237   2.091038e-4   0.230865670   0.434642718
 28.55631879  -3.093845591   2.104295e-4   0.219839055   0.427847839
 28.73622477  -3.113336946   2.117552e-4   0.209715376   0.421046800
 28.91613076  -3.132828301   2.130809e-4   0.200385416   0.414240217
 29.09603674  -3.152319655   2.144066e-4   0.191757623   0.407428703
 29.27594273  -3.171811010   2.157323e-4   0.183754550   0.400612879
 29.45584871  -3.191302364   2.170580e-4   0.176310145   0.393793367
 29.63575469  -3.210793719   2.183838e-4   0.169367658   0.386970800
 29.81566068  -3.230285074   2.197095e-4   0.162878004   0.380145823
 29.99556666  -3.249776428   2.210352e-4   0.156798476   0.373319093
 30.17547265  -3.269267783   2.223609e-4   0.151091707   0.366491286
 30.35537863  -3.288759137   2.236866e-4   0.145724840   0.359663099
 30.53528461  -3.308250492   2.250123e-4   0.140668845   0.352835254
 30.71519060  -3.327741847   2.263380e-4   0.135897968   0.346008506
 30.89509658  -3.347233201   2.276638e-4   0.131389269   0.339183644
 31.07500257  -3.366724556   2.289895e-4   0.127122236   0.332361502
 31.25490855  -3.386215910   2.303152e-4   0.123078469   0.325542963
 31.43481453  -3.405707265   2.316409e-4   0.119241409   0.318728973
 31.61472052  -3.425198620   2.329666e-4   0.115596106   0.311920545
 31.79462650  -3.444689974   2.342923e-4   0.112129028   0.305118778
 31.97453249  -3.464181329   2.356180e-4   0.108827891   0.298324870
 32.15443847  -3.483672683   2.369438e-4   0.105681520   0.291540141
 32.33434445  -3.503164038   2.382695e-4   0.102679721   0.284766051
 32.51425044  -3.522655393   2.395952e-4   0.099813176   0.278004238
 32.69415642  -3.542146747   2.409209e-4   0.097073350   0.271256553
 32.87406241  -3.561638102   2.422466e-4   0.094452407   0.264525111
 33.05396839  -3.581129456   2.435723e-4   0.091943144   0.257812363
 33.23387437  -3.600620811   2.448980e-4   0.089538923   0.251121182
 33.41378036  -3.620112166   2.462238e-4   0.087233618   0.244454989
 33.59368634  -3.639603520   2.475495e-4   0.085021566   0.237817932
 33.77359233  -3.659094875   2.488752e-4   0.082897526   0.231215142
 33.95349831  -3.678586229   2.502009e-4   0.080856637   0.224653110
 34.13340429  -3.698077584   2.515266e-4   0.078894384   0.218140287
 34.31331028  -3.717568939   2.528523e-4   0.077006570   0.211688028
 34.49321626  -3.737060293   2.541780e-4   0.075189288   0.205312163
 34.67312225  -3.756551648   2.555038e-4   0.073438895   0.199035586
 34.85302823  -3.776043002   2.568295e-4   0.071751989   0.192891994
 35.03293421  -3.795534357   2.581552e-4   0.070125393   0.186928194
 35.21284020  -3.815025711   2.594809e-4   0.068556134   0.181195242
 35.39274618  -3.834517066   2.608066e-4   0.067041428   0.175727649
 35.57265216  -3.854008421   2.621323e-4   0.065578664   0.170533981
 35.75255815  -3.873499775   2.634580e-4   0.064165392   0.165605989
 35.93246413  -3.892991130   2.647838e-4   0.062799310   0.160928455
 36.11237012  -3.912482484   2.661095e-4   0.061478255   0.156484299
 36.29227610  -3.931973839   2.674352e-4   0.060200189   0.152256703
 36.47218208  -3.951465194   2.687609e-4   0.058963194   0.148229908
 36.65208807  -3.970956548   2.700866e-4   0.057765461   0.144389447
 36.83199405  -3.990447903   2.714123e-4   0.056605282   0.140722153
 37.01190004  -4.009939257   2.727380e-4   0.055481046   0.137216082
 37.19180602  -4.029430612   2.740638e-4   0.054391229   0.133860397
 37.37171200  -4.048921967   2.753895e-4   0.053334391   0.130645257
 37.55161799  -4.068413321   2.767152e-4   0.052309167   0.127561709
 37.73152397  -4.087904676   2.780409e-4   0.051314266   0.124601591
 37.91142996  -4.107396030   2.793666e-4   0.050348464   0.121757440
 38.09133594  -4.126887385   2.806923e-4   0.049410599   0.119022420
 38.27124192  -4.146378740   2.820180e-4   0.048499570   0.116390255
 38.45114791  -4.165870094   2.833438e-4   0.047614329   0.113855168
 38.63105389  -4.185361449   2.846695e-4   0.046753882   0.111411828
 38.81095988  -4.204852803   2.859952e-4   0.045917284   0.109055312
 38.99086586  -4.224344158   2.873209e-4   0.045103634   0.106781058
 39.17077184  -4.243835513   2.886466e-4   0.044312077   0.104584833
 39.35067783  -4.263326867   2.899723e-4   0.043541796   0.102462704
 39.53058381  -4.282818222   2.912980e-4   0.042792013   0.100411008
 39.71048980  -4.302309576   2.926238e-4   0.042061988   0.098426329
 39.89039578  -4.321800931   2.939495e-4   0.041351014   0.096505477
 40.07030176  -4.341292286   2.952752e-4   0.040658414   0.094645468
 40.25020775  -4.360783640   2.966009e-4   0.039983545   0.092843506
 40.43011373  -4.380274995   2.979266e-4   0.039325790   0.091096972
 40.61001972  -4.399766349   2.992523e-4   0.038684561   0.089403402
 40.78992570  -4.419257704   3.005780e-4   0.038059295   0.087760483
 40.96983168  -4.438749059   3.019038e-4   0.037449454   0.086166037
 41.14973767  -4.458240413   3.032295e-4   0.036854520   0.084618010
 41.32964365  -4.477731768   3.045552e-4   0.036274001   0.083114467
 41.50954964  -4.497223122   3.058809e-4   0.035707424   0.081653580
 41.68945562  -4.516714477   3.072066e-4   0.035154335   0.080233621
 41.86936160  -4.536205831   3.085323e-4   0.034614300   0.078852955
 42.04926759  -4.555697186   3.098580e-4   0.034086902   0.077510034
 42.22917357  -4.575188541   3.111838e-4   0.033571741   0.076203392
 42.40907956  -4.594679895   3.125095e-4   0.033068432   0.074931638
 42.58898554  -4.614171250   3.138352e-4   0.032576607   0.073693452
 42.76889152  -4.633662604   3.151609e-4   0.032095913   0.072487578
 42.94879751  -4.653153959   3.164866e-4   0.031626007   0.071312826
 43.12870349  -4.672645314   3.178123e-4   0.031166565   0.070168061
 43.30860948  -4.692136668   3.191380e-4   0.030717269   0.069052202
 43.48851546  -4.711628023   3.204638e-4   0.030277819   0.067964222
 43.66842144  -4.731119377   3.217895e-4   0.029847923   0.066903139
 43.84832743  -4.750610732   3.231152e-4   0.029427300   0.065868020
 44.02823341  -4.770102087   3.244409e-4   0.029015680   0.064857970
 44.20813940  -4.789593441   3.257666e-4   0.028612803   0.063872139
 44.38804538  -4.809084796   3.270923e-4   0.028218420   0.062909710
 44.56795136  -4.828576150   3.284180e-4   0.027832288   0.061969907
 44.74785735  -4.848067505   3.297438e-4   0.027454174   0.061051984
 44.92776333  -4.867558860   3.310695e-4   0.027083855   0.060155228
 45.10766932  -4.887050214   3.323952e-4   0.026721113   0.059278957
 45.28757530  -4.906541569   3.337209e-4   0.026365740   0.058422518
 45.46748128  -4.926032923   3.350466e-4   0.026017534   0.057585282
 45.64738727  -4.945524278   3.363723e-4   0.025676299   0.056766650
 45.82729325  -4.965015633   3.376980e-4   0.025341849   0.055966045
 46.00719924  -4.984506987   3.390238e-4   0.025014002   0.055182913
 46.18710522  -5.003998342   3.403495e-4   0.024692581   0.054416724
 46.36701120  -5.023489696   3.416752e-4   0.024377418   0.053666966
 46.54691719  -5.042981051   3.430009e-4   0.024068348   0.052933149
 46.72682317  -5.062472406   3.443266e-4   0.023765214   0.052214802
 46.90672916  -5.081963760   3.456523e-4   0.023467860   0.051511471
 47.08663514  -5.101455115   3.469780e-4   0.023176140   0.050822720
 47.26654112  -5.120946469   3.483038e-4   0.022889909   0.050148128
 47.44644711  -5.140437824   3.496295e-4   0.022609029   0.049487291
 47.62635309  -5.159929179   3.509552e-4   0.022333365   0.048839820
 47.80625908  -5.179420533   3.522809e-4   0.022062787   0.048205338
 47.98616506  -5.198911888   3.536066e-4   0.021797169   0.047583485
 48.16607104  -5.218403242   3.549323e-4   0.021536388   0.046973911
 48.34597703  -5.237894597   3.562580e-4   0.021280326   0.046376279
 48.52588301  -5.257385951   3.575838e-4   0.021028868   0.045790265
 48.70578900  -5.276877306   3.589095e-4   0.020781904   0.045215555
 48.88569498  -5.296368661   3.602352e-4   0.020539325   0.044651847
 49.06560096  -5.315860015   3.615609e-4   0.020301026   0.044098848
 49.24550695  -5.335351370   3.628866e-4   0.020066906   0.043556276
 49.42541293  -5.354842724   3.642123e-4   0.019836867   0.043023858
 49.60531892  -5.374334079   3.655380e-4   0.019610813   0.042501330
 49.78522490  -5.393825434   3.668638e-4   0.019388652   0.041988437
 49.96513088  -5.413316788   3.681895e-4   0.019170293   0.041484932
 50.14503687  -5.432808143   3.695152e-4   0.018955649   0.040990576
 50.32494285  -5.452299497   3.708409e-4   0.018744636   0.040505139
 50.50484884  -5.471790852   3.721666e-4   0.018537170   0.040028397
 50.68475482  -5.491282207   3.734923e-4   0.018333172   0.039560133
 50.86466080  -5.510773561   3.748180e-4   0.018132563   0.039100137
 51.04456679  -5.530264916   3.761438e-4   0.017935270   0.038648206
 51.22447277  -5.549756270   3.774695e-4   0.017741217   0.038204143
 51.40437876  -5.569247625   3.787952e-4   0.017550333   0.037767757
 51.58428474  -5.588738980   3.801209e-4   0.017362550   0.037338864
 51.76419072  -5.608230334   3.814466e-4   0.017177799   0.036917283
 51.94409671  -5.627721689   3.827723e-4   0.016996015   0.036502840
 52.12400269  -5.647213043   3.840980e-4   0.016817134   0.036095367
 52.30390868  -5.666704398   3.854238e-4   0.016641094   0.035694699
 52.48381466  -5.686195753   3.867495e-4   0.016467834   0.035300677
 52.66372064  -5.705687107   3.880752e-4   0.016297295   0.034913146
 52.84362663  -5.725178462   3.894009e-4   0.016129420   0.034531957
 53.02353261  -5.744669816   3.907266e-4   0.015964154   0.034156963
 53.20343860  -5.764161171   3.920523e-4   0.015801442   0.033788022
 53.38334458  -5.783652526   3.933780e-4   0.015641230   0.033424998
 53.56325056  -5.803143880   3.947038e-4   0.015483469   0.033067755
 53.74315655  -5.822635235   3.960295e-4   0.015328106   0.032716163
 53.92306253  -5.842126589   3.973552e-4   0.015175094   0.032370097
 54.10296852  -5.861617944   3.986809e-4   0.015024385   0.032029431
 54.28287450  -5.881109299   4.000066e-4   0.014875932   0.031694047
 54.46278048  -5.900600653   4.013323e-4   0.014729691   0.031363828
 54.64268647  -5.920092008   4.026580e-4   0.014585616   0.031038659
 54.82259245  -5.939583362   4.039838e-4   0.014443665   0.030718430
 55.00249844  -5.959074717   4.053095e-4   0.014303797   0.030403034
 55.18240442  -5.978566071   4.066352e-4   0.014165969   0.030092364
 55.36231040  -5.998057426   4.079609e-4   0.014030143   0.029786318
 55.54221639  -6.017548781   4.092866e-4   0.013896279   0.029484797
 55.72212237  -6.037040135   4.106123e-4   0.013764340   0.029187703
 55.90202836  -6.056531490   4.119380e-4   0.013634287   0.028894940
 56.08193434  -6.076022844   4.132638e-4   0.013506086   0.028606416
 56.26184032  -6.095514199   4.145895e-4   0.013379701   0.028322041
 56.44174631  -6.115005554   4.159152e-4   0.013255098   0.028041725
 56.62165229  -6.134496908   4.172409e-4   0.013132242   0.027765383
 56.80155828  -6.153988263   4.185666e-4   0.013011101   0.027492930
 56.98146426  -6.173479617   4.198923e-4   0.012891643   0.027224283
 57.16137024  -6.192970972   4.212180e-4   0.012773837   0.026959361
 57.34127623  -6.212462327   4.225438e-4   0.012657652   0.026698086
 57.52118221  -6.231953681   4.238695e-4   0.012543058   0.026440381
 57.70108820  -6.251445036   4.251952e-4   0.012430026   0.026186169
 57.88099418  -6.270936390   4.265209e-4   0.012318528   0.025935376
 58.06090016  -6.290427745   4.278466e-4   0.012208536   0.025687930
 58.24080615  -6.309919100   4.291723e-4   0.012100022   0.025443759
 58.42071213  -6.329410454   4.304980e-4   0.011992960   0.025202794
 58.60061812  -6.348901809   4.318238e-4   0.011887324   0.024964965
 58.78052410  -6.368393163   4.331495e-4   0.011783089   0.024730206
 58.96043008  -6.387884518   4.344752e-4   0.011680229   0.024498450
 59.14033607  -6.407375873   4.358009e-4   0.011578721   0.024269631
 59.32024205  -6.426867227   4.371266e-4   0.011478541   0.024043685
 59.50014804  -6.446358582   4.384523e-4   0.011379664   0.023820550
 59.68005402  -6.465849936   4.397780e-4   0.011282070   0.023600162
 59.85996000  -6.485341291   4.411038e-4   0.011185735   0.023382460
 60.03986599  -6.504832646   4.424295e-4   0.011090638   0.023167383
 60.21977197  -6.524324000   4.437552e-4   0.010996757   0.022954870
 60.39967796  -6.543815355   4.450809e-4   0.010904073   0.022744862
 60.57958394  -6.563306709   4.464066e-4   0.010812563   0.022537299
 60.75948992  -6.582798064   4.477323e-4   0.010722209   0.022332123
 60.93939591  -6.602289419   4.490580e-4   0.010632990   0.022129274
 61.11930189  -6.621780773   4.503838e-4   0.010544889   0.021928694
 61.29920788  -6.641272128   4.517095e-4   0.010457885   0.021730325
 61.47911386  -6.660763482   4.530352e-4   0.010371962   0.021534107
 61.65901984  -6.680254837   4.543609e-4   0.010287100   0.021339983
 61.83892583  -6.699746191   4.556866e-4   0.010203282   0.021147892
 62.01883181  -6.719237546   4.570123e-4   0.010120492   0.020957775
 62.19873780  -6.738728901   4.583380e-4   0.010038712   0.020769571
 62.37864378  -6.758220255   4.596638e-4   0.009957926   0.020583220
 62.55854976  -6.777711610   4.609895e-4   0.009878118   0.020398657
 62.73845575  -6.797202964   4.623152e-4   0.009799271   0.020215820
 62.91836173  -6.816694319   4.636409e-4   0.009721371   0.020034642
 63.09826772  -6.836185674   4.649666e-4   0.009644402   0.019855056
 63.27817370  -6.855677028   4.662923e-4   0.009568349   0.019676990
 63.45807968  -6.875168383   4.676180e-4   0.009493199   0.019500370
 63.63798567  -6.894659737   4.689438e-4   0.009418935   0.019325121
 63.81789165  -6.914151092   4.702695e-4   0.009345545   0.019151158
 63.99779763  -6.933642447   4.715952e-4   0.009273015   0.018978396
 64.17770362  -6.953133801   4.729209e-4   0.009201331   0.018806740
 64.35760960  -6.972625156   4.742466e-4   0.009130480   0.018636090
 64.53751559  -6.992116510   4.755723e-4   0.009060450   0.018466335
 64.71742157  -7.011607865   4.768980e-4   0.008991226   0.018297352
 64.89732755  -7.031099220   4.782238e-4   0.008922798   0.018129005
 65.07723354  -7.050590574   4.795495e-4   0.008855153   0.017961141
 65.25713952  -7.070081929   4.808752e-4   0.008788278   0.017793581
 65.43704551  -7.089573283   4.822009e-4   0.008722163   0.017626118
 65.61695149  -7.109064638   4.835266e-4   0.008656795   0.017458508
 65.79685747  -7.128555993   4.848523e-4   0.008592163   0.017290449
 65.97676346  -7.148047347   4.861780e-4   0.008528257   0.017121567
 66.15666944  -7.167538702   4.875038e-4   0.008465065   0.016951374
 66.33657543  -7.187030056   4.888295e-4   0.008402577   0.016779203
 66.51648141  -7.206521411   4.901552e-4   0.008340782   0.016604081
 66.69638739  -7.226012766   4.914809e-4   0.008279670   0.016424420
 66.87629338  -7.245504120   4.928066e-4   0.008219230   0.016237009
 67.05619936  -7.264995475   4.941323e-4   0.008159454   0.016031156
 67.23610535  -7.284486829   4.954580e-4   0.008100331   0.015820413
 67.41601133  -7.303978184   4.967838e-4   0.008041852   0.015610693
 67.59591731  -7.323469538   4.981095e-4   0.007984007   0.015402492
 67.77582330  -7.342960893   4.994352e-4   0.007926787   0.015195957
 67.95572928  -7.362452248   5.007609e-4   0.007870184   0.014991142
 68.13563527  -7.381943602   5.020866e-4   0.007814188   0.014788067
 68.31554125  -7.401434957   5.034123e-4   0.007758790   0.014586735
 68.49544723  -7.420926311   5.047380e-4   0.007703982   0.014387142
 68.67535322  -7.440417666   5.060638e-4   0.007649756   0.014189277
 68.85525920  -7.459909021   5.073895e-4   0.007596104   0.013993126
 69.03516519  -7.479400375   5.087152e-4   0.007543017   0.013798675
 69.21507117  -7.498891730   5.100409e-4   0.007490487   0.013605907
 69.39497715  -7.518383084   5.113666e-4   0.007438506   0.013414804
 69.57488314  -7.537874439   5.126923e-4   0.007387068   0.013225350
 69.75478912  -7.557365794   5.140180e-4   0.007336164   0.013037525
 69.93469511  -7.576857148   5.153438e-4   0.007285787   0.012851312
 70.11460109  -7.596348503   5.166695e-4   0.007235929   0.012666692
 70.29450707  -7.615839857   5.179952e-4   0.007186584   0.012483647
 70.47441306  -7.635331212   5.193209e-4   0.007137744   0.012302159
 70.65431904  -7.654822567   5.206466e-4   0.007089403   0.012122210
 70.83422503  -7.674313921   5.219723e-4   0.007041554   0.011943782
 71.01413101  -7.693805276   5.232980e-4   0.006994189   0.011766857
 71.19403699  -7.713296630   5.246238e-4   0.006947304   0.011591419
 71.37394298  -7.732787985   5.259495e-4   0.006900890   0.011417449
 71.55384896  -7.752279340   5.272752e-4   0.006854942   0.011244931
 71.73375495  -7.771770694   5.286009e-4   0.006809453   0.011073848
 71.91366093  -7.791262049   5.299266e-4   0.006764418   0.010904183
 72.09356691  -7.810753403   5.312523e-4   0.006719830   0.010735921
 72.27347290  -7.830244758   5.325781e-4   0.006675683   0.010569044
 72.45337888  -7.849736113   5.339038e-4   0.006631972   0.010403537
 72.63328487  -7.869227467   5.352295e-4   0.006588691   0.010239384
 72.81319085  -7.888718822   5.365552e-4   0.006545834   0.010076570
 72.99309683  -7.908210176   5.378809e-4   0.006503395   0.009915081
 73.17300282  -7.927701531   5.392066e-4   0.006461370   0.009754900
 73.35290880  -7.947192886   5.405323e-4   0.006419752   0.009596013
 73.53281479  -7.966684240   5.418581e-4   0.006378537   0.009438406
 73.71272077  -7.986175595   5.431838e-4   0.006337719   0.009282065
 73.89262675  -8.005666949   5.445095e-4   0.006297294   0.009126975
 74.07253274  -8.025158304   5.458352e-4   0.006257255   0.008973123
 74.25243872  -8.044649658   5.471609e-4   0.006217599   0.008820495
 74.43234471  -8.064141013   5.484866e-4   0.006178320   0.008669078
 74.61225069  -8.083632368   5.498123e-4   0.006139414   0.008518859
 74.79215667  -8.103123722   5.511381e-4   0.006100876   0.008369825
 74.97206266  -8.122615077   5.524638e-4   0.006062700   0.008221963
 75.15196864  -8.142106431   5.537895e-4   0.006024884   0.008075261
 75.33187463  -8.161597786   5.551152e-4   0.005987421   0.007929706
 75.51178061  -8.181089141   5.564409e-4   0.005950308   0.007785288
 75.69168659  -8.200580495   5.577666e-4   0.005913541   0.007641993