#XDI/1.1
# X-ray Monochromator Darwin Width from xrayweb  Fri Dec 12 07:30:48 2025
# Monochromator.xtal        : Si
# Monochromator.hkl         : 1 1 1
# Monochromator.polarization: 's'
# Monochromator.theta       : 10.647637 (deg)
# Monochromator.theta_width : 25.088165 (microrad)
# Monochromator.energy_width: 1.427892 (eV)
# Monochromator.theta_fwhm  : 26.610017 (microrad)
# Monochromator.rocking_fwhm: 35.123431 (microrad)
# Monochromator.energy_fwhm : 1.514508 (eV)
# Xray.Energy               : 10700.33 (eV)
# Column.1: dtheta (microrad)
# Column.2: denergy (eV)
# Column.3: zeta (delta_lambda / lambda)
# Column.4: intensity
# Column.5: rocking_curve
#---------------------
# {' '.join(array_names)}
-58.67508636   3.339489943  -3.120922e-4   0.005898677   0.007710422
-58.42420471   3.325211025  -3.107578e-4   0.005935305   0.007853905
-58.17332306   3.310932107  -3.094234e-4   0.005972277   0.007998414
-57.92244141   3.296653189  -3.080889e-4   0.006009596   0.008143959
-57.67155976   3.282374271  -3.067545e-4   0.006047268   0.008290551
-57.42067811   3.268095353  -3.054201e-4   0.006085296   0.008438199
-57.16979646   3.253816435  -3.040856e-4   0.006123686   0.008586914
-56.91891481   3.239537517  -3.027512e-4   0.006162442   0.008736706
-56.66803316   3.225258599  -3.014167e-4   0.006201569   0.008887586
-56.41715151   3.210979681  -3.000823e-4   0.006241070   0.009039565
-56.16626985   3.196700763  -2.987479e-4   0.006280953   0.009192653
-55.91538820   3.182421845  -2.974134e-4   0.006321220   0.009346860
-55.66450655   3.168142927  -2.960790e-4   0.006361877   0.009502197
-55.41362490   3.153864009  -2.947446e-4   0.006402930   0.009658675
-55.16274325   3.139585091  -2.934101e-4   0.006444383   0.009816305
-54.91186160   3.125306173  -2.920757e-4   0.006486241   0.009975097
-54.66097995   3.111027255  -2.907412e-4   0.006528511   0.010135062
-54.41009830   3.096748337  -2.894068e-4   0.006571197   0.010296210
-54.15921665   3.082469419  -2.880724e-4   0.006614304   0.010458551
-53.90833500   3.068190501  -2.867379e-4   0.006657840   0.010622097
-53.65745335   3.053911583  -2.854035e-4   0.006701808   0.010786857
-53.40657170   3.039632665  -2.840691e-4   0.006746216   0.010952841
-53.15569005   3.025353747  -2.827346e-4   0.006791068   0.011120059
-52.90480840   3.011074829  -2.814002e-4   0.006836371   0.011288520
-52.65392675   2.996795910  -2.800657e-4   0.006882131   0.011458234
-52.40304510   2.982516992  -2.787313e-4   0.006928355   0.011629209
-52.15216345   2.968238074  -2.773969e-4   0.006975047   0.011801453
-51.90128180   2.953959156  -2.760624e-4   0.007022216   0.011974974
-51.65040015   2.939680238  -2.747280e-4   0.007069867   0.012149778
-51.39951850   2.925401320  -2.733936e-4   0.007118007   0.012325872
-51.14863685   2.911122402  -2.720591e-4   0.007166642   0.012503259
-50.89775520   2.896843484  -2.707247e-4   0.007215781   0.012681944
-50.64687355   2.882564566  -2.693902e-4   0.007265429   0.012861928
-50.39599190   2.868285648  -2.680558e-4   0.007315593   0.013043212
-50.14511025   2.854006730  -2.667214e-4   0.007366282   0.013225791
-49.89422860   2.839727812  -2.653869e-4   0.007417501   0.013409661
-49.64334695   2.825448894  -2.640525e-4   0.007469260   0.013594813
-49.39246530   2.811169976  -2.627181e-4   0.007521565   0.013781232
-49.14158365   2.796891058  -2.613836e-4   0.007574424   0.013968900
-48.89070200   2.782612140  -2.600492e-4   0.007627845   0.014157787
-48.63982035   2.768333222  -2.587148e-4   0.007681837   0.014347858
-48.38893870   2.754054304  -2.573803e-4   0.007736406   0.014539061
-48.13805704   2.739775386  -2.560459e-4   0.007791562   0.014731327
-47.88717539   2.725496468  -2.547114e-4   0.007847314   0.014924562
-47.63629374   2.711217550  -2.533770e-4   0.007903668   0.015118634
-47.38541209   2.696938632  -2.520426e-4   0.007960636   0.015313357
-47.13453044   2.682659714  -2.507081e-4   0.008018225   0.015508456
-46.88364879   2.668380796  -2.493737e-4   0.008076444   0.015703518
-46.63276714   2.654101878  -2.480393e-4   0.008135304   0.015897889
-46.38188549   2.639822960  -2.467048e-4   0.008194813   0.016090540
-46.13100384   2.625544042  -2.453704e-4   0.008254981   0.016280022
-45.88012219   2.611265124  -2.440359e-4   0.008315817   0.016465113
-45.62924054   2.596986206  -2.427015e-4   0.008377333   0.016645771
-45.37835889   2.582707288  -2.413671e-4   0.008439537   0.016822811
-45.12747724   2.568428370  -2.400326e-4   0.008502441   0.016997145
-44.87659559   2.554149452  -2.386982e-4   0.008566055   0.017169529
-44.62571394   2.539870534  -2.373638e-4   0.008630389   0.017340559
-44.37483229   2.525591616  -2.360293e-4   0.008695456   0.017510698
-44.12395064   2.511312698  -2.346949e-4   0.008761265   0.017680318
-43.87306899   2.497033780  -2.333604e-4   0.008827829   0.017849724
-43.62218734   2.482754862  -2.320260e-4   0.008895158   0.018019165
-43.37130569   2.468475944  -2.306916e-4   0.008963266   0.018188857
-43.12042404   2.454197026  -2.293571e-4   0.009032164   0.018358982
-42.86954239   2.439918108  -2.280227e-4   0.009101864   0.018529701
-42.61866074   2.425639190  -2.266883e-4   0.009172379   0.018701156
-42.36777909   2.411360272  -2.253538e-4   0.009243721   0.018873474
-42.11689744   2.397081354  -2.240194e-4   0.009315905   0.019046769
-41.86601579   2.382802435  -2.226849e-4   0.009388943   0.019221148
-41.61513414   2.368523517  -2.213505e-4   0.009462848   0.019396707
-41.36425249   2.354244599  -2.200161e-4   0.009537636   0.019573536
-41.11337084   2.339965681  -2.186816e-4   0.009613319   0.019751721
-40.86248919   2.325686763  -2.173472e-4   0.009689912   0.019931341
-40.61160754   2.311407845  -2.160128e-4   0.009767431   0.020112473
-40.36072589   2.297128927  -2.146783e-4   0.009845890   0.020295190
-40.10984423   2.282850009  -2.133439e-4   0.009925304   0.020479561
-39.85896258   2.268571091  -2.120095e-4   0.010005690   0.020665655
-39.60808093   2.254292173  -2.106750e-4   0.010087063   0.020853536
-39.35719928   2.240013255  -2.093406e-4   0.010169439   0.021043271
-39.10631763   2.225734337  -2.080061e-4   0.010252836   0.021234920
-38.85543598   2.211455419  -2.066717e-4   0.010337269   0.021428548
-38.60455433   2.197176501  -2.053373e-4   0.010422758   0.021624213
-38.35367268   2.182897583  -2.040028e-4   0.010509319   0.021821978
-38.10279103   2.168618665  -2.026684e-4   0.010596971   0.022021902
-37.85190938   2.154339747  -2.013340e-4   0.010685731   0.022224045
-37.60102773   2.140060829  -1.999995e-4   0.010775620   0.022428467
-37.35014608   2.125781911  -1.986651e-4   0.010866656   0.022635227
-37.09926443   2.111502993  -1.973306e-4   0.010958859   0.022844384
-36.84838278   2.097224075  -1.959962e-4   0.011052250   0.023056000
-36.59750113   2.082945157  -1.946618e-4   0.011146848   0.023270135
-36.34661948   2.068666239  -1.933273e-4   0.011242676   0.023486848
-36.09573783   2.054387321  -1.919929e-4   0.011339754   0.023706202
-35.84485618   2.040108403  -1.906585e-4   0.011438105   0.023928258
-35.59397453   2.025829485  -1.893240e-4   0.011537751   0.024153080
-35.34309288   2.011550567  -1.879896e-4   0.011638715   0.024380730
-35.09221123   1.997271649  -1.866551e-4   0.011741020   0.024611272
-34.84132958   1.982992731  -1.853207e-4   0.011844692   0.024844772
-34.59044793   1.968713813  -1.839863e-4   0.011949753   0.025081297
-34.33956628   1.954434895  -1.826518e-4   0.012056230   0.025320912
-34.08868463   1.940155977  -1.813174e-4   0.012164149   0.025563687
-33.83780298   1.925877059  -1.799830e-4   0.012273535   0.025809692
-33.58692133   1.911598141  -1.786485e-4   0.012384416   0.026058996
-33.33603968   1.897319223  -1.773141e-4   0.012496819   0.026311673
-33.08515803   1.883040305  -1.759796e-4   0.012610772   0.026567796
-32.83427638   1.868761387  -1.746452e-4   0.012726304   0.026827439
-32.58339473   1.854482469  -1.733108e-4   0.012843446   0.027090681
-32.33251307   1.840203551  -1.719763e-4   0.012962226   0.027357598
-32.08163142   1.825924633  -1.706419e-4   0.013082677   0.027628271
-31.83074977   1.811645715  -1.693075e-4   0.013204829   0.027902782
-31.57986812   1.797366797  -1.679730e-4   0.013328716   0.028181214
-31.32898647   1.783087878  -1.666386e-4   0.013454370   0.028463652
-31.07810482   1.768808960  -1.653042e-4   0.013581827   0.028750185
-30.82722317   1.754530042  -1.639697e-4   0.013711120   0.029040902
-30.57634152   1.740251124  -1.626353e-4   0.013842285   0.029335894
-30.32545987   1.725972206  -1.613008e-4   0.013975359   0.029635256
-30.07457822   1.711693288  -1.599664e-4   0.014110381   0.029939083
-29.82369657   1.697414370  -1.586320e-4   0.014247387   0.030247474
-29.57281492   1.683135452  -1.572975e-4   0.014386418   0.030560531
-29.32193327   1.668856534  -1.559631e-4   0.014527515   0.030878357
-29.07105162   1.654577616  -1.546287e-4   0.014670718   0.031201059
-28.82016997   1.640298698  -1.532942e-4   0.014816070   0.031528746
-28.56928832   1.626019780  -1.519598e-4   0.014963616   0.031861530
-28.31840667   1.611740862  -1.506253e-4   0.015113399   0.032199526
-28.06752502   1.597461944  -1.492909e-4   0.015265466   0.032542852
-27.81664337   1.583183026  -1.479565e-4   0.015419864   0.032891630
-27.56576172   1.568904108  -1.466220e-4   0.015576641   0.033245985
-27.31488007   1.554625190  -1.452876e-4   0.015735847   0.033606045
-27.06399842   1.540346272  -1.439532e-4   0.015897532   0.033971942
-26.81311677   1.526067354  -1.426187e-4   0.016061750   0.034343812
-26.56223512   1.511788436  -1.412843e-4   0.016228554   0.034721793
-26.31135347   1.497509518  -1.399498e-4   0.016398000   0.035106030
-26.06047182   1.483230600  -1.386154e-4   0.016570143   0.035496671
-25.80959017   1.468951682  -1.372810e-4   0.016745042   0.035893866
-25.55870852   1.454672764  -1.359465e-4   0.016922757   0.036297774
-25.30782687   1.440393846  -1.346121e-4   0.017103349   0.036708555
-25.05694522   1.426114928  -1.332777e-4   0.017286882   0.037126375
-24.80606357   1.411836010  -1.319432e-4   0.017473420   0.037551405
-24.55518192   1.397557092  -1.306088e-4   0.017663030   0.037983823
-24.30430026   1.383278174  -1.292743e-4   0.017855782   0.038423809
-24.05341861   1.368999256  -1.279399e-4   0.018051745   0.038871551
-23.80253696   1.354720338  -1.266055e-4   0.018250992   0.039327242
-23.55165531   1.340441420  -1.252710e-4   0.018453598   0.039791083
-23.30077366   1.326162502  -1.239366e-4   0.018659640   0.040263278
-23.04989201   1.311883584  -1.226022e-4   0.018869196   0.040744042
-22.79901036   1.297604666  -1.212677e-4   0.019082349   0.041233592
-22.54812871   1.283325748  -1.199333e-4   0.019299182   0.041732156
-22.29724706   1.269046830  -1.185988e-4   0.019519782   0.042239968
-22.04636541   1.254767912  -1.172644e-4   0.019744237   0.042757270
-21.79548376   1.240488994  -1.159300e-4   0.019972639   0.043284312
-21.54460211   1.226210076  -1.145955e-4   0.020205082   0.043821352
-21.29372046   1.211931158  -1.132611e-4   0.020441664   0.044368659
-21.04283881   1.197652240  -1.119267e-4   0.020682484   0.044926509
-20.79195716   1.183373322  -1.105922e-4   0.020927647   0.045495188
-20.54107551   1.169094403  -1.092578e-4   0.021177259   0.046074992
-20.29019386   1.154815485  -1.079234e-4   0.021431429   0.046666230
-20.03931221   1.140536567  -1.065889e-4   0.021690271   0.047269218
-19.78843056   1.126257649  -1.052545e-4   0.021953901   0.047884287
-19.53754891   1.111978731  -1.039200e-4   0.022222441   0.048511777
-19.28666726   1.097699813  -1.025856e-4   0.022496015   0.049152044
-19.03578561   1.083420895  -1.012512e-4   0.022774751   0.049805453
-18.78490396   1.069141977  -9.991673e-5   0.023058783   0.050472387
-18.53402231   1.054863059  -9.858229e-5   0.023348247   0.051153241
-18.28314066   1.040584141  -9.724786e-5   0.023643285   0.051848426
-18.03225901   1.026305223  -9.591342e-5   0.023944044   0.052558368
-17.78137736   1.012026305  -9.457898e-5   0.024250674   0.053283510
-17.53049571   0.997747387  -9.324454e-5   0.024563332   0.054024314
-17.27961406   0.983468469  -9.191011e-5   0.024882180   0.054781258
-17.02873241   0.969189551  -9.057567e-5   0.025207386   0.055554841
-16.77785076   0.954910633  -8.924123e-5   0.025539121   0.056345582
-16.52696911   0.940631715  -8.790679e-5   0.025877566   0.057154020
-16.27608745   0.926352797  -8.657236e-5   0.026222906   0.057980720
-16.02520580   0.912073879  -8.523792e-5   0.026575332   0.058826266
-15.77432415   0.897794961  -8.390348e-5   0.026935044   0.059691270
-15.52344250   0.883516043  -8.256905e-5   0.027302248   0.060576370
-15.27256085   0.869237125  -8.123461e-5   0.027677156   0.061482231
-15.02167920   0.854958207  -7.990017e-5   0.028059991   0.062409548
-14.77079755   0.840679289  -7.856573e-5   0.028450981   0.063359046
-14.51991590   0.826400371  -7.723130e-5   0.028850364   0.064331485
-14.26903425   0.812121453  -7.589686e-5   0.029258388   0.065327657
-14.01815260   0.797842535  -7.456242e-5   0.029675308   0.066348392
-13.76727095   0.783563617  -7.322799e-5   0.030101390   0.067394559
-13.51638930   0.769284699  -7.189355e-5   0.030536911   0.068467067
-13.26550765   0.755005781  -7.055911e-5   0.030982156   0.069566872
-13.01462600   0.740726863  -6.922467e-5   0.031437425   0.070694972
-12.76374435   0.726447945  -6.789024e-5   0.031903026   0.071852418
-12.51286270   0.712169027  -6.655580e-5   0.032379282   0.073040313
-12.26198105   0.697890109  -6.522136e-5   0.032866527   0.074259815
-12.01109940   0.683611191  -6.388693e-5   0.033365111   0.075512143
-11.76021775   0.669332273  -6.255249e-5   0.033875396   0.076798578
-11.50933610   0.655053355  -6.121805e-5   0.034397759   0.078120472
-11.25845445   0.640774437  -5.988361e-5   0.034932595   0.079479248
-11.00757280   0.626495519  -5.854918e-5   0.035480312   0.080876408
-10.75669115   0.612216601  -5.721474e-5   0.036041339   0.082313538
-10.50580950   0.597937683  -5.588030e-5   0.036616121   0.083792313
-10.25492785   0.583658765  -5.454587e-5   0.037205123   0.085314506
-10.00404620   0.569379847  -5.321143e-5   0.037808830   0.086881994
-9.753164547   0.555100928  -5.187699e-5   0.038427748   0.088496766
-9.502282896   0.540822010  -5.054255e-5   0.039062408   0.090160933
-9.251401246   0.526543092  -4.920812e-5   0.039713361   0.091876737
-9.000519596   0.512264174  -4.787368e-5   0.040381186   0.093646562
-8.749637945   0.497985256  -4.653924e-5   0.041066488   0.095472947
-8.498756295   0.483706338  -4.520481e-5   0.041769900   0.097358597
-8.247874645   0.469427420  -4.387037e-5   0.042492085   0.099306404
-7.996992994   0.455148502  -4.253593e-5   0.043233735   0.101319456
-7.746111344   0.440869584  -4.120149e-5   0.043995579   0.103401060
-7.495229694   0.426590666  -3.986706e-5   0.044778379   0.105554764
-7.244348043   0.412311748  -3.853262e-5   0.045582935   0.107784380
-6.993466393   0.398032830  -3.719818e-5   0.046410088   0.110094010
-6.742584743   0.383753912  -3.586375e-5   0.047260718   0.112488077
-6.491703092   0.369474994  -3.452931e-5   0.048135753   0.114971361
-6.240821442   0.355196076  -3.319487e-5   0.049036168   0.117549040
-5.989939792   0.340917158  -3.186043e-5   0.049962987   0.120226735
-5.739058142   0.326638240  -3.052600e-5   0.050917289   0.123010564
-5.488176491   0.312359322  -2.919156e-5   0.051900213   0.125907207
-5.237294841   0.298080404  -2.785712e-5   0.052912956   0.128923976
-4.986413191   0.283801486  -2.652269e-5   0.053956782   0.132068905
-4.735531540   0.269522568  -2.518825e-5   0.055033025   0.135350855
-4.484649890   0.255243650  -2.385381e-5   0.056143095   0.138779635
-4.233768240   0.240964732  -2.251937e-5   0.057288481   0.142366154
-3.982886589   0.226685814  -2.118494e-5   0.058470759   0.146122610
-3.732004939   0.212406896  -1.985050e-5   0.059691597   0.150062710
-3.481123289   0.198127978  -1.851606e-5   0.060952761   0.154201964
-3.230241638   0.183849060  -1.718163e-5   0.062256127   0.158558039
-2.979359988   0.169570142  -1.584719e-5   0.063603681   0.163151222
-2.728478338   0.155291224  -1.451275e-5   0.064997537   0.168005000
-2.477596687   0.141012306  -1.317831e-5   0.066439939   0.173146787
-2.226715037   0.126733388  -1.184388e-5   0.067933277   0.178608702
-1.975833387   0.112454470  -1.050944e-5   0.069480096   0.184427864
-1.724951736   0.098175552  -9.175002e-6   0.071083109   0.190642545
-1.474070086   0.083896634  -7.840565e-6   0.072745211   0.197255601
-1.223188436   0.069617716  -6.506128e-6   0.074469498   0.204152465
-0.972306786   0.055338798  -5.171691e-6   0.076259277   0.211156514
-0.721425135   0.041059880  -3.837254e-6   0.078118095   0.218208427
-0.470543485   0.026780962  -2.502816e-6   0.080049750   0.225285344
-0.219661835   0.012502044  -1.168379e-6   0.082058322   0.232375813
 0.031219816  -0.001776874   1.660579e-7   0.084148195   0.239473074
 0.282101466  -0.016055792   1.500495e-6   0.086324089   0.246572701
 0.532983116  -0.030334710   2.834932e-6   0.088591092   0.253671580
 0.783864767  -0.044613629   4.169369e-6   0.090954695   0.260767398
 1.034746417  -0.058892547   5.503807e-6   0.093420836   0.267858364
 1.285628067  -0.073171465   6.838244e-6   0.095995944   0.274943039
 1.536509718  -0.087450383   8.172681e-6   0.098686994   0.282020237
 1.787391368  -0.101729301   9.507118e-6   0.101501565   0.289088949
 2.038273018  -0.116008219   1.084156e-5   0.104447910   0.296148304
 2.289154669  -0.130287137   1.217599e-5   0.107535030   0.303197530
 2.540036319  -0.144566055   1.351043e-5   0.110772766   0.310235931
 2.790917969  -0.158844973   1.484487e-5   0.114171897   0.317262871
 3.041799620  -0.173123891   1.617930e-5   0.117744262   0.324277762
 3.292681270  -0.187402809   1.751374e-5   0.121502891   0.331280049
 3.543562920  -0.201681727   1.884818e-5   0.125462165   0.338269203
 3.794444570  -0.215960645   2.018262e-5   0.129638001   0.345244720
 4.045326221  -0.230239563   2.151705e-5   0.134048062   0.352206109
 4.296207871  -0.244518481   2.285149e-5   0.138712020   0.359152888
 4.547089521  -0.258797399   2.418593e-5   0.143651849   0.366084587
 4.797971172  -0.273076317   2.552036e-5   0.148892190   0.373000737
 5.048852822  -0.287355235   2.685480e-5   0.154460778   0.379900873
 5.299734472  -0.301634153   2.818924e-5   0.160388963   0.386784527
 5.550616123  -0.315913071   2.952368e-5   0.166712346   0.393651230
 5.801497773  -0.330191989   3.085811e-5   0.173471549   0.400500509
 6.052379423  -0.344470907   3.219255e-5   0.180713178   0.407331884
 6.303261074  -0.358749825   3.352699e-5   0.188491023   0.414144866
 6.554142724  -0.373028743   3.486142e-5   0.196867566   0.420938959
 6.805024374  -0.387307661   3.619586e-5   0.205915911   0.427713655
 7.055906025  -0.401586579   3.753030e-5   0.215722279   0.434468434
 7.306787675  -0.415865497   3.886474e-5   0.226389277   0.441202764
 7.557669325  -0.430144415   4.019917e-5   0.238040255   0.447916095
 7.808550976  -0.444423333   4.153361e-5   0.250825212   0.454607865
 8.059432626  -0.458702251   4.286805e-5   0.264928990   0.461277492
 8.310314276  -0.472981169   4.420248e-5   0.280582878   0.467924375
 8.561195926  -0.487260087   4.553692e-5   0.298081556   0.474547896
 8.812077577  -0.501539005   4.687136e-5   0.317808625   0.481147410
 9.062959227  -0.515817923   4.820580e-5   0.340276649   0.487722255
 9.313840877  -0.530096841   4.954023e-5   0.366193058   0.494271740
 9.564722528  -0.544375759   5.087467e-5   0.396575400   0.500795150
 9.815604178  -0.558654677   5.220911e-5   0.432969349   0.507291739
 10.06648583  -0.572933595   5.354354e-5   0.477907034   0.513760735
 10.31736748  -0.587212513   5.487798e-5   0.536027421   0.520201331
 10.56824913  -0.601491431   5.621242e-5   0.617533240   0.526612689
 10.81913078  -0.615770349   5.754686e-5   0.753306743   0.532993932
 11.07001243  -0.630049267   5.888129e-5   0.909422052   0.539344146
 11.32089408  -0.644328185   6.021573e-5   0.939590534   0.545662377
 11.57177573  -0.658607104   6.155017e-5   0.949979399   0.551947624
 11.82265738  -0.672886022   6.288460e-5   0.955346168   0.558198844
 12.07353903  -0.687164940   6.421904e-5   0.958610339   0.564414941
 12.32442068  -0.701443858   6.555348e-5   0.960771635   0.570594767
 12.57530233  -0.715722776   6.688792e-5   0.962274057   0.576737117
 12.82618398  -0.730001694   6.822235e-5   0.963347728   0.582840725
 13.07706563  -0.744280612   6.955679e-5   0.964124890   0.588904260
 13.32794728  -0.758559530   7.089123e-5   0.964687382   0.594926323
 13.57882893  -0.772838448   7.222566e-5   0.965088768   0.600905436
 13.82971058  -0.787117366   7.356010e-5   0.965365666   0.606840045
 14.08059223  -0.801396284   7.489454e-5   0.965544005   0.612728506
 14.33147388  -0.815675202   7.622898e-5   0.965642677   0.618569083
 14.58235553  -0.829954120   7.756341e-5   0.965675776   0.624359940
 14.83323718  -0.844233038   7.889785e-5   0.965654033   0.630099130
 15.08411883  -0.858511956   8.023229e-5   0.965585755   0.635784588
 15.33500048  -0.872790874   8.156672e-5   0.965477465   0.641414124
 15.58588214  -0.887069792   8.290116e-5   0.965334351   0.646985405
 15.83676379  -0.901348710   8.423560e-5   0.965160581   0.652495948
 16.08764544  -0.915627628   8.557004e-5   0.964959531   0.657943107
 16.33852709  -0.929906546   8.690447e-5   0.964733960   0.663324052
 16.58940874  -0.944185464   8.823891e-5   0.964486131   0.668635757
 16.84029039  -0.958464382   8.957335e-5   0.964217910   0.673874978
 17.09117204  -0.972743300   9.090779e-5   0.963930842   0.679038232
 17.34205369  -0.987022218   9.224222e-5   0.963626202   0.684121770
 17.59293534  -1.001301136   9.357666e-5   0.963305050   0.689121553
 17.84381699  -1.015580054   9.491110e-5   0.962968255   0.694033216
 18.09469864  -1.029858972   9.624553e-5   0.962616535   0.698852029
 18.34558029  -1.044137890   9.757997e-5   0.962250470   0.703572860
 18.59646194  -1.058416808   9.891441e-5   0.961870527   0.708190119
 18.84734359  -1.072695726   1.002488e-4   0.961477070   0.712697705
 19.09822524  -1.086974644   1.015833e-4   0.961070377   0.717088934
 19.34910689  -1.101253562   1.029177e-4   0.960650645   0.721356461
 19.59998854  -1.115532480   1.042522e-4   0.960218001   0.725492185
 19.85087019  -1.129811398   1.055866e-4   0.959772507   0.729487133
 20.10175184  -1.144090316   1.069210e-4   0.959314168   0.733331325
 20.35263349  -1.158369234   1.082555e-4   0.958842931   0.737013609
 20.60351514  -1.172648152   1.095899e-4   0.958358693   0.740521454
 20.85439679  -1.186927070   1.109243e-4   0.957861300   0.743840698
 21.10527844  -1.201205988   1.122588e-4   0.957350551   0.746955238
 21.35616009  -1.215484906   1.135932e-4   0.956826199   0.749846631
 21.60704174  -1.229763824   1.149277e-4   0.956287950   0.752493592
 21.85792339  -1.244042742   1.162621e-4   0.955735465   0.754871358
 22.10880504  -1.258321660   1.175965e-4   0.955168358   0.756950875
 22.35968669  -1.272600579   1.189310e-4   0.954586197   0.758697791
 22.61056834  -1.286879497   1.202654e-4   0.953988499   0.760071307
 22.86144999  -1.301158415   1.215998e-4   0.953374734   0.761023187
 23.11233164  -1.315437333   1.229343e-4   0.952744316   0.761498084
 23.36321330  -1.329716251   1.242687e-4   0.952096607   0.761438596
 23.61409495  -1.343995169   1.256032e-4   0.951430908   0.760800665
 23.86497660  -1.358274087   1.269376e-4   0.950746460   0.759580233
 24.11585825  -1.372553005   1.282720e-4   0.950042434   0.757819865
 24.36673990  -1.386831923   1.296065e-4   0.949317934   0.755585972
 24.61762155  -1.401110841   1.309409e-4   0.948571981   0.752944228
 24.86850320  -1.415389759   1.322753e-4   0.947803516   0.749950667
 25.11938485  -1.429668677   1.336098e-4   0.947011385   0.746651175
 25.37026650  -1.443947595   1.349442e-4   0.946194338   0.743083175
 25.62114815  -1.458226513   1.362786e-4   0.945351009   0.739277443
 25.87202980  -1.472505431   1.376131e-4   0.944479916   0.735259584
 26.12291145  -1.486784349   1.389475e-4   0.943579440   0.731051151
 26.37379310  -1.501063267   1.402820e-4   0.942647814   0.726670487
 26.62467475  -1.515342185   1.416164e-4   0.941683104   0.722133366
 26.87555640  -1.529621103   1.429508e-4   0.940683193   0.717453468
 27.12643805  -1.543900021   1.442853e-4   0.939645757   0.712642757
 27.37731970  -1.558178939   1.456197e-4   0.938568238   0.707711768
 27.62820135  -1.572457857   1.469541e-4   0.937447815   0.702669841
 27.87908300  -1.586736775   1.482886e-4   0.936281372   0.697525299
 28.12996465  -1.601015693   1.496230e-4   0.935065452   0.692285605
 28.38084630  -1.615294611   1.509575e-4   0.933796213   0.686957474
 28.63172795  -1.629573529   1.522919e-4   0.932469370   0.681546983
 28.88260960  -1.643852447   1.536263e-4   0.931080129   0.676059647
 29.13349125  -1.658131365   1.549608e-4   0.929623105   0.670500493
 29.38437290  -1.672410283   1.562952e-4   0.928092228   0.664874118
 29.63525455  -1.686689201   1.576296e-4   0.926480625   0.659184739
 29.88613620  -1.700968119   1.589641e-4   0.924780480   0.653436236
 30.13701785  -1.715247037   1.602985e-4   0.922982861   0.647632190
 30.38789950  -1.729525955   1.616330e-4   0.921077506   0.641775913
 30.63878115  -1.743804873   1.629674e-4   0.919052560   0.635870476
 30.88966280  -1.758083791   1.643018e-4   0.916894239   0.629918737
 31.14054445  -1.772362709   1.656363e-4   0.914586408   0.623923356
 31.39142611  -1.786641627   1.669707e-4   0.912110044   0.617886819
 31.64230776  -1.800920545   1.683051e-4   0.909442529   0.611811451
 31.89318941  -1.815199463   1.696396e-4   0.906556735   0.605699433
 32.14407106  -1.829478381   1.709740e-4   0.903419795   0.599552815
 32.39495271  -1.843757299   1.723085e-4   0.899991451   0.593373524
 32.64583436  -1.858036217   1.736429e-4   0.896221774   0.587163382
 32.89671601  -1.872315136   1.749773e-4   0.892047978   0.580924106
 33.14759766  -1.886594054   1.763118e-4   0.887389852   0.574657323
 33.39847931  -1.900872972   1.776462e-4   0.882143071   0.568364578
 33.64936096  -1.915151890   1.789806e-4   0.876169119   0.562047337
 33.90024261  -1.929430808   1.803151e-4   0.869279661   0.555706994
 34.15112426  -1.943709726   1.816495e-4   0.861211438   0.549344880
 34.40200591  -1.957988644   1.829839e-4   0.851584436   0.542962266
 34.65288756  -1.972267562   1.843184e-4   0.839829261   0.536560368
 34.90376921  -1.986546480   1.856528e-4   0.825056160   0.530140352
 35.15465086  -2.000825398   1.869873e-4   0.805813574   0.523703338
 35.40553251  -2.015104316   1.883217e-4   0.779665018   0.517250403
 35.65641416  -2.029383234   1.896561e-4   0.742708893   0.510782587
 35.90729581  -2.043662152   1.909906e-4   0.690710586   0.504300892
 36.15817746  -2.057941070   1.923250e-4   0.626047687   0.497806292
 36.40905911  -2.072219988   1.936594e-4   0.561109173   0.491299729
 36.65994076  -2.086498906   1.949939e-4   0.504739544   0.484782119
 36.91082241  -2.100777824   1.963283e-4   0.457913358   0.478254357
 37.16170406  -2.115056742   1.976628e-4   0.418962896   0.471717314
 37.41258571  -2.129335660   1.989972e-4   0.386131467   0.465171845
 37.66346736  -2.143614578   2.003316e-4   0.358052258   0.458618788
 37.91434901  -2.157893496   2.016661e-4   0.333719264   0.452058970
 38.16523066  -2.172172414   2.030005e-4   0.312392228   0.445493203
 38.41611231  -2.186451332   2.043349e-4   0.293518218   0.438922293
 38.66699396  -2.200730250   2.056694e-4   0.276676475   0.432347040
 38.91787561  -2.215009168   2.070038e-4   0.261540876   0.425768240
 39.16875726  -2.229288086   2.083383e-4   0.247854307   0.419186685
 39.41963892  -2.243567004   2.096727e-4   0.235410934   0.412603172
 39.67052057  -2.257845922   2.110071e-4   0.224043701   0.406018498
 39.92140222  -2.272124840   2.123416e-4   0.213615359   0.399433470
 40.17228387  -2.286403758   2.136760e-4   0.204011918   0.392848902
 40.42316552  -2.300682676   2.150104e-4   0.195137774   0.386265621
 40.67404717  -2.314961594   2.163449e-4   0.186912040   0.379684470
 40.92492882  -2.329240512   2.176793e-4   0.179265737   0.373106311
 41.17581047  -2.343519430   2.190138e-4   0.172139620   0.366532029
 41.42669212  -2.357798348   2.203482e-4   0.165482471   0.359962537
 41.67757377  -2.372077266   2.216826e-4   0.159249747   0.353398780
 41.92845542  -2.386356184   2.230171e-4   0.153402501   0.346841739
 42.17933707  -2.400635102   2.243515e-4   0.147906507   0.340292442
 42.43021872  -2.414914020   2.256859e-4   0.142731546   0.333751964
 42.68110037  -2.429192938   2.270204e-4   0.137850828   0.327221440
 42.93198202  -2.443471856   2.283548e-4   0.133240504   0.320702069
 43.18286367  -2.457750774   2.296893e-4   0.128879266   0.314195131
 43.43374532  -2.472029692   2.310237e-4   0.124748012   0.307701990
 43.68462697  -2.486308611   2.323581e-4   0.120829560   0.301224117
 43.93550862  -2.500587529   2.336926e-4   0.117108413   0.294763099
 44.18639027  -2.514866447   2.350270e-4   0.113570547   0.288320664
 44.43727192  -2.529145365   2.363614e-4   0.110203244   0.281898699
 44.68815357  -2.543424283   2.376959e-4   0.106994938   0.275499284
 44.93903522  -2.557703201   2.390303e-4   0.103935084   0.269124721
 45.18991687  -2.571982119   2.403647e-4   0.101014050   0.262777582
 45.44079852  -2.586261037   2.416992e-4   0.098223019   0.256460755
 45.69168017  -2.600539955   2.430336e-4   0.095553901   0.250177515
 45.94256182  -2.614818873   2.443681e-4   0.092999259   0.243931605
 46.19344347  -2.629097791   2.457025e-4   0.090552247   0.237727342
 46.44432512  -2.643376709   2.470369e-4   0.088206549   0.231569753
 46.69520677  -2.657655627   2.483714e-4   0.085956330   0.225464751
 46.94608842  -2.671934545   2.497058e-4   0.083796190   0.219419366
 47.19697008  -2.686213463   2.510402e-4   0.081721123   0.213442034
 47.44785173  -2.700492381   2.523747e-4   0.079726484   0.207542970
 47.69873338  -2.714771299   2.537091e-4   0.077807956   0.201734591
 47.94961503  -2.729050217   2.550436e-4   0.075961519   0.196031936
 48.20049668  -2.743329135   2.563780e-4   0.074183429   0.190452856
 48.45137833  -2.757608053   2.577124e-4   0.072470192   0.185017516
 48.70225998  -2.771886971   2.590469e-4   0.070818544   0.179746632
 48.95314163  -2.786165889   2.603813e-4   0.069225432   0.174658387
 49.20402328  -2.800444807   2.617157e-4   0.067687998   0.169765295
 49.45490493  -2.814723725   2.630502e-4   0.066203564   0.165072843
 49.70578658  -2.829002643   2.643846e-4   0.064769616   0.160580275
 49.95666823  -2.843281561   2.657191e-4   0.063383796   0.156282446
 50.20754988  -2.857560479   2.670535e-4   0.062043884   0.152171610
 50.45843153  -2.871839397   2.683879e-4   0.060747792   0.148238738
 50.70931318  -2.886118315   2.697224e-4   0.059493557   0.144474350
 50.96019483  -2.900397233   2.710568e-4   0.058279324   0.140869011
 51.21107648  -2.914676151   2.723912e-4   0.057103347   0.137413596
 51.46195813  -2.928955069   2.737257e-4   0.055963975   0.134099435
 51.71283978  -2.943233987   2.750601e-4   0.054859649   0.130918369
 51.96372143  -2.957512905   2.763946e-4   0.053788896   0.127862768
 52.21460308  -2.971791823   2.777290e-4   0.052750321   0.124925522
 52.46548473  -2.986070741   2.790634e-4   0.051742602   0.122100012
 52.71636638  -3.000349659   2.803979e-4   0.050764490   0.119380090
 52.96724803  -3.014628577   2.817323e-4   0.049814795   0.116760037
 53.21812968  -3.028907495   2.830667e-4   0.048892394   0.114234537
 53.46901133  -3.043186413   2.844012e-4   0.047996216   0.111798645
 53.71989298  -3.057465331   2.857356e-4   0.047125247   0.109447754
 53.97077463  -3.071744249   2.870700e-4   0.046278519   0.107177571
 54.22165628  -3.086023167   2.884045e-4   0.045455115   0.104984089
 54.47253793  -3.100302086   2.897389e-4   0.044654161   0.102863564
 54.72341958  -3.114581004   2.910734e-4   0.043874824   0.100812498
 54.97430123  -3.128859922   2.924078e-4   0.043116311   0.098827614
 55.22518289  -3.143138840   2.937422e-4   0.042377865   0.096905839
 55.47606454  -3.157417758   2.950767e-4   0.041658767   0.095044293
 55.72694619  -3.171696676   2.964111e-4   0.040958326   0.093240269
 55.97782784  -3.185975594   2.977455e-4   0.040275887   0.091491221
 56.22870949  -3.200254512   2.990800e-4   0.039610821   0.089794754
 56.47959114  -3.214533430   3.004144e-4   0.038962528   0.088148611
 56.73047279  -3.228812348   3.017489e-4   0.038330435   0.086550664
 56.98135444  -3.243091266   3.030833e-4   0.037713993   0.084998904
 57.23223609  -3.257370184   3.044177e-4   0.037112676   0.083491431
 57.48311774  -3.271649102   3.057522e-4   0.036525983   0.082026452
 57.73399939  -3.285928020   3.070866e-4   0.035953431   0.080602267
 57.98488104  -3.300206938   3.084210e-4   0.035394558   0.079217267
 58.23576269  -3.314485856   3.097555e-4   0.034848923   0.077869926
 58.48664434  -3.328764774   3.110899e-4   0.034316102   0.076558798
 58.73752599  -3.343043692   3.124244e-4   0.033795686   0.075282508
 58.98840764  -3.357322610   3.137588e-4   0.033287286   0.074039751
 59.23928929  -3.371601528   3.150932e-4   0.032790526   0.072829285
 59.49017094  -3.385880446   3.164277e-4   0.032305047   0.071649931
 59.74105259  -3.400159364   3.177621e-4   0.031830501   0.070500562
 59.99193424  -3.414438282   3.190965e-4   0.031366556   0.069380110
 60.24281589  -3.428717200   3.204310e-4   0.030912893   0.068287551
 60.49369754  -3.442996118   3.217654e-4   0.030469203   0.067221914
 60.74457919  -3.457275036   3.230999e-4   0.030035191   0.066182267
 60.99546084  -3.471553954   3.244343e-4   0.029610572   0.065167725
 61.24634249  -3.485832872   3.257687e-4   0.029195071   0.064177438
 61.49722414  -3.500111790   3.271032e-4   0.028788424   0.063210597
 61.74810579  -3.514390708   3.284376e-4   0.028390377   0.062266425
 61.99898744  -3.528669626   3.297720e-4   0.028000684   0.061344180
 62.24986909  -3.542948544   3.311065e-4   0.027619109   0.060443153
 62.50075074  -3.557227462   3.324409e-4   0.027245424   0.059562663
 62.75163239  -3.571506380   3.337753e-4   0.026879409   0.058702057
 63.00251404  -3.585785298   3.351098e-4   0.026520852   0.057860709
 63.25339570  -3.600064216   3.364442e-4   0.026169547   0.057038021
 63.50427735  -3.614343134   3.377787e-4   0.025825299   0.056233416
 63.75515900  -3.628622052   3.391131e-4   0.025487915   0.055446341
 64.00604065  -3.642900970   3.404475e-4   0.025157211   0.054676266
 64.25692230  -3.657179888   3.417820e-4   0.024833009   0.053922680
 64.50780395  -3.671458806   3.431164e-4   0.024515137   0.053185093
 64.75868560  -3.685737724   3.444508e-4   0.024203429   0.052463033
 65.00956725  -3.700016643   3.457853e-4   0.023897724   0.051756047
 65.26044890  -3.714295561   3.471197e-4   0.023597866   0.051063697
 65.51133055  -3.728574479   3.484542e-4   0.023303704   0.050385564
 65.76221220  -3.742853397   3.497886e-4   0.023015094   0.049721243
 66.01309385  -3.757132315   3.511230e-4   0.022731894   0.049070343
 66.26397550  -3.771411233   3.524575e-4   0.022453968   0.048432488
 66.51485715  -3.785690151   3.537919e-4   0.022181184   0.047807316
 66.76573880  -3.799969069   3.551263e-4   0.021913414   0.047194478
 67.01662045  -3.814247987   3.564608e-4   0.021650534   0.046593636
 67.26750210  -3.828526905   3.577952e-4   0.021392423   0.046004464
 67.51838375  -3.842805823   3.591297e-4   0.021138967   0.045426649
 67.76926540  -3.857084741   3.604641e-4   0.020890051   0.044859887
 68.02014705  -3.871363659   3.617985e-4   0.020645567   0.044303886
 68.27102870  -3.885642577   3.631330e-4   0.020405408   0.043758360
 68.52191035  -3.899921495   3.644674e-4   0.020169473   0.043223038
 68.77279200  -3.914200413   3.658018e-4   0.019937660   0.042697655
 69.02367365  -3.928479331   3.671363e-4   0.019709874   0.042181954
 69.27455530  -3.942758249   3.684707e-4   0.019486020   0.041675688
 69.52543695  -3.957037167   3.698052e-4   0.019266007   0.041178618
 69.77631860  -3.971316085   3.711396e-4   0.019049747   0.040690511
 70.02720025  -3.985595003   3.724740e-4   0.018837154   0.040211143
 70.27808190  -3.999873921   3.738085e-4   0.018628144   0.039740297
 70.52896355  -4.014152839   3.751429e-4   0.018422637   0.039277762
 70.77984520  -4.028431757   3.764773e-4   0.018220553   0.038823334
 71.03072686  -4.042710675   3.778118e-4   0.018021816   0.038376815
 71.28160851  -4.056989593   3.791462e-4   0.017826352   0.037938014
 71.53249016  -4.071268511   3.804806e-4   0.017634088   0.037506745
 71.78337181  -4.085547429   3.818151e-4   0.017444954   0.037082828
 72.03425346  -4.099826347   3.831495e-4   0.017258882   0.036666086
 72.28513511  -4.114105265   3.844840e-4   0.017075805   0.036256352
 72.53601676  -4.128384183   3.858184e-4   0.016895658   0.035853460
 72.78689841  -4.142663101   3.871528e-4   0.016718380   0.035457249
 73.03778006  -4.156942019   3.884873e-4   0.016543907   0.035067566
 73.28866171  -4.171220937   3.898217e-4   0.016372182   0.034684258
 73.53954336  -4.185499855   3.911561e-4   0.016203145   0.034307180
 73.79042501  -4.199778773   3.924906e-4   0.016036741   0.033936188
 74.04130666  -4.214057691   3.938250e-4   0.015872914   0.033571145
 74.29218831  -4.228336609   3.951595e-4   0.015711612   0.033211915
 74.54306996  -4.242615527   3.964939e-4   0.015552781   0.032858369
 74.79395161  -4.256894445   3.978283e-4   0.015396371   0.032510377
 75.04483326  -4.271173363   3.991628e-4   0.015242333   0.032167817
 75.29571491  -4.285452281   4.004972e-4   0.015090619   0.031830567
 75.54659656  -4.299731199   4.018316e-4   0.014941181   0.031498511
 75.79747821  -4.314010118   4.031661e-4   0.014793973   0.031171534
 76.04835986  -4.328289036   4.045005e-4   0.014648952   0.030849525
 76.29924151  -4.342567954   4.058350e-4   0.014506074   0.030532374
 76.55012316  -4.356846872   4.071694e-4   0.014365295   0.030219977
 76.80100481  -4.371125790   4.085038e-4   0.014226576   0.029912230
 77.05188646  -4.385404708   4.098383e-4   0.014089875   0.029609033
 77.30276811  -4.399683626   4.111727e-4   0.013955153   0.029310288
 77.55364976  -4.413962544   4.125071e-4   0.013822373   0.029015898
 77.80453141  -4.428241462   4.138416e-4   0.013691495   0.028725772
 78.05541306  -4.442520380   4.151760e-4   0.013562485   0.028439817
 78.30629471  -4.456799298   4.165105e-4   0.013435305   0.028157944
 78.55717636  -4.471078216   4.178449e-4   0.013309923   0.027880068
 78.80805801  -4.485357134   4.191793e-4   0.013186302   0.027606102
 79.05893967  -4.499636052   4.205138e-4   0.013064411   0.027335964
 79.30982132  -4.513914970   4.218482e-4   0.012944217   0.027069572
 79.56070297  -4.528193888   4.231826e-4   0.012825688   0.026806848
 79.81158462  -4.542472806   4.245171e-4   0.012708793   0.026547713
 80.06246627  -4.556751724   4.258515e-4   0.012593503   0.026292091
 80.31334792  -4.571030642   4.271860e-4   0.012479788   0.026039908
 80.56422957  -4.585309560   4.285204e-4   0.012367618   0.025791090
 80.81511122  -4.599588478   4.298548e-4   0.012256966   0.025545566
 81.06599287  -4.613867396   4.311893e-4   0.012147805   0.025303265
 81.31687452  -4.628146314   4.325237e-4   0.012040108   0.025064119
 81.56775617  -4.642425232   4.338581e-4   0.011933847   0.024828059
 81.81863782  -4.656704150   4.351926e-4   0.011828998   0.024595019
 82.06951947  -4.670983068   4.365270e-4   0.011725536   0.024364933
 82.32040112  -4.685261986   4.378614e-4   0.011623436   0.024137737
 82.57128277  -4.699540904   4.391959e-4   0.011522673   0.023913367
 82.82216442  -4.713819822   4.405303e-4   0.011423226   0.023691760
 83.07304607  -4.728098740   4.418648e-4   0.011325070   0.023472853
 83.32392772  -4.742377658   4.431992e-4   0.011228183   0.023256587
 83.57480937  -4.756656576   4.445336e-4   0.011132543   0.023042900
 83.82569102  -4.770935494   4.458681e-4   0.011038129   0.022831731
 84.07657267  -4.785214412   4.472025e-4   0.010944920   0.022623022
 84.32745432  -4.799493330   4.485369e-4   0.010852895   0.022416713
 84.57833597  -4.813772248   4.498714e-4   0.010762034   0.022212745
 84.82921762  -4.828051166   4.512058e-4   0.010672318   0.022011060
 85.08009927  -4.842330084   4.525403e-4   0.010583726   0.021811598
 85.33098092  -4.856609002   4.538747e-4   0.010496241   0.021614301
 85.58186257  -4.870887920   4.552091e-4   0.010409844   0.021419109
 85.83274422  -4.885166838   4.565436e-4   0.010324516   0.021225964
 86.08362587  -4.899445756   4.578780e-4   0.010240241   0.021034805
 86.33450752  -4.913724674   4.592124e-4   0.010157000   0.020845573
 86.58538917  -4.928003593   4.605469e-4   0.010074776   0.020658205
 86.83627082  -4.942282511   4.618813e-4   0.009993554   0.020472638
 87.08715248  -4.956561429   4.632158e-4   0.009913316   0.020288810
 87.33803413  -4.970840347   4.645502e-4   0.009834048   0.020106654
 87.58891578  -4.985119265   4.658846e-4   0.009755732   0.019926102
 87.83979743  -4.999398183   4.672191e-4   0.009678354   0.019747084
 88.09067908  -5.013677101   4.685535e-4   0.009601899   0.019569526
 88.34156073  -5.027956019   4.698879e-4   0.009526353   0.019393353
 88.59244238  -5.042234937   4.712224e-4   0.009451700   0.019218483
 88.84332403  -5.056513855   4.725568e-4   0.009377926   0.019044830
 89.09420568  -5.070792773   4.738913e-4   0.009305018   0.018872302
 89.34508733  -5.085071691   4.752257e-4   0.009232963   0.018700800
 89.59596898  -5.099350609   4.765601e-4   0.009161746   0.018530214
 89.84685063  -5.113629527   4.778946e-4   0.009091355   0.018360427
 90.09773228  -5.127908445   4.792290e-4   0.009021777   0.018191307
 90.34861393  -5.142187363   4.805634e-4   0.008952999   0.018022703
 90.59949558  -5.156466281   4.818979e-4   0.008885010   0.017854447
 90.85037723  -5.170745199   4.832323e-4   0.008817797   0.017686341
 91.10125888  -5.185024117   4.845667e-4   0.008751348   0.017518154
 91.35214053  -5.199303035   4.859012e-4   0.008685651   0.017349605
 91.60302218  -5.213581953   4.872356e-4   0.008620696   0.017180349
 91.85390383  -5.227860871   4.885701e-4   0.008556471   0.017009945
 92.10478548  -5.242139789   4.899045e-4   0.008492965   0.016837805
 92.35566713  -5.256418707   4.912389e-4   0.008430167   0.016663102
 92.60654878  -5.270697625   4.925734e-4   0.008368068   0.016484569
 92.85743043  -5.284976543   4.939078e-4   0.008306655   0.016299962
 93.10831208  -5.299255461   4.952422e-4   0.008245920   0.016104082
 93.35919373  -5.313534379   4.965767e-4   0.008185852   0.015895023
 93.61007538  -5.327813297   4.979111e-4   0.008126442   0.015684979
 93.86095703  -5.342092215   4.992456e-4   0.008067680   0.015475844
 94.11183868  -5.356371133   5.005800e-4   0.008009556   0.015268084
 94.36272033  -5.370650051   5.019144e-4   0.007952061   0.015061877
 94.61360198  -5.384928969   5.032489e-4   0.007895187   0.014857308
 94.86448364  -5.399207887   5.045833e-4   0.007838923   0.014654417
 95.11536529  -5.413486805   5.059177e-4   0.007783262   0.014453222
 95.36624694  -5.427765723   5.072522e-4   0.007728195   0.014253728
 95.61712859  -5.442044641   5.085866e-4   0.007673713   0.014055934
 95.86801024  -5.456323559   5.099211e-4   0.007619808   0.013859832
 96.11889189  -5.470602477   5.112555e-4   0.007566472   0.013665412
 96.36977354  -5.484881395   5.125899e-4   0.007513697   0.013472662
 96.62065519  -5.499160313   5.139244e-4   0.007461475   0.013281568
 96.87153684  -5.513439231   5.152588e-4   0.007409798   0.013092115
 97.12241849  -5.527718150   5.165932e-4   0.007358659   0.012904287
 97.37330014  -5.541997068   5.179277e-4   0.007308050   0.012718069
 97.62418179  -5.556275986   5.192621e-4   0.007257963   0.012533443
 97.87506344  -5.570554904   5.205966e-4   0.007208393   0.012350393
 98.12594509  -5.584833822   5.219310e-4   0.007159330   0.012168903
 98.37682674  -5.599112740   5.232654e-4   0.007110770   0.011988956
 98.62770839  -5.613391658   5.245999e-4   0.007062704   0.011810535
 98.87859004  -5.627670576   5.259343e-4   0.007015126   0.011633623
 99.12947169  -5.641949494   5.272687e-4   0.006968029   0.011458204
 99.38035334  -5.656228412   5.286032e-4   0.006921408   0.011284262
 99.63123499  -5.670507330   5.299376e-4   0.006875255   0.011111780
 99.88211664  -5.684786248   5.312720e-4   0.006829564   0.010940742
 100.1329983  -5.699065166   5.326065e-4   0.006784329   0.010771133
 100.3838799  -5.713344084   5.339409e-4   0.006739544   0.010602936
 100.6347616  -5.727623002   5.352754e-4   0.006695203   0.010436137
 100.8856432  -5.741901920   5.366098e-4   0.006651300   0.010270721
 101.1365249  -5.756180838   5.379442e-4   0.006607829   0.010106671
 101.3874065  -5.770459756   5.392787e-4   0.006564785   0.009943974
 101.6382882  -5.784738674   5.406131e-4   0.006522162   0.009782614
 101.8891698  -5.799017592   5.419475e-4   0.006479955   0.009622579
 102.1400515  -5.813296510   5.432820e-4   0.006438157   0.009463852
 102.3909331  -5.827575428   5.446164e-4   0.006396765   0.009306421
 102.6418148  -5.841854346   5.459509e-4   0.006355772   0.009150272
 102.8926964  -5.856133264   5.472853e-4   0.006315174   0.008995392
 103.1435781  -5.870412182   5.486197e-4   0.006274965   0.008841766
 103.3944597  -5.884691100   5.499542e-4   0.006235140   0.008689383
 103.6453414  -5.898970018   5.512886e-4   0.006195695   0.008538230
 103.8962230  -5.913248936   5.526230e-4   0.006156624   0.008388293
 104.1471047  -5.927527854   5.539575e-4   0.006117924   0.008239562
 104.3979863  -5.941806772   5.552919e-4   0.006079588   0.008092023
 104.6488680  -5.956085690   5.566264e-4   0.006041614   0.007945666
 104.8997496  -5.970364608   5.579608e-4   0.006003995   0.007800477
 105.1506313  -5.984643526   5.592952e-4   0.005966728   0.007656447
 105.4015129  -5.998922444   5.606297e-4   0.005929809   0.007513564