#XDI/1.1
# X-ray Monochromator Darwin Width from xrayweb  Wed Dec 10 08:22:18 2025
# Monochromator.xtal        : Si
# Monochromator.hkl         : 1 1 1
# Monochromator.polarization: 's'
# Monochromator.theta       : 8.948895 (deg)
# Monochromator.theta_width : 20.933115 (microrad)
# Monochromator.energy_width: 1.689588 (eV)
# Monochromator.theta_fwhm  : 22.202922 (microrad)
# Monochromator.rocking_fwhm: 29.515693 (microrad)
# Monochromator.energy_fwhm : 1.792079 (eV)
# Xray.Energy               : 12710 (eV)
# Column.1: dtheta (microrad)
# Column.2: denergy (eV)
# Column.3: zeta (delta_lambda / lambda)
# Column.4: intensity
# Column.5: rocking_curve
#---------------------
# {' '.join(array_names)}
-49.00613036   3.955464133  -3.112088e-4   0.005886879   0.007594523
-48.79679921   3.938568250  -3.098795e-4   0.005923396   0.007736843
-48.58746805   3.921672366  -3.085501e-4   0.005960256   0.007880196
-48.37813690   3.904776483  -3.072208e-4   0.005997463   0.008024594
-48.16880574   3.887880599  -3.058915e-4   0.006035020   0.008170048
-47.95947459   3.870984715  -3.045621e-4   0.006072932   0.008316567
-47.75014343   3.854088832  -3.032328e-4   0.006111205   0.008464163
-47.54081228   3.837192948  -3.019035e-4   0.006149842   0.008612848
-47.33148113   3.820297065  -3.005741e-4   0.006188848   0.008762631
-47.12214997   3.803401181  -2.992448e-4   0.006228228   0.008913526
-46.91281882   3.786505297  -2.979154e-4   0.006267986   0.009065542
-46.70348766   3.769609414  -2.965861e-4   0.006308128   0.009218691
-46.49415651   3.752713530  -2.952568e-4   0.006348659   0.009372985
-46.28482535   3.735817647  -2.939274e-4   0.006389583   0.009528435
-46.07549420   3.718921763  -2.925981e-4   0.006430906   0.009685053
-45.86616304   3.702025880  -2.912688e-4   0.006472633   0.009842852
-45.65683189   3.685129996  -2.899394e-4   0.006514769   0.010001841
-45.44750074   3.668234112  -2.886101e-4   0.006557319   0.010162034
-45.23816958   3.651338229  -2.872807e-4   0.006600290   0.010323442
-45.02883843   3.634442345  -2.859514e-4   0.006643686   0.010486076
-44.81950727   3.617546462  -2.846221e-4   0.006687514   0.010649949
-44.61017612   3.600650578  -2.832927e-4   0.006731779   0.010815072
-44.40084496   3.583754694  -2.819634e-4   0.006776486   0.010981457
-44.19151381   3.566858811  -2.806341e-4   0.006821643   0.011149115
-43.98218265   3.549962927  -2.793047e-4   0.006867255   0.011318058
-43.77285150   3.533067044  -2.779754e-4   0.006913327   0.011488296
-43.56352034   3.516171160  -2.766460e-4   0.006959867   0.011659840
-43.35418919   3.499275277  -2.753167e-4   0.007006881   0.011832701
-43.14485804   3.482379393  -2.739874e-4   0.007054375   0.012006888
-42.93552688   3.465483509  -2.726580e-4   0.007102356   0.012182412
-42.72619573   3.448587626  -2.713287e-4   0.007150831   0.012359280
-42.51686457   3.431691742  -2.699994e-4   0.007199806   0.012537501
-42.30753342   3.414795859  -2.686700e-4   0.007249288   0.012717082
-42.09820226   3.397899975  -2.673407e-4   0.007299285   0.012898028
-41.88887111   3.381004091  -2.660113e-4   0.007349803   0.013080343
-41.67953995   3.364108208  -2.646820e-4   0.007400850   0.013264029
-41.47020880   3.347212324  -2.633527e-4   0.007452434   0.013449085
-41.26087765   3.330316441  -2.620233e-4   0.007504561   0.013635509
-41.05154649   3.313420557  -2.606940e-4   0.007557240   0.013823293
-40.84221534   3.296524674  -2.593646e-4   0.007610479   0.014012423
-40.63288418   3.279628790  -2.580353e-4   0.007664285   0.014202880
-40.42355303   3.262732906  -2.567060e-4   0.007718666   0.014394635
-40.21422187   3.245837023  -2.553766e-4   0.007773632   0.014587646
-40.00489072   3.228941139  -2.540473e-4   0.007829190   0.014781854
-39.79555956   3.212045256  -2.527180e-4   0.007885348   0.014977172
-39.58622841   3.195149372  -2.513886e-4   0.007942117   0.015173474
-39.37689726   3.178253488  -2.500593e-4   0.007999504   0.015370569
-39.16756610   3.161357605  -2.487299e-4   0.008057518   0.015568152
-38.95823495   3.144461721  -2.474006e-4   0.008116170   0.015765710
-38.74890379   3.127565838  -2.460713e-4   0.008175468   0.015962304
-38.53957264   3.110669954  -2.447419e-4   0.008235421   0.016156144
-38.33024148   3.093774071  -2.434126e-4   0.008296040   0.016344682
-38.12091033   3.076878187  -2.420833e-4   0.008357335   0.016527146
-37.91157917   3.059982303  -2.407539e-4   0.008419316   0.016704833
-37.70224802   3.043086420  -2.394246e-4   0.008481992   0.016879132
-37.49291687   3.026190536  -2.380952e-4   0.008545375   0.017051066
-37.28358571   3.009294653  -2.367659e-4   0.008609476   0.017221371
-37.07425456   2.992398769  -2.354366e-4   0.008674304   0.017390595
-36.86492340   2.975502885  -2.341072e-4   0.008739872   0.017559161
-36.65559225   2.958607002  -2.327779e-4   0.008806191   0.017727403
-36.44626109   2.941711118  -2.314486e-4   0.008873271   0.017895596
-36.23692994   2.924815235  -2.301192e-4   0.008941126   0.018063967
-36.02759878   2.907919351  -2.287899e-4   0.009009767   0.018232711
-35.81826763   2.891023468  -2.274605e-4   0.009079207   0.018401996
-35.60893648   2.874127584  -2.261312e-4   0.009149457   0.018571969
-35.39960532   2.857231700  -2.248019e-4   0.009220530   0.018742761
-35.19027417   2.840335817  -2.234725e-4   0.009292441   0.018914491
-34.98094301   2.823439933  -2.221432e-4   0.009365201   0.019087267
-34.77161186   2.806544050  -2.208139e-4   0.009438824   0.019261187
-34.56228070   2.789648166  -2.194845e-4   0.009513325   0.019436342
-34.35294955   2.772752282  -2.181552e-4   0.009588717   0.019612820
-34.14361839   2.755856399  -2.168258e-4   0.009665015   0.019790700
-33.93428724   2.738960515  -2.154965e-4   0.009742233   0.019970059
-33.72495609   2.722064632  -2.141672e-4   0.009820386   0.020150970
-33.51562493   2.705168748  -2.128378e-4   0.009899490   0.020333503
-33.30629378   2.688272865  -2.115085e-4   0.009979560   0.020517727
-33.09696262   2.671376981  -2.101791e-4   0.010060612   0.020703707
-32.88763147   2.654481097  -2.088498e-4   0.010142662   0.020891506
-32.67830031   2.637585214  -2.075205e-4   0.010225727   0.021081188
-32.46896916   2.620689330  -2.061911e-4   0.010309824   0.021272814
-32.25963800   2.603793447  -2.048618e-4   0.010394970   0.021466445
-32.05030685   2.586897563  -2.035325e-4   0.010481182   0.021662141
-31.84097569   2.570001679  -2.022031e-4   0.010568479   0.021859961
-31.63164454   2.553105796  -2.008738e-4   0.010656880   0.022059965
-31.42231339   2.536209912  -1.995444e-4   0.010746402   0.022262212
-31.21298223   2.519314029  -1.982151e-4   0.010837065   0.022466760
-31.00365108   2.502418145  -1.968858e-4   0.010928889   0.022673668
-30.79431992   2.485522262  -1.955564e-4   0.011021894   0.022882997
-30.58498877   2.468626378  -1.942271e-4   0.011116100   0.023094805
-30.37565761   2.451730494  -1.928978e-4   0.011211528   0.023309153
-30.16632646   2.434834611  -1.915684e-4   0.011308200   0.023526100
-29.95699530   2.417938727  -1.902391e-4   0.011406137   0.023745708
-29.74766415   2.401042844  -1.889097e-4   0.011505362   0.023968039
-29.53833300   2.384146960  -1.875804e-4   0.011605897   0.024193155
-29.32900184   2.367251076  -1.862511e-4   0.011707767   0.024421120
-29.11967069   2.350355193  -1.849217e-4   0.011810994   0.024651996
-28.91033953   2.333459309  -1.835924e-4   0.011915604   0.024885851
-28.70100838   2.316563426  -1.822631e-4   0.012021621   0.025122749
-28.49167722   2.299667542  -1.809337e-4   0.012129071   0.025362758
-28.28234607   2.282771659  -1.796044e-4   0.012237981   0.025605947
-28.07301491   2.265875775  -1.782750e-4   0.012348376   0.025852384
-27.86368376   2.248979891  -1.769457e-4   0.012460284   0.026102142
-27.65435261   2.232084008  -1.756164e-4   0.012573733   0.026355292
-27.44502145   2.215188124  -1.742870e-4   0.012688752   0.026611909
-27.23569030   2.198292241  -1.729577e-4   0.012805371   0.026872067
-27.02635914   2.181396357  -1.716284e-4   0.012923619   0.027135843
-26.81702799   2.164500473  -1.702990e-4   0.013043527   0.027403316
-26.60769683   2.147604590  -1.689697e-4   0.013165126   0.027674566
-26.39836568   2.130708706  -1.676403e-4   0.013288449   0.027949676
-26.18903452   2.113812823  -1.663110e-4   0.013413529   0.028228729
-25.97970337   2.096916939  -1.649817e-4   0.013540400   0.028511811
-25.77037222   2.080021055  -1.636523e-4   0.013669096   0.028799009
-25.56104106   2.063125172  -1.623230e-4   0.013799653   0.029090415
-25.35170991   2.046229288  -1.609936e-4   0.013932107   0.029386120
-25.14237875   2.029333405  -1.596643e-4   0.014066495   0.029686218
-24.93304760   2.012437521  -1.583350e-4   0.014202856   0.029990806
-24.72371644   1.995541638  -1.570056e-4   0.014341230   0.030299984
-24.51438529   1.978645754  -1.556763e-4   0.014481655   0.030613853
-24.30505413   1.961749870  -1.543470e-4   0.014624173   0.030932517
-24.09572298   1.944853987  -1.530176e-4   0.014768827   0.031256084
-23.88639183   1.927958103  -1.516883e-4   0.014915660   0.031584664
-23.67706067   1.911062220  -1.503589e-4   0.015064716   0.031918369
-23.46772952   1.894166336  -1.490296e-4   0.015216041   0.032257315
-23.25839836   1.877270452  -1.477003e-4   0.015369681   0.032601622
-23.04906721   1.860374569  -1.463709e-4   0.015525685   0.032951410
-22.83973605   1.843478685  -1.450416e-4   0.015684101   0.033306808
-22.63040490   1.826582802  -1.437123e-4   0.015844981   0.033667942
-22.42107374   1.809686918  -1.423829e-4   0.016008376   0.034034947
-22.21174259   1.792791035  -1.410536e-4   0.016174340   0.034407958
-22.00241143   1.775895151  -1.397242e-4   0.016342927   0.034787117
-21.79308028   1.758999267  -1.383949e-4   0.016514193   0.035172567
-21.58374913   1.742103384  -1.370656e-4   0.016688196   0.035564459
-21.37441797   1.725207500  -1.357362e-4   0.016864996   0.035962944
-21.16508682   1.708311617  -1.344069e-4   0.017044653   0.036368181
-20.95575566   1.691415733  -1.330776e-4   0.017227230   0.036780333
-20.74642451   1.674519849  -1.317482e-4   0.017412792   0.037199566
-20.53709335   1.657623966  -1.304189e-4   0.017601404   0.037626053
-20.32776220   1.640728082  -1.290895e-4   0.017793134   0.038059972
-20.11843104   1.623832199  -1.277602e-4   0.017988053   0.038501507
-19.90909989   1.606936315  -1.264309e-4   0.018186233   0.038950846
-19.69976874   1.590040432  -1.251015e-4   0.018387747   0.039408185
-19.49043758   1.573144548  -1.237722e-4   0.018592672   0.039873725
-19.28110643   1.556248664  -1.224429e-4   0.018801086   0.040347674
-19.07177527   1.539352781  -1.211135e-4   0.019013070   0.040830245
-18.86244412   1.522456897  -1.197842e-4   0.019228707   0.041321662
-18.65311296   1.505561014  -1.184548e-4   0.019448083   0.041822151
-18.44378181   1.488665130  -1.171255e-4   0.019671284   0.042331951
-18.23445065   1.471769246  -1.157962e-4   0.019898403   0.042851304
-18.02511950   1.454873363  -1.144668e-4   0.020129533   0.043380464
-17.81578835   1.437977479  -1.131375e-4   0.020364770   0.043919692
-17.60645719   1.421081596  -1.118082e-4   0.020604213   0.044469258
-17.39712604   1.404185712  -1.104788e-4   0.020847964   0.045029441
-17.18779488   1.387289829  -1.091495e-4   0.021096129   0.045600530
-16.97846373   1.370393945  -1.078201e-4   0.021348818   0.046182827
-16.76913257   1.353498061  -1.064908e-4   0.021606141   0.046776639
-16.55980142   1.336602178  -1.051615e-4   0.021868215   0.047382290
-16.35047026   1.319706294  -1.038321e-4   0.022135159   0.048000111
-16.14113911   1.302810411  -1.025028e-4   0.022407096   0.048630449
-15.93180796   1.285914527  -1.011734e-4   0.022684155   0.049273661
-15.72247680   1.269018643  -9.984411e-5   0.022966465   0.049930119
-15.51314565   1.252122760  -9.851477e-5   0.023254163   0.050600208
-15.30381449   1.235226876  -9.718543e-5   0.023547389   0.051284328
-15.09448334   1.218330993  -9.585610e-5   0.023846288   0.051982895
-14.88515218   1.201435109  -9.452676e-5   0.024151009   0.052696341
-14.67582103   1.184539226  -9.319742e-5   0.024461708   0.053425115
-14.46648987   1.167643342  -9.186808e-5   0.024778544   0.054169682
-14.25715872   1.150747458  -9.053875e-5   0.025101682   0.054930528
-14.04782757   1.133851575  -8.920941e-5   0.025431295   0.055708158
-13.83849641   1.116955691  -8.788007e-5   0.025767558   0.056503097
-13.62916526   1.100059808  -8.655073e-5   0.026110656   0.057315893
-13.41983410   1.083163924  -8.522139e-5   0.026460778   0.058147116
-13.21050295   1.066268040  -8.389206e-5   0.026818121   0.058997360
-13.00117179   1.049372157  -8.256272e-5   0.027182889   0.059867245
-12.79184064   1.032476273  -8.123338e-5   0.027555292   0.060757418
-12.58250948   1.015580390  -7.990404e-5   0.027935549   0.061668553
-12.37317833   0.998684506  -7.857471e-5   0.028323887   0.062601356
-12.16384717   0.981788623  -7.724537e-5   0.028720542   0.063556563
-11.95451602   0.964892739  -7.591603e-5   0.029125756   0.064534943
-11.74518487   0.947996855  -7.458669e-5   0.029539783   0.065537304
-11.53585371   0.931100972  -7.325735e-5   0.029962885   0.066564486
-11.32652256   0.914205088  -7.192802e-5   0.030395336   0.067617374
-11.11719140   0.897309205  -7.059868e-5   0.030837419   0.068696892
-10.90786025   0.880413321  -6.926934e-5   0.031289428   0.069804009
-10.69852909   0.863517437  -6.794000e-5   0.031751668   0.070939744
-10.48919794   0.846621554  -6.661067e-5   0.032224459   0.072105165
-10.27986678   0.829725670  -6.528133e-5   0.032708130   0.073301393
-10.07053563   0.812829787  -6.395199e-5   0.033203026   0.074529609
-9.861204476   0.795933903  -6.262265e-5   0.033709505   0.075791053
-9.651873321   0.779038020  -6.129331e-5   0.034227939   0.077087033
-9.442542167   0.762142136  -5.996398e-5   0.034758717   0.078418924
-9.233211012   0.745246252  -5.863464e-5   0.035302244   0.079788181
-9.023879858   0.728350369  -5.730530e-5   0.035858941   0.081196334
-8.814548703   0.711454485  -5.597596e-5   0.036429248   0.082645002
-8.605217549   0.694558602  -5.464662e-5   0.037013623   0.084135899
-8.395886394   0.677662718  -5.331729e-5   0.037612546   0.085670834
-8.186555240   0.660766834  -5.198795e-5   0.038226515   0.087251728
-7.977224086   0.643870951  -5.065861e-5   0.038856052   0.088880616
-7.767892931   0.626975067  -4.932927e-5   0.039501703   0.090559659
-7.558561777   0.610079184  -4.799994e-5   0.040164038   0.092291155
-7.349230622   0.593183300  -4.667060e-5   0.040843653   0.094077548
-7.139899468   0.576287417  -4.534126e-5   0.041541171   0.095921442
-6.930568313   0.559391533  -4.401192e-5   0.042257245   0.097825619
-6.721237159   0.542495649  -4.268258e-5   0.042992560   0.099793047
-6.511906004   0.525599766  -4.135325e-5   0.043747831   0.101826906
-6.302574850   0.508703882  -4.002391e-5   0.044523809   0.103930601
-6.093243695   0.491807999  -3.869457e-5   0.045321283   0.106107789
-5.883912541   0.474912115  -3.736523e-5   0.046141078   0.108362406
-5.674581386   0.458016231  -3.603590e-5   0.046984065   0.110698690
-5.465250232   0.441120348  -3.470656e-5   0.047851153   0.113121218
-5.255919077   0.424224464  -3.337722e-5   0.048743304   0.115634945
-5.046587923   0.407328581  -3.204788e-5   0.049661524   0.118245244
-4.837256769   0.390432697  -3.071854e-5   0.050606876   0.120957962
-4.627925614   0.373536814  -2.938921e-5   0.051580477   0.123779471
-4.418594460   0.356640930  -2.805987e-5   0.052583507   0.126716747
-4.209263305   0.339745046  -2.673053e-5   0.053617207   0.129777443
-3.999932151   0.322849163  -2.540119e-5   0.054682889   0.132969991
-3.790600996   0.305953279  -2.407186e-5   0.055781938   0.136303717
-3.581269842   0.289057396  -2.274252e-5   0.056915816   0.139788987
-3.371938687   0.272161512  -2.141318e-5   0.058086072   0.143437371
-3.162607533   0.255265628  -2.008384e-5   0.059294342   0.147261870
-2.953276378   0.238369745  -1.875450e-5   0.060542362   0.151277181
-2.743945224   0.221473861  -1.742517e-5   0.061831970   0.155500043
-2.534614069   0.204577978  -1.609583e-5   0.063165118   0.159949694
-2.325282915   0.187682094  -1.476649e-5   0.064543876   0.164648463
-2.115951760   0.170786211  -1.343715e-5   0.065970447   0.169622582
-1.906620606   0.153890327  -1.210781e-5   0.067447172   0.174903280
-1.697289452   0.136994443  -1.077848e-5   0.068976545   0.180528237
-1.487958297   0.120098560  -9.449139e-6   0.070561225   0.186542988
-1.278627143   0.103202676  -8.119801e-6   0.072204046   0.192996950
-1.069295988   0.086306793  -6.790464e-6   0.073908039   0.199886162
-0.859964834   0.069410909  -5.461126e-6   0.075676441   0.206941081
-0.650633679   0.052515025  -4.131788e-6   0.077512720   0.214052949
-0.441302525   0.035619142  -2.802450e-6   0.079420592   0.221190104
-0.231971370   0.018723258  -1.473112e-6   0.081404044   0.228339842
-0.022640216   0.001827375  -1.437746e-7   0.083467359   0.235495436
 0.186690939  -0.015068509   1.185563e-6   0.085615148   0.242652755
 0.396022093  -0.031964392   2.514901e-6   0.087852377   0.249809014
 0.605353248  -0.048860276   3.844239e-6   0.090184403   0.256962201
 0.814684402  -0.065756160   5.173577e-6   0.092617018   0.264110791
 1.024015557  -0.082652043   6.502914e-6   0.095156489   0.271253574
 1.233346711  -0.099547927   7.832252e-6   0.097809609   0.278389562
 1.442677865  -0.116443810   9.161590e-6   0.100583760   0.285517921
 1.652009020  -0.133339694   1.049093e-5   0.103486970   0.292637930
 1.861340174  -0.150235578   1.182027e-5   0.106527993   0.299748951
 2.070671329  -0.167131461   1.314960e-5   0.109716393   0.306850411
 2.280002483  -0.184027345   1.447894e-5   0.113062637   0.313941783
 2.489333638  -0.200923228   1.580828e-5   0.116578212   0.321022577
 2.698664792  -0.217819112   1.713762e-5   0.120275754   0.328092329
 2.907995947  -0.234714996   1.846695e-5   0.124169195   0.335150599
 3.117327101  -0.251610879   1.979629e-5   0.128273940   0.342196960
 3.326658256  -0.268506763   2.112563e-5   0.132607072   0.349230996
 3.535989410  -0.285402646   2.245497e-5   0.137187593   0.356252300
 3.745320565  -0.302298530   2.378431e-5   0.142036709   0.363260468
 3.954651719  -0.319194413   2.511364e-5   0.147178169   0.370255100
 4.163982874  -0.336090297   2.644298e-5   0.152638675   0.377235794
 4.373314028  -0.352986181   2.777232e-5   0.158448364   0.384202146
 4.582645182  -0.369882064   2.910166e-5   0.164641410   0.391153750
 4.791976337  -0.386777948   3.043100e-5   0.171256748   0.398090193
 5.001307491  -0.403673831   3.176033e-5   0.178338969   0.405011057
 5.210638646  -0.420569715   3.308967e-5   0.185939436   0.411915914
 5.419969800  -0.437465599   3.441901e-5   0.194117692   0.418804330
 5.629300955  -0.454361482   3.574835e-5   0.202943236   0.425675857
 5.838632109  -0.471257366   3.707768e-5   0.212497829   0.432530037
 6.047963264  -0.488153249   3.840702e-5   0.222878485   0.439366401
 6.257294418  -0.505049133   3.973636e-5   0.234201449   0.446184463
 6.466625573  -0.521945016   4.106570e-5   0.246607559   0.452983724
 6.675956727  -0.538840900   4.239504e-5   0.260269617   0.459763670
 6.885287882  -0.555736784   4.372437e-5   0.275402781   0.466523766
 7.094619036  -0.572632667   4.505371e-5   0.292279578   0.473263463
 7.303950191  -0.589528551   4.638305e-5   0.311252301   0.479982188
 7.513281345  -0.606424434   4.771239e-5   0.332787708   0.486679350
 7.722612500  -0.623320318   4.904172e-5   0.357523258   0.493354334
 7.931943654  -0.640216202   5.037106e-5   0.386363627   0.500006500
 8.141274808  -0.657112085   5.170040e-5   0.420658874   0.506635186
 8.350605963  -0.674007969   5.302974e-5   0.462567104   0.513239698
 8.559937117  -0.690903852   5.435908e-5   0.515901960   0.519819318
 8.769268272  -0.707799736   5.568841e-5   0.588583545   0.526373294
 8.978599426  -0.724695619   5.701775e-5   0.703020248   0.532900842
 9.187930581  -0.741591503   5.834709e-5   0.909345507   0.539401144
 9.397261735  -0.758487387   5.967643e-5   0.952445895   0.545873343
 9.606592890  -0.775383270   6.100576e-5   0.962469341   0.552316546
 9.815924044  -0.792279154   6.233510e-5   0.967153018   0.558729814
 10.02525520  -0.809175037   6.366444e-5   0.969876943   0.565112166
 10.23458635  -0.826070921   6.499378e-5   0.971637157   0.571462570
 10.44391751  -0.842966805   6.632312e-5   0.972843589   0.577779946
 10.65324866  -0.859862688   6.765245e-5   0.973698974   0.584063158
 10.86257982  -0.876758572   6.898179e-5   0.974316146   0.590311008
 11.07191097  -0.893654455   7.031113e-5   0.974763325   0.596522241
 11.28124213  -0.910550339   7.164047e-5   0.975084373   0.602695529
 11.49057328  -0.927446222   7.296981e-5   0.975308862   0.608829474
 11.69990443  -0.944342106   7.429914e-5   0.975457494   0.614922598
 11.90923559  -0.961237990   7.562848e-5   0.975545214   0.620973341
 12.11856674  -0.978133873   7.695782e-5   0.975583088   0.626980051
 12.32789790  -0.995029757   7.828716e-5   0.975579483   0.632940975
 12.53722905  -1.011925640   7.961649e-5   0.975540841   0.638854258
 12.74656021  -1.028821524   8.094583e-5   0.975472199   0.644717925
 12.95589136  -1.045717408   8.227517e-5   0.975377544   0.650529880
 13.16522252  -1.062613291   8.360451e-5   0.975260068   0.656287885
 13.37455367  -1.079509175   8.493385e-5   0.975122351   0.661989558
 13.58388482  -1.096405058   8.626318e-5   0.974966495   0.667632350
 13.79321598  -1.113300942   8.759252e-5   0.974794218   0.673213536
 14.00254713  -1.130196825   8.892186e-5   0.974606940   0.678730193
 14.21187829  -1.147092709   9.025120e-5   0.974405829   0.684179183
 14.42120944  -1.163988593   9.158053e-5   0.974191853   0.689557128
 14.63054060  -1.180884476   9.290987e-5   0.973965813   0.694860387
 14.83987175  -1.197780360   9.423921e-5   0.973728370   0.700085024
 15.04920291  -1.214676243   9.556855e-5   0.973480066   0.705226777
 15.25853406  -1.231572127   9.689789e-5   0.973221343   0.710281015
 15.46786521  -1.248468011   9.822722e-5   0.972952557   0.715242697
 15.67719637  -1.265363894   9.955656e-5   0.972673987   0.720106317
 15.88652752  -1.282259778   1.008859e-4   0.972385848   0.724865843
 16.09585868  -1.299155661   1.022152e-4   0.972088295   0.729514643
 16.30518983  -1.316051545   1.035446e-4   0.971781430   0.734045397
 16.51452099  -1.332947428   1.048739e-4   0.971465311   0.738449994
 16.72385214  -1.349843312   1.062033e-4   0.971139947   0.742719407
 16.93318330  -1.366739196   1.075326e-4   0.970805311   0.746843534
 17.14251445  -1.383635079   1.088619e-4   0.970461334   0.750811012
 17.35184561  -1.400530963   1.101913e-4   0.970107916   0.754608974
 17.56117676  -1.417426846   1.115206e-4   0.969744917   0.758222754
 17.77050791  -1.434322730   1.128499e-4   0.969372166   0.761635494
 17.97983907  -1.451218614   1.141793e-4   0.968989458   0.764827643
 18.18917022  -1.468114497   1.155086e-4   0.968596555   0.767776290
 18.39850138  -1.485010381   1.168380e-4   0.968193186   0.770454259
 18.60783253  -1.501906264   1.181673e-4   0.967779044   0.772828864
 18.81716369  -1.518802148   1.194966e-4   0.967353790   0.774860175
 19.02649484  -1.535698031   1.208260e-4   0.966917046   0.776498596
 19.23582600  -1.552593915   1.221553e-4   0.966468399   0.777681681
 19.44515715  -1.569489799   1.234846e-4   0.966007395   0.778331155
 19.65448830  -1.586385682   1.248140e-4   0.965533538   0.778356679
 19.86381946  -1.603281566   1.261433e-4   0.965046287   0.777688293
 20.07315061  -1.620177449   1.274727e-4   0.964545055   0.776345498
 20.28248177  -1.637073333   1.288020e-4   0.964029203   0.774421704
 20.49181292  -1.653969217   1.301313e-4   0.963498035   0.772015151
 20.70114408  -1.670865100   1.314607e-4   0.962950798   0.769204757
 20.91047523  -1.687760984   1.327900e-4   0.962386672   0.766051061
 21.11980639  -1.704656867   1.341193e-4   0.961804764   0.762600997
 21.32913754  -1.721552751   1.354487e-4   0.961204104   0.758891728
 21.53846869  -1.738448634   1.367780e-4   0.960583637   0.754953307
 21.74779985  -1.755344518   1.381074e-4   0.959942209   0.750810483
 21.95713100  -1.772240402   1.394367e-4   0.959278564   0.746483965
 22.16646216  -1.789136285   1.407660e-4   0.958591324   0.741991310
 22.37579331  -1.806032169   1.420954e-4   0.957878983   0.737347576
 22.58512447  -1.822928052   1.434247e-4   0.957139887   0.732565804
 22.79445562  -1.839823936   1.447540e-4   0.956372214   0.727657386
 23.00378678  -1.856719820   1.460834e-4   0.955573959   0.722632352
 23.21311793  -1.873615703   1.474127e-4   0.954742901   0.717499585
 23.42244908  -1.890511587   1.487421e-4   0.953876584   0.712267004
 23.63178024  -1.907407470   1.500714e-4   0.952972272   0.706941707
 23.84111139  -1.924303354   1.514007e-4   0.952026919   0.701530083
 24.05044255  -1.941199237   1.527301e-4   0.951037114   0.696037909
 24.25977370  -1.958095121   1.540594e-4   0.949999028   0.690470435
 24.46910486  -1.974991005   1.553887e-4   0.948908345   0.684832440
 24.67843601  -1.991886888   1.567181e-4   0.947760180   0.679128299
 24.88776717  -2.008782772   1.580474e-4   0.946548976   0.673362023
 25.09709832  -2.025678655   1.593768e-4   0.945268387   0.667537301
 25.30642947  -2.042574539   1.607061e-4   0.943911121   0.661657541
 25.51576063  -2.059470423   1.620354e-4   0.942468755   0.655725890
 25.72509178  -2.076366306   1.633648e-4   0.940931499   0.649745270
 25.93442294  -2.093262190   1.646941e-4   0.939287893   0.643718395
 26.14375409  -2.110158073   1.660235e-4   0.937524426   0.637647793
 26.35308525  -2.127053957   1.673528e-4   0.935625038   0.631535825
 26.56241640  -2.143949840   1.686821e-4   0.933570463   0.625384698
 26.77174756  -2.160845724   1.700115e-4   0.931337357   0.619196480
 26.98107871  -2.177741608   1.713408e-4   0.928897119   0.612973113
 27.19040986  -2.194637491   1.726701e-4   0.926214261   0.606716425
 27.39974102  -2.211533375   1.739995e-4   0.923244120   0.600428137
 27.60907217  -2.228429258   1.753288e-4   0.919929571   0.594109873
 27.81840333  -2.245325142   1.766582e-4   0.916196177   0.587763170
 28.02773448  -2.262221026   1.779875e-4   0.911944829   0.581389484
 28.23706564  -2.279116909   1.793168e-4   0.907040189   0.574990194
 28.44639679  -2.296012793   1.806462e-4   0.901291812   0.568566613
 28.65572795  -2.312908676   1.819755e-4   0.894421866   0.562119988
 28.86505910  -2.329804560   1.833048e-4   0.886006771   0.555651511
 29.07439026  -2.346700443   1.846342e-4   0.875364597   0.549162318
 29.28372141  -2.363596327   1.859635e-4   0.861320514   0.542653498
 29.49305256  -2.380492211   1.872929e-4   0.841676995   0.536126090
 29.70238372  -2.397388094   1.886222e-4   0.811964462   0.529581098
 29.91171487  -2.414283978   1.899515e-4   0.763252691   0.523019481
 30.12104603  -2.431179861   1.912809e-4   0.687643194   0.516442166
 30.33037718  -2.448075745   1.926102e-4   0.604067572   0.509850048
 30.53970834  -2.464971629   1.939395e-4   0.534452593   0.503243992
 30.74903949  -2.481867512   1.952689e-4   0.479654915   0.496624834
 30.95837065  -2.498763396   1.965982e-4   0.435722419   0.489993389
 31.16770180  -2.515659279   1.979276e-4   0.399570266   0.483350446
 31.37703295  -2.532555163   1.992569e-4   0.369149247   0.476696779
 31.58636411  -2.549451046   2.005862e-4   0.343088772   0.470033140
 31.79569526  -2.566346930   2.019156e-4   0.320441353   0.463360269
 32.00502642  -2.583242814   2.032449e-4   0.300529138   0.456678889
 32.21435757  -2.600138697   2.045742e-4   0.282852149   0.449989716
 32.42368873  -2.617034581   2.059036e-4   0.267031812   0.443293454
 32.63301988  -2.633930464   2.072329e-4   0.252775006   0.436590801
 32.84235104  -2.650826348   2.085623e-4   0.239850403   0.429882450
 33.05168219  -2.667722232   2.098916e-4   0.228072415   0.423169091
 33.26101334  -2.684618115   2.112209e-4   0.217290012   0.416451414
 33.47034450  -2.701513999   2.125503e-4   0.207378750   0.409730110
 33.67967565  -2.718409882   2.138796e-4   0.198234959   0.403005874
 33.88900681  -2.735305766   2.152090e-4   0.189771431   0.396279411
 34.09833796  -2.752201650   2.165383e-4   0.181914166   0.389551430
 34.30766912  -2.769097533   2.178676e-4   0.174599881   0.382822658
 34.51700027  -2.785993417   2.191970e-4   0.167774079   0.376093835
 34.72633143  -2.802889300   2.205263e-4   0.161389524   0.369365720
 34.93566258  -2.819785184   2.218556e-4   0.155405040   0.362639097
 35.14499373  -2.836681067   2.231850e-4   0.149784537   0.355914777
 35.35432489  -2.853576951   2.245143e-4   0.144496233   0.349193604
 35.56365604  -2.870472835   2.258437e-4   0.139512011   0.342476461
 35.77298720  -2.887368718   2.271730e-4   0.134806893   0.335764275
 35.98231835  -2.904264602   2.285023e-4   0.130358604   0.329058026
 36.19164951  -2.921160485   2.298317e-4   0.126147207   0.322358757
 36.40098066  -2.938056369   2.311610e-4   0.122154799   0.315667580
 36.61031182  -2.954952253   2.324903e-4   0.118365253   0.308985693
 36.81964297  -2.971848136   2.338197e-4   0.114763997   0.302314391
 37.02897412  -2.988744020   2.351490e-4   0.111337832   0.295655085
 37.23830528  -3.005639903   2.364784e-4   0.108074766   0.289009325
 37.44763643  -3.022535787   2.378077e-4   0.104963883   0.282378823
 37.65696759  -3.039431670   2.391370e-4   0.101995217   0.275765487
 37.86629874  -3.056327554   2.404664e-4   0.099159655   0.269171462
 38.07562990  -3.073223438   2.417957e-4   0.096448843   0.262599182
 38.28496105  -3.090119321   2.431250e-4   0.093855110   0.256051437
 38.49429221  -3.107015205   2.444544e-4   0.091371398   0.249531464
 38.70362336  -3.123911088   2.457837e-4   0.088991200   0.243043058
 38.91295452  -3.140806972   2.471131e-4   0.086708510   0.236590740
 39.12228567  -3.157702856   2.484424e-4   0.084517772   0.230179972
 39.33161682  -3.174598739   2.497717e-4   0.082413841   0.223817469
 39.54094798  -3.191494623   2.511011e-4   0.080391944   0.217511649
 39.75027913  -3.208390506   2.524304e-4   0.078447649   0.211273278
 39.95961029  -3.225286390   2.537597e-4   0.076576830   0.205116415
 40.16894144  -3.242182273   2.550891e-4   0.074775646   0.199059701
 40.37827260  -3.259078157   2.564184e-4   0.073040516   0.193127826
 40.58760375  -3.275974041   2.577478e-4   0.071368095   0.187352055
 40.79693491  -3.292869924   2.590771e-4   0.069755256   0.181767068
 41.00626606  -3.309765808   2.604064e-4   0.068199073   0.176402429
 41.21559721  -3.326661691   2.617358e-4   0.066696806   0.171274484
 41.42492837  -3.343557575   2.630651e-4   0.065245883   0.166385733
 41.63425952  -3.360453459   2.643944e-4   0.063843892   0.161729498
 41.84359068  -3.377349342   2.657238e-4   0.062488566   0.157294540
 42.05292183  -3.394245226   2.670531e-4   0.061177771   0.153067904
 42.26225299  -3.411141109   2.683825e-4   0.059909500   0.149036403
 42.47158414  -3.428036993   2.697118e-4   0.058681861   0.145187312
 42.68091530  -3.444932876   2.710411e-4   0.057493070   0.141508670
 42.89024645  -3.461828760   2.723705e-4   0.056341445   0.137989379
 43.09957760  -3.478724644   2.736998e-4   0.055225394   0.134619209
 43.30890876  -3.495620527   2.750292e-4   0.054143415   0.131388760
 43.51823991  -3.512516411   2.763585e-4   0.053094085   0.128289401
 43.72757107  -3.529412294   2.776878e-4   0.052076058   0.125313207
 43.93690222  -3.546308178   2.790172e-4   0.051088060   0.122452892
 44.14623338  -3.563204062   2.803465e-4   0.050128881   0.119701752
 44.35556453  -3.580099945   2.816758e-4   0.049197375   0.117053607
 44.56489569  -3.596995829   2.830052e-4   0.048292453   0.114502752
 44.77422684  -3.613891712   2.843345e-4   0.047413081   0.112043911
 44.98355799  -3.630787596   2.856639e-4   0.046558276   0.109672197
 45.19288915  -3.647683479   2.869932e-4   0.045727104   0.107383076
 45.40222030  -3.664579363   2.883225e-4   0.044918676   0.105172334
 45.61155146  -3.681475247   2.896519e-4   0.044132144   0.103036048
 45.82088261  -3.698371130   2.909812e-4   0.043366703   0.100970562
 46.03021377  -3.715267014   2.923105e-4   0.042621584   0.098972462
 46.23954492  -3.732162897   2.936399e-4   0.041896053   0.097038559
 46.44887608  -3.749058781   2.949692e-4   0.041189411   0.095165864
 46.65820723  -3.765954665   2.962986e-4   0.040500991   0.093351577
 46.86753838  -3.782850548   2.976279e-4   0.039830154   0.091593072
 47.07686954  -3.799746432   2.989572e-4   0.039176291   0.089887879
 47.28620069  -3.816642315   3.002866e-4   0.038538821   0.088233676
 47.49553185  -3.833538199   3.016159e-4   0.037917184   0.086628276
 47.70486300  -3.850434082   3.029452e-4   0.037310850   0.085069618
 47.91419416  -3.867329966   3.042746e-4   0.036719306   0.083555756
 48.12352531  -3.884225850   3.056039e-4   0.036142065   0.082084853
 48.33285647  -3.901121733   3.069333e-4   0.035578657   0.080655172
 48.54218762  -3.918017617   3.082626e-4   0.035028635   0.079265070
 48.75151878  -3.934913500   3.095919e-4   0.034491568   0.077912989
 48.96084993  -3.951809384   3.109213e-4   0.033967043   0.076597454
 49.17018108  -3.968705268   3.122506e-4   0.033454663   0.075317065
 49.37951224  -3.985601151   3.135799e-4   0.032954049   0.074070494
 49.58884339  -4.002497035   3.149093e-4   0.032464835   0.072856478
 49.79817455  -4.019392918   3.162386e-4   0.031986670   0.071673817
 50.00750570  -4.036288802   3.175680e-4   0.031519217   0.070521368
 50.21683686  -4.053184685   3.188973e-4   0.031062153   0.069398044
 50.42616801  -4.070080569   3.202266e-4   0.030615164   0.068302809
 50.63549917  -4.086976453   3.215560e-4   0.030177952   0.067234676
 50.84483032  -4.103872336   3.228853e-4   0.029750227   0.066192702
 51.05416147  -4.120768220   3.242147e-4   0.029331711   0.065175989
 51.26349263  -4.137664103   3.255440e-4   0.028922138   0.064183678
 51.47282378  -4.154559987   3.268733e-4   0.028521249   0.063214948
 51.68215494  -4.171455871   3.282027e-4   0.028128795   0.062269014
 51.89148609  -4.188351754   3.295320e-4   0.027744538   0.061345127
 52.10081725  -4.205247638   3.308613e-4   0.027368247   0.060442568
 52.31014840  -4.222143521   3.321907e-4   0.026999699   0.059560649
 52.51947956  -4.239039405   3.335200e-4   0.026638679   0.058698712
 52.72881071  -4.255935288   3.348494e-4   0.026284981   0.057856124
 52.93814186  -4.272831172   3.361787e-4   0.025938403   0.057032279
 53.14747302  -4.289727056   3.375080e-4   0.025598753   0.056226598
 53.35680417  -4.306622939   3.388374e-4   0.025265845   0.055438522
 53.56613533  -4.323518823   3.401667e-4   0.024939498   0.054667515
 53.77546648  -4.340414706   3.414960e-4   0.024619538   0.053913064
 53.98479764  -4.357310590   3.428254e-4   0.024305797   0.053174673
 54.19412879  -4.374206474   3.441547e-4   0.023998112   0.052451867
 54.40345995  -4.391102357   3.454841e-4   0.023696325   0.051744189
 54.61279110  -4.407998241   3.468134e-4   0.023400286   0.051051199
 54.82212225  -4.424894124   3.481427e-4   0.023109845   0.050372474
 55.03145341  -4.441790008   3.494721e-4   0.022824862   0.049707606
 55.24078456  -4.458685891   3.508014e-4   0.022545198   0.049056202
 55.45011572  -4.475581775   3.521307e-4   0.022270719   0.048417883
 55.65944687  -4.492477659   3.534601e-4   0.022001297   0.047792286
 55.86877803  -4.509373542   3.547894e-4   0.021736805   0.047179057
 56.07810918  -4.526269426   3.561188e-4   0.021477123   0.046577859
 56.28744034  -4.543165309   3.574481e-4   0.021222134   0.045988363
 56.49677149  -4.560061193   3.587774e-4   0.020971723   0.045410254
 56.70610264  -4.576957077   3.601068e-4   0.020725779   0.044843225
 56.91543380  -4.593852960   3.614361e-4   0.020484196   0.044286984
 57.12476495  -4.610748844   3.627654e-4   0.020246870   0.043741245
 57.33409611  -4.627644727   3.640948e-4   0.020013700   0.043205733
 57.54342726  -4.644540611   3.654241e-4   0.019784588   0.042680181
 57.75275842  -4.661436494   3.667535e-4   0.019559440   0.042164334
 57.96208957  -4.678332378   3.680828e-4   0.019338163   0.041657942
 58.17142073  -4.695228262   3.694121e-4   0.019120668   0.041160765
 58.38075188  -4.712124145   3.707415e-4   0.018906868   0.040672569
 58.59008304  -4.729020029   3.720708e-4   0.018696679   0.040193129
 58.79941419  -4.745915912   3.734002e-4   0.018490020   0.039722228
 59.00874534  -4.762811796   3.747295e-4   0.018286809   0.039259653
 59.21807650  -4.779707680   3.760588e-4   0.018086971   0.038805200
 59.42740765  -4.796603563   3.773882e-4   0.017890431   0.038358670
 59.63673881  -4.813499447   3.787175e-4   0.017697114   0.037919870
 59.84606996  -4.830395330   3.800468e-4   0.017506951   0.037488615
 60.05540112  -4.847291214   3.813762e-4   0.017319872   0.037064724
 60.26473227  -4.864187097   3.827055e-4   0.017135810   0.036648020
 60.47406343  -4.881082981   3.840349e-4   0.016954700   0.036238334
 60.68339458  -4.897978865   3.853642e-4   0.016776479   0.035835500
 60.89272573  -4.914874748   3.866935e-4   0.016601084   0.035439358
 61.10205689  -4.931770632   3.880229e-4   0.016428455   0.035049752
 61.31138804  -4.948666515   3.893522e-4   0.016258535   0.034666531
 61.52071920  -4.965562399   3.906815e-4   0.016091266   0.034289547
 61.73005035  -4.982458283   3.920109e-4   0.015926592   0.033918659
 61.93938151  -4.999354166   3.933402e-4   0.015764460   0.033553726
 62.14871266  -5.016250050   3.946696e-4   0.015604817   0.033194615
 62.35804382  -5.033145933   3.959989e-4   0.015447612   0.032841194
 62.56737497  -5.050041817   3.973282e-4   0.015292795   0.032493335
 62.77670612  -5.066937701   3.986576e-4   0.015140317   0.032150914
 62.98603728  -5.083833584   3.999869e-4   0.014990131   0.031813810
 63.19536843  -5.100729468   4.013162e-4   0.014842191   0.031481905
 63.40469959  -5.117625351   4.026456e-4   0.014696451   0.031155085
 63.61403074  -5.134521235   4.039749e-4   0.014552869   0.030833239
 63.82336190  -5.151417118   4.053043e-4   0.014411401   0.030516258
 64.03269305  -5.168313002   4.066336e-4   0.014272006   0.030204035
 64.24202421  -5.185208886   4.079629e-4   0.014134642   0.029896468
 64.45135536  -5.202104769   4.092923e-4   0.013999270   0.029593455
 64.66068651  -5.219000653   4.106216e-4   0.013865852   0.029294900
 64.87001767  -5.235896536   4.119509e-4   0.013734350   0.029000705
 65.07934882  -5.252792420   4.132803e-4   0.013604727   0.028710779
 65.28867998  -5.269688304   4.146096e-4   0.013476946   0.028425028
 65.49801113  -5.286584187   4.159390e-4   0.013350974   0.028143365
 65.70734229  -5.303480071   4.172683e-4   0.013226775   0.027865703
 65.91667344  -5.320375954   4.185976e-4   0.013104316   0.027591956
 66.12600460  -5.337271838   4.199270e-4   0.012983565   0.027322041
 66.33533575  -5.354167721   4.212563e-4   0.012864490   0.027055878
 66.54466690  -5.371063605   4.225856e-4   0.012747059   0.026793386
 66.75399806  -5.387959489   4.239150e-4   0.012631242   0.026534489
 66.96332921  -5.404855372   4.252443e-4   0.012517010   0.026279109
 67.17266037  -5.421751256   4.265737e-4   0.012404333   0.026027173
 67.38199152  -5.438647139   4.279030e-4   0.012293183   0.025778607
 67.59132268  -5.455543023   4.292323e-4   0.012183533   0.025533340
 67.80065383  -5.472438907   4.305617e-4   0.012075355   0.025291301
 68.00998499  -5.489334790   4.318910e-4   0.011968623   0.025052423
 68.21931614  -5.506230674   4.332204e-4   0.011863312   0.024816635
 68.42864730  -5.523126557   4.345497e-4   0.011759394   0.024583874
 68.63797845  -5.540022441   4.358790e-4   0.011656847   0.024354072
 68.84730960  -5.556918324   4.372084e-4   0.011555646   0.024127165
 69.05664076  -5.573814208   4.385377e-4   0.011455767   0.023903091
 69.26597191  -5.590710092   4.398670e-4   0.011357188   0.023681785
 69.47530307  -5.607605975   4.411964e-4   0.011259885   0.023463188
 69.68463422  -5.624501859   4.425257e-4   0.011163836   0.023247237
 69.89396538  -5.641397742   4.438551e-4   0.011069020   0.023033872
 70.10329653  -5.658293626   4.451844e-4   0.010975416   0.022823034
 70.31262769  -5.675189510   4.465137e-4   0.010883003   0.022614663
 70.52195884  -5.692085393   4.478431e-4   0.010791760   0.022408700
 70.73128999  -5.708981277   4.491724e-4   0.010701668   0.022205087
 70.94062115  -5.725877160   4.505017e-4   0.010612708   0.022003766
 71.14995230  -5.742773044   4.518311e-4   0.010524860   0.021804679
 71.35928346  -5.759668927   4.531604e-4   0.010438107   0.021607766
 71.56861461  -5.776564811   4.544898e-4   0.010352428   0.021412970
 71.77794577  -5.793460695   4.558191e-4   0.010267808   0.021220233
 71.98727692  -5.810356578   4.571484e-4   0.010184228   0.021029494
 72.19660808  -5.827252462   4.584778e-4   0.010101671   0.020840695
 72.40593923  -5.844148345   4.598071e-4   0.010020120   0.020653775
 72.61527038  -5.861044229   4.611364e-4   0.009939560   0.020468673
 72.82460154  -5.877940113   4.624658e-4   0.009859974   0.020285325
 73.03393269  -5.894835996   4.637951e-4   0.009781346   0.020103668
 73.24326385  -5.911731880   4.651245e-4   0.009703661   0.019923634
 73.45259500  -5.928627763   4.664538e-4   0.009626904   0.019745157
 73.66192616  -5.945523647   4.677831e-4   0.009551059   0.019568163
 73.87125731  -5.962419530   4.691125e-4   0.009476113   0.019392579
 74.08058847  -5.979315414   4.704418e-4   0.009402052   0.019218326
 74.28991962  -5.996211298   4.717711e-4   0.009328860   0.019045322
 74.49925077  -6.013107181   4.731005e-4   0.009256525   0.018873477
 74.70858193  -6.030003065   4.744298e-4   0.009185034   0.018702696
 74.91791308  -6.046898948   4.757592e-4   0.009114372   0.018532875
 75.12724424  -6.063794832   4.770885e-4   0.009044528   0.018363902
 75.33657539  -6.080690716   4.784178e-4   0.008975488   0.018195650
 75.54590655  -6.097586599   4.797472e-4   0.008907241   0.018027978
 75.75523770  -6.114482483   4.810765e-4   0.008839773   0.017860728
 75.96456886  -6.131378366   4.824059e-4   0.008773074   0.017693714
 76.17390001  -6.148274250   4.837352e-4   0.008707131   0.017526720
 76.38323116  -6.165170133   4.850645e-4   0.008641933   0.017359489
 76.59256232  -6.182066017   4.863939e-4   0.008577469   0.017191704
 76.80189347  -6.198961901   4.877232e-4   0.008513727   0.017022965
 77.01122463  -6.215857784   4.890525e-4   0.008450698   0.016852748
 77.22055578  -6.232753668   4.903819e-4   0.008388369   0.016680328
 77.42988694  -6.249649551   4.917112e-4   0.008326732   0.016504626
 77.63921809  -6.266545435   4.930406e-4   0.008265775   0.016323823
 77.84854925  -6.283441319   4.943699e-4   0.008205489   0.016133994
 78.05788040  -6.300337202   4.956992e-4   0.008145863   0.015926512
 78.26721156  -6.317233086   4.970286e-4   0.008086889   0.015716872
 78.47654271  -6.334128969   4.983579e-4   0.008028556   0.015508193
 78.68587386  -6.351024853   4.996872e-4   0.007970855   0.015300960
 78.89520502  -6.367920736   5.010166e-4   0.007913777   0.015095334
 79.10453617  -6.384816620   5.023459e-4   0.007857314   0.014891384
 79.31386733  -6.401712504   5.036753e-4   0.007801456   0.014689138
 79.52319848  -6.418608387   5.050046e-4   0.007746194   0.014488607
 79.73252964  -6.435504271   5.063339e-4   0.007691520   0.014289789
 79.94186079  -6.452400154   5.076633e-4   0.007637427   0.014092678
 80.15119195  -6.469296038   5.089926e-4   0.007583904   0.013897263
 80.36052310  -6.486191922   5.103219e-4   0.007530946   0.013703532
 80.56985425  -6.503087805   5.116513e-4   0.007478542   0.013511468
 80.77918541  -6.519983689   5.129806e-4   0.007426687   0.013321058
 80.98851656  -6.536879572   5.143100e-4   0.007375372   0.013132283
 81.19784772  -6.553775456   5.156393e-4   0.007324589   0.012945128
 81.40717887  -6.570671339   5.169686e-4   0.007274332   0.012759574
 81.61651003  -6.587567223   5.182980e-4   0.007224592   0.012575605
 81.82584118  -6.604463107   5.196273e-4   0.007175363   0.012393204
 82.03517234  -6.621358990   5.209566e-4   0.007126639   0.012212351
 82.24450349  -6.638254874   5.222860e-4   0.007078411   0.012033031
 82.45383464  -6.655150757   5.236153e-4   0.007030673   0.011855226
 82.66316580  -6.672046641   5.249447e-4   0.006983419   0.011678919
 82.87249695  -6.688942525   5.262740e-4   0.006936642   0.011504092
 83.08182811  -6.705838408   5.276033e-4   0.006890336   0.011330730
 83.29115926  -6.722734292   5.289327e-4   0.006844493   0.011158815
 83.50049042  -6.739630175   5.302620e-4   0.006799109   0.010988331
 83.70982157  -6.756526059   5.315914e-4   0.006754177   0.010819262
 83.91915273  -6.773421942   5.329207e-4   0.006709691   0.010651592
 84.12848388  -6.790317826   5.342500e-4   0.006665644   0.010485305
 84.33781503  -6.807213710   5.355794e-4   0.006622032   0.010320386
 84.54714619  -6.824109593   5.369087e-4   0.006578849   0.010156819
 84.75647734  -6.841005477   5.382380e-4   0.006536088   0.009994590
 84.96580850  -6.857901360   5.395674e-4   0.006493745   0.009833683
 85.17513965  -6.874797244   5.408967e-4   0.006451813   0.009674084
 85.38447081  -6.891693128   5.422261e-4   0.006410288   0.009515779
 85.59380196  -6.908589011   5.435554e-4   0.006369165   0.009358753
 85.80313312  -6.925484895   5.448847e-4   0.006328437   0.009202993
 86.01246427  -6.942380778   5.462141e-4   0.006288101   0.009048484
 86.22179542  -6.959276662   5.475434e-4   0.006248150   0.008895214
 86.43112658  -6.976172545   5.488727e-4   0.006208581   0.008743169
 86.64045773  -6.993068429   5.502021e-4   0.006169388   0.008592336
 86.84978889  -7.009964313   5.515314e-4   0.006130566   0.008442703
 87.05912004  -7.026860196   5.528608e-4   0.006092112   0.008294256
 87.26845120  -7.043756080   5.541901e-4   0.006054019   0.008146984
 87.47778235  -7.060651963   5.555194e-4   0.006016284   0.008000874
 87.68711351  -7.077547847   5.568488e-4   0.005978902   0.007855914
 87.89644466  -7.094443731   5.581781e-4   0.005941869   0.007712094
 88.10577581  -7.111339614   5.595074e-4   0.005905180   0.007569401