#XDI/1.1
# X-ray Monochromator Darwin Width from xrayweb  Wed Dec 10 08:26:12 2025
# Monochromator.xtal        : Si
# Monochromator.hkl         : 1 1 1
# Monochromator.polarization: 's'
# Monochromator.theta       : 5.526274 (deg)
# Monochromator.theta_width : 12.767123 (microrad)
# Monochromator.energy_width: 2.709084 (eV)
# Monochromator.theta_fwhm  : 13.541579 (microrad)
# Monochromator.rocking_fwhm: 17.873972 (microrad)
# Monochromator.energy_fwhm : 2.873418 (eV)
# Xray.Energy               : 20530 (eV)
# Column.1: dtheta (microrad)
# Column.2: denergy (eV)
# Column.3: zeta (delta_lambda / lambda)
# Column.4: intensity
# Column.5: rocking_curve
#---------------------
# {' '.join(array_names)}
-29.94452459   6.353995637  -3.094981e-4   0.005864808   0.007532086
-29.81685336   6.326904793  -3.081785e-4   0.005901120   0.007673348
-29.68918213   6.299813950  -3.068589e-4   0.005937771   0.007815662
-29.56151090   6.272723106  -3.055394e-4   0.005974766   0.007959040
-29.43383967   6.245632262  -3.042198e-4   0.006012109   0.008103494
-29.30616844   6.218541419  -3.029002e-4   0.006049805   0.008249035
-29.17849721   6.191450575  -3.015806e-4   0.006087858   0.008395675
-29.05082599   6.164359732  -3.002611e-4   0.006126273   0.008543427
-28.92315476   6.137268888  -2.989415e-4   0.006165053   0.008692302
-28.79548353   6.110178044  -2.976219e-4   0.006204205   0.008842314
-28.66781230   6.083087201  -2.963023e-4   0.006243733   0.008993474
-28.54014107   6.055996357  -2.949828e-4   0.006283641   0.009145795
-28.41246984   6.028905513  -2.936632e-4   0.006323934   0.009299291
-28.28479861   6.001814670  -2.923436e-4   0.006364618   0.009453974
-28.15712738   5.974723826  -2.910241e-4   0.006405698   0.009609858
-28.02945615   5.947632982  -2.897045e-4   0.006447178   0.009766956
-27.90178492   5.920542139  -2.883849e-4   0.006489065   0.009925281
-27.77411369   5.893451295  -2.870653e-4   0.006531362   0.010084847
-27.64644246   5.866360452  -2.857458e-4   0.006574077   0.010245667
-27.51877123   5.839269608  -2.844262e-4   0.006617213   0.010407757
-27.39110001   5.812178764  -2.831066e-4   0.006660778   0.010571130
-27.26342878   5.785087921  -2.817870e-4   0.006704776   0.010735799
-27.13575755   5.757997077  -2.804675e-4   0.006749214   0.010901780
-27.00808632   5.730906233  -2.791479e-4   0.006794096   0.011069087
-26.88041509   5.703815390  -2.778283e-4   0.006839430   0.011237734
-26.75274386   5.676724546  -2.765087e-4   0.006885222   0.011407736
-26.62507263   5.649633702  -2.751892e-4   0.006931477   0.011579107
-26.49740140   5.622542859  -2.738696e-4   0.006978202   0.011751862
-26.36973017   5.595452015  -2.725500e-4   0.007025403   0.011926016
-26.24205894   5.568361172  -2.712305e-4   0.007073087   0.012101583
-26.11438771   5.541270328  -2.699109e-4   0.007121260   0.012278578
-25.98671648   5.514179484  -2.685913e-4   0.007169930   0.012457014
-25.85904525   5.487088641  -2.672717e-4   0.007219103   0.012636907
-25.73137403   5.459997797  -2.659522e-4   0.007268786   0.012818268
-25.60370280   5.432906953  -2.646326e-4   0.007318986   0.013001113
-25.47603157   5.405816110  -2.633130e-4   0.007369710   0.013185452
-25.34836034   5.378725266  -2.619934e-4   0.007420967   0.013371298
-25.22068911   5.351634422  -2.606739e-4   0.007472762   0.013558661
-25.09301788   5.324543579  -2.593543e-4   0.007525105   0.013747550
-24.96534665   5.297452735  -2.580347e-4   0.007578002   0.013937971
-24.83767542   5.270361892  -2.567151e-4   0.007631462   0.014129927
-24.71000419   5.243271048  -2.553956e-4   0.007685492   0.014323418
-24.58233296   5.216180204  -2.540760e-4   0.007740101   0.014518438
-24.45466173   5.189089361  -2.527564e-4   0.007795298   0.014714971
-24.32699050   5.161998517  -2.514368e-4   0.007851090   0.014912987
-24.19931928   5.134907673  -2.501173e-4   0.007907487   0.015112435
-24.07164805   5.107816830  -2.487977e-4   0.007964496   0.015313226
-23.94397682   5.080725986  -2.474781e-4   0.008022128   0.015515194
-23.81630559   5.053635142  -2.461586e-4   0.008080391   0.015718004
-23.68863436   5.026544299  -2.448390e-4   0.008139294   0.015920817
-23.56096313   4.999453455  -2.435194e-4   0.008198848   0.016120430
-23.43329190   4.972362612  -2.421998e-4   0.008259061   0.016308489
-23.30562067   4.945271768  -2.408803e-4   0.008319944   0.016488032
-23.17794944   4.918180924  -2.395607e-4   0.008381506   0.016662555
-23.05027821   4.891090081  -2.382411e-4   0.008443758   0.016833842
-22.92260698   4.863999237  -2.369215e-4   0.008506710   0.017002967
-22.79493575   4.836908393  -2.356020e-4   0.008570373   0.017170650
-22.66726452   4.809817550  -2.342824e-4   0.008634757   0.017337411
-22.53959330   4.782726706  -2.329628e-4   0.008699874   0.017503647
-22.41192207   4.755635862  -2.316432e-4   0.008765734   0.017669673
-22.28425084   4.728545019  -2.303237e-4   0.008832350   0.017835744
-22.15657961   4.701454175  -2.290041e-4   0.008899733   0.018002073
-22.02890838   4.674363332  -2.276845e-4   0.008967894   0.018168844
-21.90123715   4.647272488  -2.263650e-4   0.009036846   0.018336213
-21.77356592   4.620181644  -2.250454e-4   0.009106602   0.018504320
-21.64589469   4.593090801  -2.237258e-4   0.009177173   0.018673289
-21.51822346   4.565999957  -2.224062e-4   0.009248573   0.018843231
-21.39055223   4.538909113  -2.210867e-4   0.009320815   0.019014250
-21.26288100   4.511818270  -2.197671e-4   0.009393912   0.019186440
-21.13520977   4.484727426  -2.184475e-4   0.009467877   0.019359887
-21.00753854   4.457636582  -2.171279e-4   0.009542726   0.019534674
-20.87986732   4.430545739  -2.158084e-4   0.009618471   0.019710879
-20.75219609   4.403454895  -2.144888e-4   0.009695127   0.019888576
-20.62452486   4.376364052  -2.131692e-4   0.009772710   0.020067834
-20.49685363   4.349273208  -2.118496e-4   0.009851234   0.020248722
-20.36918240   4.322182364  -2.105301e-4   0.009930715   0.020431305
-20.24151117   4.295091521  -2.092105e-4   0.010011167   0.020615647
-20.11383994   4.268000677  -2.078909e-4   0.010092609   0.020801810
-19.98616871   4.240909833  -2.065714e-4   0.010175054   0.020989855
-19.85849748   4.213818990  -2.052518e-4   0.010258522   0.021179842
-19.73082625   4.186728146  -2.039322e-4   0.010343028   0.021371830
-19.60315502   4.159637302  -2.026126e-4   0.010428589   0.021565877
-19.47548379   4.132546459  -2.012931e-4   0.010515225   0.021762043
-19.34781256   4.105455615  -1.999735e-4   0.010602952   0.021960385
-19.22014134   4.078364772  -1.986539e-4   0.010691790   0.022160960
-19.09247011   4.051273928  -1.973343e-4   0.010781757   0.022363827
-18.96479888   4.024183084  -1.960148e-4   0.010872873   0.022569043
-18.83712765   3.997092241  -1.946952e-4   0.010965157   0.022776667
-18.70945642   3.970001397  -1.933756e-4   0.011058630   0.022986756
-18.58178519   3.942910553  -1.920560e-4   0.011153312   0.023199371
-18.45411396   3.915819710  -1.907365e-4   0.011249225   0.023414571
-18.32644273   3.888728866  -1.894169e-4   0.011346391   0.023632414
-18.19877150   3.861638022  -1.880973e-4   0.011444830   0.023852963
-18.07110027   3.834547179  -1.867777e-4   0.011544566   0.024076279
-17.94342904   3.807456335  -1.854582e-4   0.011645621   0.024302424
-17.81575781   3.780365492  -1.841386e-4   0.011748020   0.024531461
-17.68808658   3.753274648  -1.828190e-4   0.011851787   0.024763455
-17.56041536   3.726183804  -1.814995e-4   0.011956945   0.024998470
-17.43274413   3.699092961  -1.801799e-4   0.012063521   0.025236573
-17.30507290   3.672002117  -1.788603e-4   0.012171540   0.025477832
-17.17740167   3.644911273  -1.775407e-4   0.012281029   0.025722315
-17.04973044   3.617820430  -1.762212e-4   0.012392014   0.025970093
-16.92205921   3.590729586  -1.749016e-4   0.012504523   0.026221236
-16.79438798   3.563638742  -1.735820e-4   0.012618584   0.026475817
-16.66671675   3.536547899  -1.722624e-4   0.012734227   0.026733912
-16.53904552   3.509457055  -1.709429e-4   0.012851481   0.026995596
-16.41137429   3.482366212  -1.696233e-4   0.012970376   0.027260946
-16.28370306   3.455275368  -1.683037e-4   0.013090943   0.027530041
-16.15603183   3.428184524  -1.669841e-4   0.013213214   0.027802964
-16.02836061   3.401093681  -1.656646e-4   0.013337222   0.028079796
-15.90068938   3.374002837  -1.643450e-4   0.013463000   0.028360623
-15.77301815   3.346911993  -1.630254e-4   0.013590583   0.028645531
-15.64534692   3.319821150  -1.617059e-4   0.013720004   0.028934609
-15.51767569   3.292730306  -1.603863e-4   0.013851301   0.029227948
-15.39000446   3.265639462  -1.590667e-4   0.013984509   0.029525643
-15.26233323   3.238548619  -1.577471e-4   0.014119666   0.029827787
-15.13466200   3.211457775  -1.564276e-4   0.014256812   0.030134480
-15.00699077   3.184366932  -1.551080e-4   0.014395985   0.030445821
-14.87931954   3.157276088  -1.537884e-4   0.014537226   0.030761915
-14.75164831   3.130185244  -1.524688e-4   0.014680577   0.031082866
-14.62397708   3.103094401  -1.511493e-4   0.014826080   0.031408784
-14.49630585   3.076003557  -1.498297e-4   0.014973780   0.031739779
-14.36863463   3.048912713  -1.485101e-4   0.015123720   0.032075967
-14.24096340   3.021821870  -1.471905e-4   0.015275948   0.032417466
-14.11329217   2.994731026  -1.458710e-4   0.015430509   0.032764395
-13.98562094   2.967640182  -1.445514e-4   0.015587453   0.033116879
-13.85794971   2.940549339  -1.432318e-4   0.015746830   0.033475046
-13.73027848   2.913458495  -1.419123e-4   0.015908690   0.033839028
-13.60260725   2.886367652  -1.405927e-4   0.016073087   0.034208958
-13.47493602   2.859276808  -1.392731e-4   0.016240073   0.034584976
-13.34726479   2.832185964  -1.379535e-4   0.016409704   0.034967226
-13.21959356   2.805095121  -1.366340e-4   0.016582037   0.035355853
-13.09192233   2.778004277  -1.353144e-4   0.016757130   0.035751010
-12.96425110   2.750913433  -1.339948e-4   0.016935044   0.036152852
-12.83657987   2.723822590  -1.326752e-4   0.017115839   0.036561540
-12.70890865   2.696731746  -1.313557e-4   0.017299579   0.036977240
-12.58123742   2.669640902  -1.300361e-4   0.017486329   0.037400122
-12.45356619   2.642550059  -1.287165e-4   0.017676157   0.037830361
-12.32589496   2.615459215  -1.273969e-4   0.017869130   0.038268139
-12.19822373   2.588368372  -1.260774e-4   0.018065320   0.038713643
-12.07055250   2.561277528  -1.247578e-4   0.018264799   0.039167065
-11.94288127   2.534186684  -1.234382e-4   0.018467643   0.039628605
-11.81521004   2.507095841  -1.221186e-4   0.018673928   0.040098468
-11.68753881   2.480004997  -1.207991e-4   0.018883733   0.040576865
-11.55986758   2.452914153  -1.194795e-4   0.019097141   0.041064015
-11.43219635   2.425823310  -1.181599e-4   0.019314234   0.041560145
-11.30452512   2.398732466  -1.168404e-4   0.019535101   0.042065488
-11.17685389   2.371641622  -1.155208e-4   0.019759829   0.042580285
-11.04918267   2.344550779  -1.142012e-4   0.019988511   0.043104786
-10.92151144   2.317459935  -1.128816e-4   0.020221241   0.043639249
-10.79384021   2.290369092  -1.115621e-4   0.020458117   0.044183940
-10.66616898   2.263278248  -1.102425e-4   0.020699239   0.044739137
-10.53849775   2.236187404  -1.089229e-4   0.020944710   0.045305123
-10.41082652   2.209096561  -1.076033e-4   0.021194638   0.045882196
-10.28315529   2.182005717  -1.062838e-4   0.021449132   0.046470662
-10.15548406   2.154914873  -1.049642e-4   0.021708306   0.047070838
-10.02781283   2.127824030  -1.036446e-4   0.021972278   0.047683054
-9.900141603   2.100733186  -1.023250e-4   0.022241167   0.048307649
-9.772470373   2.073642342  -1.010055e-4   0.022515100   0.048944979
-9.644799144   2.046551499  -9.968590e-5   0.022794204   0.049595408
-9.517127915   2.019460655  -9.836633e-5   0.023078614   0.050259320
-9.389456686   1.992369812  -9.704675e-5   0.023368465   0.050937107
-9.261785457   1.965278968  -9.572718e-5   0.023663901   0.051629182
-9.134114227   1.938188124  -9.440760e-5   0.023965069   0.052335969
-9.006442998   1.911097281  -9.308803e-5   0.024272118   0.053057912
-8.878771769   1.884006437  -9.176846e-5   0.024585208   0.053795472
-8.751100540   1.856915593  -9.044888e-5   0.024904499   0.054549128
-8.623429310   1.829824750  -8.912931e-5   0.025230159   0.055319377
-8.495758081   1.802733906  -8.780974e-5   0.025562362   0.056106740
-8.368086852   1.775643062  -8.649016e-5   0.025901288   0.056911755
-8.240415623   1.748552219  -8.517059e-5   0.026247122   0.057734987
-8.112744394   1.721461375  -8.385102e-5   0.026600057   0.058577021
-7.985073164   1.694370532  -8.253144e-5   0.026960291   0.059438470
-7.857401935   1.667279688  -8.121187e-5   0.027328033   0.060319971
-7.729730706   1.640188844  -7.989230e-5   0.027703495   0.061222191
-7.602059477   1.613098001  -7.857272e-5   0.028086899   0.062145826
-7.474388247   1.586007157  -7.725315e-5   0.028478476   0.063091603
-7.346717018   1.558916313  -7.593358e-5   0.028878463   0.064060281
-7.219045789   1.531825470  -7.461400e-5   0.029287109   0.065052655
-7.091374560   1.504734626  -7.329443e-5   0.029704670   0.066069558
-6.963703331   1.477643782  -7.197486e-5   0.030131413   0.067111860
-6.836032101   1.450552939  -7.065528e-5   0.030567614   0.068180474
-6.708360872   1.423462095  -6.933571e-5   0.031013562   0.069276358
-6.580689643   1.396371252  -6.801614e-5   0.031469554   0.070400514
-6.453018414   1.369280408  -6.669656e-5   0.031935902   0.071553998
-6.325347184   1.342189564  -6.537699e-5   0.032412929   0.072737916
-6.197675955   1.315098721  -6.405741e-5   0.032900970   0.073953433
-6.070004726   1.288007877  -6.273784e-5   0.033400375   0.075201772
-5.942333497   1.260917033  -6.141827e-5   0.033911507   0.076484224
-5.814662268   1.233826190  -6.009869e-5   0.034434747   0.077802147
-5.686991038   1.206735346  -5.877912e-5   0.034970487   0.079156974
-5.559319809   1.179644502  -5.745955e-5   0.035519140   0.080550216
-5.431648580   1.152553659  -5.613997e-5   0.036081134   0.081983471
-5.303977351   1.125462815  -5.482040e-5   0.036656916   0.083458428
-5.176306122   1.098371972  -5.350083e-5   0.037246952   0.084976874
-5.048634892   1.071281128  -5.218125e-5   0.037851730   0.086540703
-4.920963663   1.044190284  -5.086168e-5   0.038471757   0.088151923
-4.793292434   1.017099441  -4.954211e-5   0.039107564   0.089812667
-4.665621205   0.990008597  -4.822253e-5   0.039759706   0.091525201
-4.537949975   0.962917753  -4.690296e-5   0.040428764   0.093291937
-4.410278746   0.935826910  -4.558339e-5   0.041115343   0.095115446
-4.282607517   0.908736066  -4.426381e-5   0.041820080   0.096998470
-4.154936288   0.881645222  -4.294424e-5   0.042543638   0.098943941
-4.027265059   0.854554379  -4.162467e-5   0.043286715   0.100954995
-3.899593829   0.827463535  -4.030509e-5   0.044050039   0.103034995
-3.771922600   0.800372692  -3.898552e-5   0.044834377   0.105187551
-3.644251371   0.773281848  -3.766594e-5   0.045640531   0.107416545
-3.516580142   0.746191004  -3.634637e-5   0.046469345   0.109726164
-3.388908912   0.719100161  -3.502680e-5   0.047321702   0.112120928
-3.261237683   0.692009317  -3.370722e-5   0.048198535   0.114605730
-3.133566454   0.664918473  -3.238765e-5   0.049100819   0.117185879
-3.005895225   0.637827630  -3.106808e-5   0.050029586   0.119867150
-2.878223996   0.610736786  -2.974850e-5   0.050985919   0.122655845
-2.750552766   0.583645942  -2.842893e-5   0.051970957   0.125558858
-2.622881537   0.556555099  -2.710936e-5   0.052985906   0.128583761
-2.495210308   0.529464255  -2.578978e-5   0.054032034   0.131738900
-2.367539079   0.502373412  -2.447021e-5   0.055110680   0.135033511
-2.239867849   0.475282568  -2.315064e-5   0.056223260   0.138477865
-2.112196620   0.448191724  -2.183106e-5   0.057371269   0.142083443
-1.984525391   0.421100881  -2.051149e-5   0.058556290   0.145863156
-1.856854162   0.394010037  -1.919192e-5   0.059779998   0.149831623
-1.729182933   0.366919193  -1.787234e-5   0.061044167   0.154005530
-1.601511703   0.339828350  -1.655277e-5   0.062350681   0.158404102
-1.473840474   0.312737506  -1.523320e-5   0.063701535   0.163049742
-1.346169245   0.285646662  -1.391362e-5   0.065098853   0.167968918
-1.218498016   0.258555819  -1.259405e-5   0.066544889   0.173193436
-1.090826786   0.231464975  -1.127448e-5   0.068042045   0.178762322
-0.963155557   0.204374132  -9.954902e-6   0.069592877   0.184724631
-0.835484328   0.177283288  -8.635328e-6   0.071200112   0.191142332
-0.707813099   0.150192444  -7.315755e-6   0.072866660   0.198040427
-0.580141870   0.123101601  -5.996181e-6   0.074595630   0.205245457
-0.452470640   0.096010757  -4.676608e-6   0.076390351   0.212480509
-0.324799411   0.068919913  -3.357034e-6   0.078254384   0.219724510
-0.197128182   0.041829070  -2.037461e-6   0.080191549   0.226970894
-0.069456953   0.014738226  -7.178873e-7   0.082205948   0.234216463
 0.058214276  -0.012352618   6.016862e-7   0.084301990   0.241459320
 0.185885506  -0.039443461   1.921260e-6   0.086484421   0.248698195
 0.313556735  -0.066534305   3.240833e-6   0.088758359   0.255932165
 0.441227964  -0.093625148   4.560407e-6   0.091129327   0.263160517
 0.568899193  -0.120715992   5.879980e-6   0.093603299   0.270382674
 0.696570423  -0.147806836   7.199554e-6   0.096186743   0.277598145
 0.824241652  -0.174897679   8.519127e-6   0.098886680   0.284806505
 0.951912881  -0.201988523   9.838701e-6   0.101710737   0.292007371
 1.079584110  -0.229079367   1.115827e-5   0.104667220   0.299200392
 1.207255339  -0.256170210   1.247785e-5   0.107765194   0.306385239
 1.334926569  -0.283261054   1.379742e-5   0.111014566   0.313561598
 1.462597798  -0.310351898   1.511699e-5   0.114426194   0.320729170
 1.590269027  -0.337442741   1.643657e-5   0.118012004   0.327887660
 1.717940256  -0.364533585   1.775614e-5   0.121785123   0.335036778
 1.845611486  -0.391624428   1.907571e-5   0.125760046   0.342176237
 1.973282715  -0.418715272   2.039529e-5   0.129952816   0.349305752
 2.100953944  -0.445806116   2.171486e-5   0.134381244   0.356425033
 2.228625173  -0.472896959   2.303444e-5   0.139065168   0.363533791
 2.356296402  -0.499987803   2.435401e-5   0.144026760   0.370631731
 2.483967632  -0.527078647   2.567358e-5   0.149290885   0.377718554
 2.611638861  -0.554169490   2.699316e-5   0.154885543   0.384793954
 2.739310090  -0.581260334   2.831273e-5   0.160842396   0.391857620
 2.866981319  -0.608351178   2.963230e-5   0.167197410   0.398909232
 2.994652549  -0.635442021   3.095188e-5   0.173991645   0.405948462
 3.122323778  -0.662532865   3.227145e-5   0.181272235   0.412974973
 3.249995007  -0.689623708   3.359102e-5   0.189093604   0.419988417
 3.377666236  -0.716714552   3.491060e-5   0.197519013   0.426988436
 3.505337465  -0.743805396   3.623017e-5   0.206622525   0.433974660
 3.633008695  -0.770896239   3.754974e-5   0.216491563   0.440946708
 3.760679924  -0.797987083   3.886932e-5   0.227230253   0.447904184
 3.888351153  -0.825077927   4.018889e-5   0.238963898   0.454846677
 4.016022382  -0.852168770   4.150846e-5   0.251845054   0.461773764
 4.143693611  -0.879259614   4.282804e-5   0.266061967   0.468685004
 4.271364841  -0.906350457   4.414761e-5   0.281850579   0.475579940
 4.399036070  -0.933441301   4.546718e-5   0.299512098   0.482458096
 4.526707299  -0.960532145   4.678676e-5   0.319439595   0.489318978
 4.654378528  -0.987622988   4.810633e-5   0.342159947   0.496162072
 4.782049758  -1.014713832   4.942591e-5   0.368403360   0.502986841
 4.909720987  -1.041804676   5.074548e-5   0.399226137   0.509792728
 5.037392216  -1.068895519   5.206505e-5   0.436246158   0.516579150
 5.165063445  -1.095986363   5.338463e-5   0.482148778   0.523345498
 5.292734674  -1.123077207   5.470420e-5   0.541971623   0.530091138
 5.420405904  -1.150168050   5.602377e-5   0.627421819   0.536815405
 5.548077133  -1.177258894   5.734335e-5   0.784433250   0.543517606
 5.675748362  -1.204349737   5.866292e-5   0.975150578   0.550197014
 5.803419591  -1.231440581   5.998249e-5   0.983575885   0.556852866
 5.931090821  -1.258531425   6.130207e-5   0.986387270   0.563484364
 6.058762050  -1.285622268   6.262164e-5   0.987839529   0.570090669
 6.186433279  -1.312713112   6.394121e-5   0.988723742   0.576670903
 6.314104508  -1.339803956   6.526079e-5   0.989309619   0.583224139
 6.441775737  -1.366894799   6.658036e-5   0.989717007   0.589749405
 6.569446967  -1.393985643   6.789993e-5   0.990008099   0.596245676
 6.697118196  -1.421076487   6.921951e-5   0.990218674   0.602711871
 6.824789425  -1.448167330   7.053908e-5   0.990370900   0.609146852
 6.952460654  -1.475258174   7.185865e-5   0.990479297   0.615549416
 7.080131884  -1.502349017   7.317823e-5   0.990553798   0.621918289
 7.207803113  -1.529439861   7.449780e-5   0.990601441   0.628252127
 7.335474342  -1.556530705   7.581737e-5   0.990627356   0.634549504
 7.463145571  -1.583621548   7.713695e-5   0.990635372   0.640808906
 7.590816800  -1.610712392   7.845652e-5   0.990628404   0.647028729
 7.718488030  -1.637803236   7.977610e-5   0.990608710   0.653207262
 7.846159259  -1.664894079   8.109567e-5   0.990578064   0.659342689
 7.973830488  -1.691984923   8.241524e-5   0.990537874   0.665433069
 8.101501717  -1.719075767   8.373482e-5   0.990489275   0.671476332
 8.229172946  -1.746166610   8.505439e-5   0.990433182   0.677470262
 8.356844176  -1.773257454   8.637396e-5   0.990370346   0.683412486
 8.484515405  -1.800348297   8.769354e-5   0.990301379   0.689300456
 8.612186634  -1.827439141   8.901311e-5   0.990226789   0.695131435
 8.739857863  -1.854529985   9.033268e-5   0.990146994   0.700902470
 8.867529093  -1.881620828   9.165226e-5   0.990062339   0.706610377
 8.995200322  -1.908711672   9.297183e-5   0.989973109   0.712251706
 9.122871551  -1.935802516   9.429140e-5   0.989879540   0.717822718
 9.250542780  -1.962893359   9.561098e-5   0.989781823   0.723319345
 9.378214009  -1.989984203   9.693055e-5   0.989680113   0.728737150
 9.505885239  -2.017075047   9.825012e-5   0.989574535   0.734071280
 9.633556468  -2.044165890   9.956970e-5   0.989465184   0.739316407
 9.761227697  -2.071256734   1.008893e-4   0.989352132   0.744466663
 9.888898926  -2.098347577   1.022088e-4   0.989235429   0.749515556
 10.01657016  -2.125438421   1.035284e-4   0.989115104   0.754455879
 10.14424138  -2.152529265   1.048480e-4   0.988991171   0.759279585
 10.27191261  -2.179620108   1.061676e-4   0.988863625   0.763977644
 10.39958384  -2.206710952   1.074871e-4   0.988732448   0.768539863
 10.52725507  -2.233801796   1.088067e-4   0.988597604   0.772954656
 10.65492630  -2.260892639   1.101263e-4   0.988459046   0.777208749
 10.78259753  -2.287983483   1.114459e-4   0.988316713   0.781286801
 10.91026876  -2.315074327   1.127654e-4   0.988170530   0.785170888
 11.03793999  -2.342165170   1.140850e-4   0.988020410   0.788839812
 11.16561122  -2.369256014   1.154046e-4   0.987866251   0.792268115
 11.29328245  -2.396346857   1.167242e-4   0.987707942   0.795424655
 11.42095368  -2.423437701   1.180437e-4   0.987545352   0.798270428
 11.54862491  -2.450528545   1.193633e-4   0.987378342   0.800755059
 11.67629614  -2.477619388   1.206829e-4   0.987206756   0.802810716
 11.80396736  -2.504710232   1.220024e-4   0.987030421   0.804340549
 11.93163859  -2.531801076   1.233220e-4   0.986849151   0.805194951
 12.05930982  -2.558891919   1.246416e-4   0.986662742   0.805157737
 12.18698105  -2.585982763   1.259612e-4   0.986470971   0.804127697
 12.31465228  -2.613073607   1.272807e-4   0.986273595   0.802339797
 12.44232351  -2.640164450   1.286003e-4   0.986070352   0.799992263
 12.56999474  -2.667255294   1.299199e-4   0.985860956   0.797202148
 12.69766597  -2.694346137   1.312395e-4   0.985645096   0.794046788
 12.82533720  -2.721436981   1.325590e-4   0.985422433   0.790581559
 12.95300843  -2.748527825   1.338786e-4   0.985192601   0.786848290
 13.08067966  -2.775618668   1.351982e-4   0.984955197   0.782879786
 13.20835089  -2.802709512   1.365178e-4   0.984709787   0.778702499
 13.33602212  -2.829800356   1.378373e-4   0.984455893   0.774338224
 13.46369334  -2.856891199   1.391569e-4   0.984192994   0.769805227
 13.59136457  -2.883982043   1.404765e-4   0.983920520   0.765119030
 13.71903580  -2.911072887   1.417960e-4   0.983637844   0.760292981
 13.84670703  -2.938163730   1.431156e-4   0.983344278   0.755338671
 13.97437826  -2.965254574   1.444352e-4   0.983039064   0.750266249
 14.10204949  -2.992345417   1.457548e-4   0.982721364   0.745084672
 14.22972072  -3.019436261   1.470743e-4   0.982390249   0.739801890
 14.35739195  -3.046527105   1.483939e-4   0.982044689   0.734425007
 14.48506318  -3.073617948   1.497135e-4   0.981683534   0.728960398
 14.61273441  -3.100708792   1.510331e-4   0.981305502   0.723413813
 14.74040564  -3.127799636   1.523526e-4   0.980909152   0.717790462
 14.86807687  -3.154890479   1.536722e-4   0.980492863   0.712095078
 14.99574810  -3.181981323   1.549918e-4   0.980054800   0.706331984
 15.12341932  -3.209072167   1.563114e-4   0.979592882   0.700505133
 15.25109055  -3.236163010   1.576309e-4   0.979104733   0.694618157
 15.37876178  -3.263253854   1.589505e-4   0.978587628   0.688674398
 15.50643301  -3.290344697   1.602701e-4   0.978038424   0.682676941
 15.63410424  -3.317435541   1.615897e-4   0.977453473   0.676628641
 15.76177547  -3.344526385   1.629092e-4   0.976828514   0.670532146
 15.88944670  -3.371617228   1.642288e-4   0.976158536   0.664389917
 16.01711793  -3.398708072   1.655484e-4   0.975437591   0.658204243
 16.14478916  -3.425798916   1.668679e-4   0.974658565   0.651977264
 16.27246039  -3.452889759   1.681875e-4   0.973812858   0.645710977
 16.40013162  -3.479980603   1.695071e-4   0.972889968   0.639407254
 16.52780285  -3.507071447   1.708267e-4   0.971876902   0.633067850
 16.65547407  -3.534162290   1.721462e-4   0.970757370   0.626694414
 16.78314530  -3.561253134   1.734658e-4   0.969510612   0.620288496
 16.91081653  -3.588343977   1.747854e-4   0.968109694   0.613851559
 17.03848776  -3.615434821   1.761050e-4   0.966518918   0.607384982
 17.16615899  -3.642525665   1.774245e-4   0.964689772   0.600890069
 17.29383022  -3.669616508   1.787441e-4   0.962554330   0.594368052
 17.42150145  -3.696707352   1.800637e-4   0.960013954   0.587820102
 17.54917268  -3.723798196   1.813833e-4   0.956918777   0.581247326
 17.67684391  -3.750889039   1.827028e-4   0.953027492   0.574650778
 17.80451514  -3.777979883   1.840224e-4   0.947920497   0.568031461
 17.93218637  -3.805070727   1.853420e-4   0.940785634   0.561390329
 18.05985760  -3.832161570   1.866615e-4   0.929778288   0.554728292
 18.18752883  -3.859252414   1.879811e-4   0.909441621   0.548046219
 18.31520005  -3.886343257   1.893007e-4   0.854154579   0.541344943
 18.44287128  -3.913434101   1.906203e-4   0.708126596   0.534625257
 18.57054251  -3.940524945   1.919398e-4   0.595732823   0.527887926
 18.69821374  -3.967615788   1.932594e-4   0.521753305   0.521133681
 18.82588497  -3.994706632   1.945790e-4   0.467342139   0.514363227
 18.95355620  -4.021797476   1.958986e-4   0.424636460   0.507577241
 19.08122743  -4.048888319   1.972181e-4   0.389741195   0.500776376
 19.20889866  -4.075979163   1.985377e-4   0.360436996   0.493961263
 19.33656989  -4.103070007   1.998573e-4   0.335333841   0.487132513
 19.46424112  -4.130160850   2.011769e-4   0.313500862   0.480290717
 19.59191235  -4.157251694   2.024964e-4   0.294282952   0.473436447
 19.71958358  -4.184342537   2.038160e-4   0.277201098   0.466570262
 19.84725481  -4.211433381   2.051356e-4   0.261894256   0.459692704
 19.97492603  -4.238524225   2.064551e-4   0.248083494   0.452804304
 20.10259726  -4.265615068   2.077747e-4   0.235548860   0.445905581
 20.23026849  -4.292705912   2.090943e-4   0.224113898   0.438997042
 20.35793972  -4.319796756   2.104139e-4   0.213634935   0.432079188
 20.48561095  -4.346887599   2.117334e-4   0.203993497   0.425152512
 20.61328218  -4.373978443   2.130530e-4   0.195090789   0.418217500
 20.74095341  -4.401069287   2.143726e-4   0.186843617   0.411274635
 20.86862464  -4.428160130   2.156922e-4   0.179181309   0.404324398
 20.99629587  -4.455250974   2.170117e-4   0.172043361   0.397367269
 21.12396710  -4.482341817   2.183313e-4   0.165377608   0.390403726
 21.25163833  -4.509432661   2.196509e-4   0.159138789   0.383434255
 21.37930956  -4.536523505   2.209705e-4   0.153287406   0.376459343
 21.50698079  -4.563614348   2.222900e-4   0.147788805   0.369479485
 21.63465201  -4.590705192   2.236096e-4   0.142612438   0.362495189
 21.76232324  -4.617796036   2.249292e-4   0.137731254   0.355506972
 21.88999447  -4.644886879   2.262488e-4   0.133121200   0.348515371
 22.01766570  -4.671977723   2.275683e-4   0.128760807   0.341520940
 22.14533693  -4.699068567   2.288879e-4   0.124630845   0.334524262
 22.27300816  -4.726159410   2.302075e-4   0.120714029   0.327525947
 22.40067939  -4.753250254   2.315270e-4   0.116994778   0.320526643
 22.52835062  -4.780341097   2.328466e-4   0.113459005   0.313527043
 22.65602185  -4.807431941   2.341662e-4   0.110093939   0.306527894
 22.78369308  -4.834522785   2.354858e-4   0.106887969   0.299530011
 22.91136431  -4.861613628   2.368053e-4   0.103830520   0.292534287
 23.03903554  -4.888704472   2.381249e-4   0.100911930   0.285541718
 23.16670677  -4.915795316   2.394445e-4   0.098123361   0.278553422
 23.29437799  -4.942886159   2.407641e-4   0.095456703   0.271570677
 23.42204922  -4.969977003   2.420836e-4   0.092904509   0.264594960
 23.54972045  -4.997067847   2.434032e-4   0.090459920   0.257628009
 23.67739168  -5.024158690   2.447228e-4   0.088116612   0.250671910
 23.80506291  -5.051249534   2.460424e-4   0.085868741   0.243729219
 23.93273414  -5.078340377   2.473619e-4   0.083710904   0.236803154
 24.06040537  -5.105431221   2.486815e-4   0.081638091   0.229897893
 24.18807660  -5.132522065   2.500011e-4   0.079645654   0.223019089
 24.31574783  -5.159612908   2.513206e-4   0.077729273   0.216174782
 24.44341906  -5.186703752   2.526402e-4   0.075884929   0.209377239
 24.57109029  -5.213794596   2.539598e-4   0.074108875   0.202647078
 24.69876152  -5.240885439   2.552794e-4   0.072397618   0.196023831
 24.82643274  -5.267976283   2.565989e-4   0.070747893   0.189588461
 24.95410397  -5.295067127   2.579185e-4   0.069156649   0.183460576
 25.08177520  -5.322157970   2.592381e-4   0.067621028   0.177686771
 25.20944643  -5.349248814   2.605577e-4   0.066138353   0.172254536
 25.33711766  -5.376339657   2.618772e-4   0.064706112   0.167135587
 25.46478889  -5.403430501   2.631968e-4   0.063321945   0.162301290
 25.59246012  -5.430521345   2.645164e-4   0.061983636   0.157725794
 25.72013135  -5.457612188   2.658360e-4   0.060689099   0.153386369
 25.84780258  -5.484703032   2.671555e-4   0.059436369   0.149263115
 25.97547381  -5.511793876   2.684751e-4   0.058223596   0.145338566
 26.10314504  -5.538884719   2.697947e-4   0.057049033   0.141597320
 26.23081627  -5.565975563   2.711143e-4   0.055911031   0.138025721
 26.35848750  -5.593066407   2.724338e-4   0.054808033   0.134611602
 26.48615872  -5.620157250   2.737534e-4   0.053738566   0.131344062
 26.61382995  -5.647248094   2.750730e-4   0.052701237   0.128213294
 26.74150118  -5.674338937   2.763925e-4   0.051694727   0.125210439
 26.86917241  -5.701429781   2.777121e-4   0.050717784   0.122327459
 26.99684364  -5.728520625   2.790317e-4   0.049769225   0.119557037
 27.12451487  -5.755611468   2.803513e-4   0.048847923   0.116892492
 27.25218610  -5.782702312   2.816708e-4   0.047952812   0.114327703
 27.37985733  -5.809793156   2.829904e-4   0.047082875   0.111857048
 27.50752856  -5.836883999   2.843100e-4   0.046237150   0.109475348
 27.63519979  -5.863974843   2.856296e-4   0.045414718   0.107177824
 27.76287102  -5.891065687   2.869491e-4   0.044614707   0.104960053
 27.89054225  -5.918156530   2.882687e-4   0.043836284   0.102817934
 28.01821348  -5.945247374   2.895883e-4   0.043078658   0.100747660
 28.14588470  -5.972338217   2.909079e-4   0.042341074   0.098745686
 28.27355593  -5.999429061   2.922274e-4   0.041622811   0.096808706
 28.40122716  -6.026519905   2.935470e-4   0.040923181   0.094933636
 28.52889839  -6.053610748   2.948666e-4   0.040241529   0.093117591
 28.65656962  -6.080701592   2.961861e-4   0.039577228   0.091357867
 28.78424085  -6.107792436   2.975057e-4   0.038929677   0.089651932
 28.91191208  -6.134883279   2.988253e-4   0.038298305   0.087997406
 29.03958331  -6.161974123   3.001449e-4   0.037682564   0.086392051
 29.16725454  -6.189064967   3.014644e-4   0.037081928   0.084833761
 29.29492577  -6.216155810   3.027840e-4   0.036495896   0.083320554
 29.42259700  -6.243246654   3.041036e-4   0.035923987   0.081850555
 29.55026823  -6.270337497   3.054232e-4   0.035365740   0.080421999
 29.67793946  -6.297428341   3.067427e-4   0.034820712   0.079033214
 29.80561068  -6.324519185   3.080623e-4   0.034288482   0.077682619
 29.93328191  -6.351610028   3.093819e-4   0.033768641   0.076368718
 30.06095314  -6.378700872   3.107015e-4   0.033260799   0.075090091
 30.18862437  -6.405791716   3.120210e-4   0.032764584   0.073845392
 30.31629560  -6.432882559   3.133406e-4   0.032279633   0.072633345
 30.44396683  -6.459973403   3.146602e-4   0.031805602   0.071452734
 30.57163806  -6.487064247   3.159797e-4   0.031342159   0.070302407
 30.69930929  -6.514155090   3.172993e-4   0.030888984   0.069181264
 30.82698052  -6.541245934   3.186189e-4   0.030445770   0.068088260
 30.95465175  -6.568336777   3.199385e-4   0.030012220   0.067022400
 31.08232298  -6.595427621   3.212580e-4   0.029588052   0.065982732
 31.20999421  -6.622518465   3.225776e-4   0.029172990   0.064968352
 31.33766544  -6.649609308   3.238972e-4   0.028766771   0.063978394
 31.46533666  -6.676700152   3.252168e-4   0.028369141   0.063012032
 31.59300789  -6.703790996   3.265363e-4   0.027979854   0.062068477
 31.72067912  -6.730881839   3.278559e-4   0.027598675   0.061146973
 31.84835035  -6.757972683   3.291755e-4   0.027225376   0.060246800
 31.97602158  -6.785063527   3.304951e-4   0.026859738   0.059367264
 32.10369281  -6.812154370   3.318146e-4   0.026501548   0.058507705
 32.23136404  -6.839245214   3.331342e-4   0.026150602   0.057667487
 32.35903527  -6.866336057   3.344538e-4   0.025806702   0.056846004
 32.48670650  -6.893426901   3.357734e-4   0.025469659   0.056042670
 32.61437773  -6.920517745   3.370929e-4   0.025139288   0.055256927
 32.74204896  -6.947608588   3.384125e-4   0.024815411   0.054488238
 32.86972019  -6.974699432   3.397321e-4   0.024497856   0.053736086
 32.99739141  -7.001790276   3.410516e-4   0.024186457   0.052999975
 33.12506264  -7.028881119   3.423712e-4   0.023881054   0.052279430
 33.25273387  -7.055971963   3.436908e-4   0.023581490   0.051573991
 33.38040510  -7.083062807   3.450104e-4   0.023287617   0.050883218
 33.50807633  -7.110153650   3.463299e-4   0.022999288   0.050206687
 33.63574756  -7.137244494   3.476495e-4   0.022716363   0.049543990
 33.76341879  -7.164335337   3.489691e-4   0.022438705   0.048894733
 33.89109002  -7.191426181   3.502887e-4   0.022166183   0.048258537
 34.01876125  -7.218517025   3.516082e-4   0.021898669   0.047635038
 34.14643248  -7.245607868   3.529278e-4   0.021636040   0.047023882
 34.27410371  -7.272698712   3.542474e-4   0.021378174   0.046424731
 34.40177494  -7.299789556   3.555670e-4   0.021124957   0.045837257
 34.52944617  -7.326880399   3.568865e-4   0.020876275   0.045261145
 34.65711739  -7.353971243   3.582061e-4   0.020632020   0.044696088
 34.78478862  -7.381062087   3.595257e-4   0.020392086   0.044141792
 34.91245985  -7.408152930   3.608452e-4   0.020156369   0.043597973
 35.04013108  -7.435243774   3.621648e-4   0.019924770   0.043064355
 35.16780231  -7.462334617   3.634844e-4   0.019697194   0.042540673
 35.29547354  -7.489425461   3.648040e-4   0.019473545   0.042026670
 35.42314477  -7.516516305   3.661235e-4   0.019253733   0.041522097
 35.55081600  -7.543607148   3.674431e-4   0.019037669   0.041026714
 35.67848723  -7.570697992   3.687627e-4   0.018825268   0.040540288
 35.80615846  -7.597788836   3.700823e-4   0.018616446   0.040062593
 35.93382969  -7.624879679   3.714018e-4   0.018411123   0.039593413
 36.06150092  -7.651970523   3.727214e-4   0.018209219   0.039132535
 36.18917215  -7.679061367   3.740410e-4   0.018010659   0.038679755
 36.31684337  -7.706152210   3.753606e-4   0.017815368   0.038234875
 36.44451460  -7.733243054   3.766801e-4   0.017623273   0.037797703
 36.57218583  -7.760333897   3.779997e-4   0.017434305   0.037368052
 36.69985706  -7.787424741   3.793193e-4   0.017248395   0.036945742
 36.82752829  -7.814515585   3.806388e-4   0.017065478   0.036530598
 36.95519952  -7.841606428   3.819584e-4   0.016885487   0.036122449
 37.08287075  -7.868697272   3.832780e-4   0.016708361   0.035721131
 37.21054198  -7.895788116   3.845976e-4   0.016534039   0.035326484
 37.33821321  -7.922878959   3.859171e-4   0.016362460   0.034938351
 37.46588444  -7.949969803   3.872367e-4   0.016193567   0.034556583
 37.59355567  -7.977060647   3.885563e-4   0.016027304   0.034181033
 37.72122690  -8.004151490   3.898759e-4   0.015863616   0.033811557
 37.84889813  -8.031242334   3.911954e-4   0.015702449   0.033448018
 37.97656935  -8.058333177   3.925150e-4   0.015543751   0.033090281
 38.10424058  -8.085424021   3.938346e-4   0.015387472   0.032738214
 38.23191181  -8.112514865   3.951542e-4   0.015233562   0.032391691
 38.35958304  -8.139605708   3.964737e-4   0.015081973   0.032050588
 38.48725427  -8.166696552   3.977933e-4   0.014932658   0.031714784
 38.61492550  -8.193787396   3.991129e-4   0.014785572   0.031384161
 38.74259673  -8.220878239   4.004325e-4   0.014640669   0.031058607
 38.87026796  -8.247969083   4.017520e-4   0.014497907   0.030738008
 38.99793919  -8.275059927   4.030716e-4   0.014357242   0.030422257
 39.12561042  -8.302150770   4.043912e-4   0.014218635   0.030111249
 39.25328165  -8.329241614   4.057107e-4   0.014082044   0.029804880
 39.38095288  -8.356332457   4.070303e-4   0.013947430   0.029503050
 39.50862411  -8.383423301   4.083499e-4   0.013814756   0.029205662
 39.63629533  -8.410514145   4.096695e-4   0.013683982   0.028912619
 39.76396656  -8.437604988   4.109890e-4   0.013555074   0.028623829
 39.89163779  -8.464695832   4.123086e-4   0.013427995   0.028339201
 40.01930902  -8.491786676   4.136282e-4   0.013302710   0.028058645
 40.14698025  -8.518877519   4.149478e-4   0.013179187   0.027782076
 40.27465148  -8.545968363   4.162673e-4   0.013057390   0.027509409
 40.40232271  -8.573059207   4.175869e-4   0.012937290   0.027240561
 40.52999394  -8.600150050   4.189065e-4   0.012818852   0.026975450
 40.65766517  -8.627240894   4.202261e-4   0.012702048   0.026713999
 40.78533640  -8.654331737   4.215456e-4   0.012586846   0.026456128
 40.91300763  -8.681422581   4.228652e-4   0.012473217   0.026201764
 41.04067886  -8.708513425   4.241848e-4   0.012361133   0.025950830
 41.16835008  -8.735604268   4.255043e-4   0.012250566   0.025703255
 41.29602131  -8.762695112   4.268239e-4   0.012141487   0.025458967
 41.42369254  -8.789785956   4.281435e-4   0.012033870   0.025217896
 41.55136377  -8.816876799   4.294631e-4   0.011927689   0.024979974
 41.67903500  -8.843967643   4.307826e-4   0.011822919   0.024745132
 41.80670623  -8.871058487   4.321022e-4   0.011719534   0.024513305
 41.93437746  -8.898149330   4.334218e-4   0.011617509   0.024284428
 42.06204869  -8.925240174   4.347414e-4   0.011516821   0.024058435
 42.18971992  -8.952331017   4.360609e-4   0.011417447   0.023835265
 42.31739115  -8.979421861   4.373805e-4   0.011319363   0.023614854
 42.44506238  -9.006512705   4.387001e-4   0.011222547   0.023397141
 42.57273361  -9.033603548   4.400197e-4   0.011126976   0.023182065
 42.70040484  -9.060694392   4.413392e-4   0.011032631   0.022969566
 42.82807606  -9.087785236   4.426588e-4   0.010939489   0.022759585
 42.95574729  -9.114876079   4.439784e-4   0.010847531   0.022552062
 43.08341852  -9.141966923   4.452980e-4   0.010756735   0.022346939
 43.21108975  -9.169057766   4.466175e-4   0.010667082   0.022144158
 43.33876098  -9.196148610   4.479371e-4   0.010578554   0.021943660
 43.46643221  -9.223239454   4.492567e-4   0.010491131   0.021745387
 43.59410344  -9.250330297   4.505762e-4   0.010404795   0.021549281
 43.72177467  -9.277421141   4.518958e-4   0.010319527   0.021355284
 43.84944590  -9.304511985   4.532154e-4   0.010235311   0.021163338
 43.97711713  -9.331602828   4.545350e-4   0.010152128   0.020973383
 44.10478836  -9.358693672   4.558545e-4   0.010069962   0.020785359
 44.23245959  -9.385784516   4.571741e-4   0.009988796   0.020599207
 44.36013082  -9.412875359   4.584937e-4   0.009908614   0.020414865
 44.48780204  -9.439966203   4.598133e-4   0.009829400   0.020232270
 44.61547327  -9.467057046   4.611328e-4   0.009751138   0.020051357
 44.74314450  -9.494147890   4.624524e-4   0.009673814   0.019872060
 44.87081573  -9.521238734   4.637720e-4   0.009597411   0.019694310
 44.99848696  -9.548329577   4.650916e-4   0.009521916   0.019518035
 45.12615819  -9.575420421   4.664111e-4   0.009447313   0.019343161
 45.25382942  -9.602511265   4.677307e-4   0.009373589   0.019169609
 45.38150065  -9.629602108   4.690503e-4   0.009300731   0.018997294
 45.50917188  -9.656692952   4.703698e-4   0.009228723   0.018826126
 45.63684311  -9.683783796   4.716894e-4   0.009157554   0.018656010
 45.76451434  -9.710874639   4.730090e-4   0.009087210   0.018486838
 45.89218557  -9.737965483   4.743286e-4   0.009017678   0.018318497
 46.01985680  -9.765056326   4.756481e-4   0.008948946   0.018150857
 46.14752802  -9.792147170   4.769677e-4   0.008881002   0.017983773
 46.27519925  -9.819238014   4.782873e-4   0.008813833   0.017817080
 46.40287048  -9.846328857   4.796069e-4   0.008747427   0.017650586
 46.53054171  -9.873419701   4.809264e-4   0.008681774   0.017484066
 46.65821294  -9.900510545   4.822460e-4   0.008616861   0.017317247
 46.78588417  -9.927601388   4.835656e-4   0.008552678   0.017149791
 46.91355540  -9.954692232   4.848852e-4   0.008489213   0.016981265
 47.04122663  -9.981783076   4.862047e-4   0.008426456   0.016811092
 47.16889786  -10.00887392   4.875243e-4   0.008364396   0.016638450
 47.29656909  -10.03596476   4.888439e-4   0.008303023   0.016462061
 47.42424032  -10.06305561   4.901634e-4   0.008242326   0.016279580
 47.55191155  -10.09014645   4.914830e-4   0.008182297   0.016084455
 47.67958278  -10.11723729   4.928026e-4   0.008122924   0.015873653
 47.80725400  -10.14432814   4.941222e-4   0.008064199   0.015664003
 47.93492523  -10.17141898   4.954417e-4   0.008006112   0.015455998
 48.06259646  -10.19850982   4.967613e-4   0.007948653   0.015249739
 48.19026769  -10.22560067   4.980809e-4   0.007891814   0.015045255
 48.31793892  -10.25269151   4.994005e-4   0.007835586   0.014842548
 48.44561015  -10.27978236   5.007200e-4   0.007779959   0.014641610
 48.57328138  -10.30687320   5.020396e-4   0.007724926   0.014442430
 48.70095261  -10.33396404   5.033592e-4   0.007670478   0.014244990
 48.82862384  -10.36105489   5.046788e-4   0.007616607   0.014049274
 48.95629507  -10.38814573   5.059983e-4   0.007563303   0.013855263
 49.08396630  -10.41523657   5.073179e-4   0.007510560   0.013662938
 49.21163753  -10.44232742   5.086375e-4   0.007458370   0.013472280
 49.33930875  -10.46941826   5.099571e-4   0.007406725   0.013283268
 49.46697998  -10.49650910   5.112766e-4   0.007355616   0.013095884
 49.59465121  -10.52359995   5.125962e-4   0.007305038   0.012910108
 49.72232244  -10.55069079   5.139158e-4   0.007254982   0.012725922
 49.84999367  -10.57778164   5.152353e-4   0.007205441   0.012543305
 49.97766490  -10.60487248   5.165549e-4   0.007156408   0.012362239
 50.10533613  -10.63196332   5.178745e-4   0.007107876   0.012182705
 50.23300736  -10.65905417   5.191941e-4   0.007059839   0.012004685
 50.36067859  -10.68614501   5.205136e-4   0.007012289   0.011828161
 50.48834982  -10.71323585   5.218332e-4   0.006965221   0.011653115
 50.61602105  -10.74032670   5.231528e-4   0.006918627   0.011479529
 50.74369228  -10.76741754   5.244724e-4   0.006872500   0.011307385
 50.87136351  -10.79450838   5.257919e-4   0.006826836   0.011136667
 50.99903473  -10.82159923   5.271115e-4   0.006781628   0.010967358
 51.12670596  -10.84869007   5.284311e-4   0.006736869   0.010799440
 51.25437719  -10.87578092   5.297507e-4   0.006692554   0.010632898
 51.38204842  -10.90287176   5.310702e-4   0.006648676   0.010467715
 51.50971965  -10.92996260   5.323898e-4   0.006605231   0.010303875
 51.63739088  -10.95705345   5.337094e-4   0.006562211   0.010141363
 51.76506211  -10.98414429   5.350289e-4   0.006519613   0.009980164
 51.89273334  -11.01123513   5.363485e-4   0.006477430   0.009820261
 52.02040457  -11.03832598   5.376681e-4   0.006435656   0.009661641
 52.14807580  -11.06541682   5.389877e-4   0.006394287   0.009504288
 52.27574703  -11.09250766   5.403072e-4   0.006353318   0.009348189
 52.40341826  -11.11959851   5.416268e-4   0.006312742   0.009193328
 52.53108949  -11.14668935   5.429464e-4   0.006272556   0.009039691
 52.65876071  -11.17378020   5.442660e-4   0.006232754   0.008887266
 52.78643194  -11.20087104   5.455855e-4   0.006193331   0.008736038
 52.91410317  -11.22796188   5.469051e-4   0.006154282   0.008585994
 53.04177440  -11.25505273   5.482247e-4   0.006115603   0.008437120
 53.16944563  -11.28214357   5.495443e-4   0.006077289   0.008289405
 53.29711686  -11.30923441   5.508638e-4   0.006039335   0.008142835
 53.42478809  -11.33632526   5.521834e-4   0.006001738   0.007997397
 53.55245932  -11.36341610   5.535030e-4   0.005964491   0.007853080
 53.68013055  -11.39050694   5.548225e-4   0.005927592   0.007709870
 53.80780178  -11.41759779   5.561421e-4   0.005891035   0.007567758