#XDI/1.1
# X-ray Monochromator Darwin Width from xrayweb  Wed Dec 10 08:27:02 2025
# Monochromator.xtal        : Si
# Monochromator.hkl         : 1 1 1
# Monochromator.polarization: 's'
# Monochromator.theta       : 5.054619 (deg)
# Monochromator.theta_width : 11.660868 (microrad)
# Monochromator.energy_width: 2.958416 (eV)
# Monochromator.theta_fwhm  : 12.368219 (microrad)
# Monochromator.rocking_fwhm: 16.325216 (microrad)
# Monochromator.energy_fwhm : 3.137874 (eV)
# Xray.Energy               : 22440 (eV)
# Column.1: dtheta (microrad)
# Column.2: denergy (eV)
# Column.3: zeta (delta_lambda / lambda)
# Column.4: intensity
# Column.5: rocking_curve
#---------------------
# {' '.join(array_names)}
-27.35610298   6.940369257  -3.092856e-4   0.005862107   0.007509010
-27.23949430   6.910785097  -3.079673e-4   0.005898393   0.007650024
-27.12288561   6.881200938  -3.066489e-4   0.005935019   0.007792092
-27.00627693   6.851616778  -3.053305e-4   0.005971988   0.007935223
-26.88966825   6.822032618  -3.040121e-4   0.006009305   0.008079431
-26.77305957   6.792448459  -3.026938e-4   0.006046975   0.008224727
-26.65645088   6.762864299  -3.013754e-4   0.006085001   0.008371123
-26.53984220   6.733280139  -3.000570e-4   0.006123388   0.008518631
-26.42323352   6.703695980  -2.987387e-4   0.006162141   0.008667263
-26.30662483   6.674111820  -2.974203e-4   0.006201265   0.008817033
-26.19001615   6.644527661  -2.961019e-4   0.006240765   0.008967952
-26.07340747   6.614943501  -2.947836e-4   0.006280644   0.009120034
-25.95679879   6.585359341  -2.934652e-4   0.006320909   0.009273292
-25.84019010   6.555775182  -2.921468e-4   0.006361563   0.009427738
-25.72358142   6.526191022  -2.908285e-4   0.006402613   0.009583386
-25.60697274   6.496606862  -2.895101e-4   0.006444063   0.009740250
-25.49036405   6.467022703  -2.881917e-4   0.006485919   0.009898344
-25.37375537   6.437438543  -2.868734e-4   0.006528186   0.010057680
-25.25714669   6.407854383  -2.855550e-4   0.006570869   0.010218274
-25.14053801   6.378270224  -2.842366e-4   0.006613974   0.010380139
-25.02392932   6.348686064  -2.829183e-4   0.006657506   0.010543289
-24.90732064   6.319101905  -2.815999e-4   0.006701472   0.010707740
-24.79071196   6.289517745  -2.802815e-4   0.006745876   0.010873505
-24.67410327   6.259933585  -2.789632e-4   0.006790726   0.011040599
-24.55749459   6.230349426  -2.776448e-4   0.006836026   0.011209038
-24.44088591   6.200765266  -2.763264e-4   0.006881783   0.011378835
-24.32427723   6.171181106  -2.750081e-4   0.006928003   0.011550007
-24.20766854   6.141596947  -2.736897e-4   0.006974692   0.011722568
-24.09105986   6.112012787  -2.723713e-4   0.007021858   0.011896533
-23.97445118   6.082428627  -2.710530e-4   0.007069505   0.012071917
-23.85784249   6.052844468  -2.697346e-4   0.007117642   0.012248736
-23.74123381   6.023260308  -2.684162e-4   0.007166274   0.012427004
-23.62462513   5.993676149  -2.670979e-4   0.007215409   0.012606736
-23.50801645   5.964091989  -2.657795e-4   0.007265054   0.012787947
-23.39140776   5.934507829  -2.644611e-4   0.007315215   0.012970651
-23.27479908   5.904923670  -2.631428e-4   0.007365900   0.013154861
-23.15819040   5.875339510  -2.618244e-4   0.007417116   0.013340591
-23.04158171   5.845755350  -2.605060e-4   0.007468871   0.013527852
-22.92497303   5.816171191  -2.591877e-4   0.007521173   0.013716656
-22.80836435   5.786587031  -2.578693e-4   0.007574028   0.013907012
-22.69175567   5.757002872  -2.565509e-4   0.007627446   0.014098925
-22.57514698   5.727418712  -2.552326e-4   0.007681433   0.014292400
-22.45853830   5.697834552  -2.539142e-4   0.007735999   0.014487434
-22.34192962   5.668250393  -2.525958e-4   0.007791151   0.014684019
-22.22532093   5.638666233  -2.512775e-4   0.007846899   0.014882136
-22.10871225   5.609082073  -2.499591e-4   0.007903250   0.015081745
-21.99210357   5.579497914  -2.486407e-4   0.007960213   0.015282778
-21.87549489   5.549913754  -2.473224e-4   0.008017798   0.015485106
-21.75888620   5.520329594  -2.460040e-4   0.008076014   0.015688460
-21.64227752   5.490745435  -2.446856e-4   0.008134869   0.015892169
-21.52566884   5.461161275  -2.433673e-4   0.008194374   0.016093542
-21.40906015   5.431577116  -2.420489e-4   0.008254537   0.016282631
-21.29245147   5.401992956  -2.407305e-4   0.008315369   0.016462474
-21.17584279   5.372408796  -2.394122e-4   0.008376881   0.016637060
-21.05923411   5.342824637  -2.380938e-4   0.008439081   0.016808297
-20.94262542   5.313240477  -2.367754e-4   0.008501980   0.016977304
-20.82601674   5.283656317  -2.354571e-4   0.008565589   0.017144822
-20.70940806   5.254072158  -2.341387e-4   0.008629919   0.017311387
-20.59279937   5.224487998  -2.328203e-4   0.008694981   0.017477403
-20.47619069   5.194903838  -2.315020e-4   0.008760785   0.017643188
-20.35958201   5.165319679  -2.301836e-4   0.008827344   0.017809001
-20.24297333   5.135735519  -2.288652e-4   0.008894669   0.017975059
-20.12636464   5.106151360  -2.275469e-4   0.008962772   0.018141546
-20.00975596   5.076567200  -2.262285e-4   0.009031665   0.018308621
-19.89314728   5.046983040  -2.249101e-4   0.009101360   0.018476423
-19.77653859   5.017398881  -2.235918e-4   0.009171870   0.018645078
-19.65992991   4.987814721  -2.222734e-4   0.009243207   0.018814698
-19.54332123   4.958230561  -2.209550e-4   0.009315386   0.018985386
-19.42671255   4.928646402  -2.196366e-4   0.009388418   0.019157237
-19.31010386   4.899062242  -2.183183e-4   0.009462318   0.019330338
-19.19349518   4.869478083  -2.169999e-4   0.009537100   0.019504771
-19.07688650   4.839893923  -2.156815e-4   0.009612778   0.019680615
-18.96027781   4.810309763  -2.143632e-4   0.009689366   0.019857942
-18.84366913   4.780725604  -2.130448e-4   0.009766879   0.020036824
-18.72706045   4.751141444  -2.117264e-4   0.009845332   0.020217329
-18.61045177   4.721557284  -2.104081e-4   0.009924740   0.020399521
-18.49384308   4.691973125  -2.090897e-4   0.010005120   0.020583465
-18.37723440   4.662388965  -2.077713e-4   0.010086487   0.020769223
-18.26062572   4.632804805  -2.064530e-4   0.010168857   0.020956856
-18.14401703   4.603220646  -2.051346e-4   0.010252247   0.021146423
-18.02740835   4.573636486  -2.038162e-4   0.010336675   0.021337983
-17.91079967   4.544052327  -2.024979e-4   0.010422157   0.021531596
-17.79419099   4.514468167  -2.011795e-4   0.010508712   0.021727319
-17.67758230   4.484884007  -1.998611e-4   0.010596357   0.021925210
-17.56097362   4.455299848  -1.985428e-4   0.010685111   0.022125326
-17.44436494   4.425715688  -1.972244e-4   0.010774993   0.022327726
-17.32775625   4.396131528  -1.959060e-4   0.010866022   0.022532467
-17.21114757   4.366547369  -1.945877e-4   0.010958219   0.022739607
-17.09453889   4.336963209  -1.932693e-4   0.011051602   0.022949205
-16.97793021   4.307379049  -1.919509e-4   0.011146194   0.023161318
-16.86132152   4.277794890  -1.906326e-4   0.011242014   0.023376008
-16.74471284   4.248210730  -1.893142e-4   0.011339085   0.023593332
-16.62810416   4.218626571  -1.879958e-4   0.011437428   0.023813353
-16.51149548   4.189042411  -1.866775e-4   0.011537066   0.024036131
-16.39488679   4.159458251  -1.853591e-4   0.011638022   0.024261728
-16.27827811   4.129874092  -1.840407e-4   0.011740320   0.024490207
-16.16166943   4.100289932  -1.827224e-4   0.011843984   0.024721633
-16.04506074   4.070705772  -1.814040e-4   0.011949037   0.024956069
-15.92845206   4.041121613  -1.800856e-4   0.012055507   0.025193584
-15.81184338   4.011537453  -1.787673e-4   0.012163417   0.025434242
-15.69523470   3.981953294  -1.774489e-4   0.012272794   0.025678114
-15.57862601   3.952369134  -1.761305e-4   0.012383667   0.025925269
-15.46201733   3.922784974  -1.748122e-4   0.012496061   0.026175778
-15.34540865   3.893200815  -1.734938e-4   0.012610005   0.026429713
-15.22879996   3.863616655  -1.721754e-4   0.012725529   0.026687149
-15.11219128   3.834032495  -1.708571e-4   0.012842661   0.026948162
-14.99558260   3.804448336  -1.695387e-4   0.012961433   0.027212828
-14.87897392   3.774864176  -1.682203e-4   0.013081874   0.027481226
-14.76236523   3.745280016  -1.669020e-4   0.013204017   0.027753438
-14.64575655   3.715695857  -1.655836e-4   0.013327894   0.028029545
-14.52914787   3.686111697  -1.642652e-4   0.013453539   0.028309633
-14.41253918   3.656527538  -1.629469e-4   0.013580985   0.028593787
-14.29593050   3.626943378  -1.616285e-4   0.013710268   0.028882097
-14.17932182   3.597359218  -1.603101e-4   0.013841423   0.029174652
-14.06271314   3.567775059  -1.589918e-4   0.013974487   0.029471547
-13.94610445   3.538190899  -1.576734e-4   0.014109498   0.029772875
-13.82949577   3.508606739  -1.563550e-4   0.014246493   0.030078735
-13.71288709   3.479022580  -1.550367e-4   0.014385513   0.030389227
-13.59627840   3.449438420  -1.537183e-4   0.014526599   0.030704453
-13.47966972   3.419854261  -1.523999e-4   0.014669791   0.031024519
-13.36306104   3.390270101  -1.510816e-4   0.014815132   0.031349534
-13.24645236   3.360685941  -1.497632e-4   0.014962665   0.031679607
-13.12984367   3.331101782  -1.484448e-4   0.015112437   0.032014853
-13.01323499   3.301517622  -1.471265e-4   0.015264492   0.032355389
-12.89662631   3.271933462  -1.458081e-4   0.015418877   0.032701335
-12.78001762   3.242349303  -1.444897e-4   0.015575642   0.033052816
-12.66340894   3.212765143  -1.431714e-4   0.015734835   0.033409957
-12.54680026   3.183180983  -1.418530e-4   0.015896508   0.033772891
-12.43019158   3.153596824  -1.405346e-4   0.016060713   0.034141750
-12.31358289   3.124012664  -1.392163e-4   0.016227504   0.034516674
-12.19697421   3.094428505  -1.378979e-4   0.016396935   0.034897804
-12.08036553   3.064844345  -1.365795e-4   0.016569065   0.035285287
-11.96375684   3.035260185  -1.352611e-4   0.016743950   0.035679274
-11.84714816   3.005676026  -1.339428e-4   0.016921650   0.036079920
-11.73053948   2.976091866  -1.326244e-4   0.017102228   0.036487384
-11.61393080   2.946507706  -1.313060e-4   0.017285746   0.036901832
-11.49732211   2.916923547  -1.299877e-4   0.017472269   0.037323432
-11.38071343   2.887339387  -1.286693e-4   0.017661865   0.037752361
-11.26410475   2.857755227  -1.273509e-4   0.017854601   0.038188797
-11.14749606   2.828171068  -1.260326e-4   0.018050548   0.038632927
-11.03088738   2.798586908  -1.247142e-4   0.018249779   0.039084943
-10.91427870   2.769002749  -1.233958e-4   0.018452368   0.039545043
-10.79767002   2.739418589  -1.220775e-4   0.018658393   0.040013431
-10.68106133   2.709834429  -1.207591e-4   0.018867933   0.040490317
-10.56445265   2.680250270  -1.194407e-4   0.019081069   0.040975920
-10.44784397   2.650666110  -1.181224e-4   0.019297884   0.041470463
-10.33123528   2.621081950  -1.168040e-4   0.019518466   0.041974180
-10.21462660   2.591497791  -1.154856e-4   0.019742902   0.042487311
-10.09801792   2.561913631  -1.141673e-4   0.019971286   0.043010103
-9.981409236   2.532329472  -1.128489e-4   0.020203710   0.043542813
-9.864800553   2.502745312  -1.115305e-4   0.020440273   0.044085707
-9.748191870   2.473161152  -1.102122e-4   0.020681074   0.044639059
-9.631583187   2.443576993  -1.088938e-4   0.020926217   0.045203154
-9.514974504   2.413992833  -1.075754e-4   0.021175808   0.045778285
-9.398365822   2.384408673  -1.062571e-4   0.021429957   0.046364757
-9.281757139   2.354824514  -1.049387e-4   0.021688778   0.046962886
-9.165148456   2.325240354  -1.036203e-4   0.021952387   0.047572999
-9.048539773   2.295656194  -1.023020e-4   0.022220905   0.048195435
-8.931931090   2.266072035  -1.009836e-4   0.022494457   0.048830546
-8.815322407   2.236487875  -9.966524e-5   0.022773170   0.049478695
-8.698713725   2.206903716  -9.834687e-5   0.023057179   0.050140263
-8.582105042   2.177319556  -9.702850e-5   0.023346619   0.050815640
-8.465496359   2.147735396  -9.571013e-5   0.023641633   0.051505236
-8.348887676   2.118151237  -9.439177e-5   0.023942367   0.052209474
-8.232278993   2.088567077  -9.307340e-5   0.024248972   0.052928794
-8.115670310   2.058982917  -9.175503e-5   0.024561605   0.053663654
-7.999061627   2.029398758  -9.043666e-5   0.024880427   0.054414530
-7.882452945   1.999814598  -8.911830e-5   0.025205606   0.055181918
-7.765844262   1.970230438  -8.779993e-5   0.025537315   0.055966332
-7.649235579   1.940646279  -8.648156e-5   0.025875732   0.056768310
-7.532626896   1.911062119  -8.516320e-5   0.026221043   0.057588410
-7.416018213   1.881477960  -8.384483e-5   0.026573441   0.058427217
-7.299409530   1.851893800  -8.252646e-5   0.026933124   0.059285337
-7.182800848   1.822309640  -8.120809e-5   0.027300297   0.060163405
-7.066192165   1.792725481  -7.988973e-5   0.027675175   0.061062082
-6.949583482   1.763141321  -7.857136e-5   0.028057979   0.061982059
-6.832974799   1.733557161  -7.725299e-5   0.028448937   0.062924059
-6.716366116   1.703973002  -7.593463e-5   0.028848288   0.063888836
-6.599757433   1.674388842  -7.461626e-5   0.029256279   0.064877179
-6.483148751   1.644804683  -7.329789e-5   0.029673165   0.065889915
-6.366540068   1.615220523  -7.197952e-5   0.030099213   0.066927908
-6.249931385   1.585636363  -7.066116e-5   0.030534698   0.067992065
-6.133322702   1.556052204  -6.934279e-5   0.030979907   0.069083336
-6.016714019   1.526468044  -6.802442e-5   0.031435139   0.070202717
-5.900105336   1.496883884  -6.670606e-5   0.031900703   0.071351254
-5.783496653   1.467299725  -6.538769e-5   0.032376921   0.072530047
-5.666887971   1.437715565  -6.406932e-5   0.032864128   0.073740251
-5.550279288   1.408131405  -6.275095e-5   0.033362672   0.074983081
-5.433670605   1.378547246  -6.143259e-5   0.033872916   0.076259816
-5.317061922   1.348963086  -6.011422e-5   0.034395238   0.077571804
-5.200453239   1.319378927  -5.879585e-5   0.034930031   0.078920466
-5.083844556   1.289794767  -5.747749e-5   0.035477705   0.080307303
-4.967235874   1.260210607  -5.615912e-5   0.036038688   0.081733897
-4.850627191   1.230626448  -5.484075e-5   0.036613425   0.083201925
-4.734018508   1.201042288  -5.352238e-5   0.037202380   0.084713159
-4.617409825   1.171458128  -5.220402e-5   0.037806040   0.086269476
-4.500801142   1.141873969  -5.088565e-5   0.038424910   0.087872867
-4.384192459   1.112289809  -4.956728e-5   0.039059521   0.089525445
-4.267583777   1.082705649  -4.824891e-5   0.039710424   0.091229458
-4.150975094   1.053121490  -4.693055e-5   0.040378198   0.092987295
-4.034366411   1.023537330  -4.561218e-5   0.041063448   0.094801503
-3.917757728   0.993953171  -4.429381e-5   0.041766807   0.096674799
-3.801149045   0.964369011  -4.297545e-5   0.042488937   0.098610087
-3.684540362   0.934784851  -4.165708e-5   0.043230531   0.100610472
-3.567931679   0.905200692  -4.033871e-5   0.043992318   0.102679283
-3.451322997   0.875616532  -3.902034e-5   0.044775061   0.104820095
-3.334714314   0.846032372  -3.770198e-5   0.045579558   0.107036750
-3.218105631   0.816448213  -3.638361e-5   0.046406650   0.109333389
-3.101496948   0.786864053  -3.506524e-5   0.047257218   0.111714485
-2.984888265   0.757279894  -3.374688e-5   0.048132191   0.114184877
-2.868279582   0.727695734  -3.242851e-5   0.049032541   0.116749814
-2.751670900   0.698111574  -3.111014e-5   0.049959294   0.119415004
-2.635062217   0.668527415  -2.979177e-5   0.050913531   0.122186674
-2.518453534   0.638943255  -2.847341e-5   0.051896386   0.125071635
-2.401844851   0.609359095  -2.715504e-5   0.052909060   0.128077363
-2.285236168   0.579774936  -2.583667e-5   0.053952815   0.131212096
-2.168627485   0.550190776  -2.451831e-5   0.055028986   0.134484946
-2.052018802   0.520606616  -2.319994e-5   0.056138983   0.137906043
-1.935410120   0.491022457  -2.188157e-5   0.057284295   0.141486700
-1.818801437   0.461438297  -2.056320e-5   0.058466497   0.145239637
-1.702192754   0.431854138  -1.924484e-5   0.059687258   0.149179243
-1.585584071   0.402269978  -1.792647e-5   0.060948344   0.153321930
-1.468975388   0.372685818  -1.660810e-5   0.062251630   0.157686592
-1.352366705   0.343101659  -1.528974e-5   0.063599104   0.162295223
-1.235758023   0.313517499  -1.397137e-5   0.064992878   0.167173779
-1.119149340   0.283933339  -1.265300e-5   0.066435198   0.172353412
-1.002540657   0.254349180  -1.133463e-5   0.067928453   0.177872306
-0.885931974   0.224765020  -1.001627e-5   0.069475188   0.183778454
-0.769323291   0.195180860  -8.697899e-6   0.071078116   0.190133048
-0.652714608   0.165596701  -7.379532e-6   0.072740134   0.196982992
-0.536105926   0.136012541  -6.061165e-6   0.074464335   0.204199892
-0.419497243   0.106428382  -4.742798e-6   0.076254030   0.211446476
-0.302888560   0.076844222  -3.424431e-6   0.078112763   0.218700854
-0.186279877   0.047260062  -2.106063e-6   0.080044334   0.225956806
-0.069671194   0.017675903  -7.876962e-7   0.082052822   0.233211402
 0.046937489  -0.011908257   5.306710e-7   0.084142614   0.240462930
 0.163546172  -0.041492417   1.849038e-6   0.086318429   0.247710251
 0.280154854  -0.071076576   3.167405e-6   0.088585355   0.254952540
 0.396763537  -0.100660736   4.485773e-6   0.090948884   0.262189157
 0.513372220  -0.130244895   5.804140e-6   0.093414955   0.269419584
 0.629980903  -0.159829055   7.122507e-6   0.095989998   0.276643378
 0.746589586  -0.189413215   8.440874e-6   0.098680990   0.283860151
 0.863198269  -0.218997374   9.759241e-6   0.101495510   0.291069553
 0.979806951  -0.248581534   1.107761e-5   0.104441813   0.298271261
 1.096415634  -0.278165694   1.239598e-5   0.107528903   0.305464971
 1.213024317  -0.307749853   1.371434e-5   0.110766621   0.312650390
 1.329633000  -0.337334013   1.503271e-5   0.114165750   0.319827237
 1.446241683  -0.366918173   1.635108e-5   0.117738132   0.326995236
 1.562850366  -0.396502332   1.766944e-5   0.121496800   0.334154111
 1.679459048  -0.426086492   1.898781e-5   0.125456140   0.341303592
 1.796067731  -0.455670651   2.030618e-5   0.129632073   0.348443405
 1.912676414  -0.485254811   2.162455e-5   0.134042271   0.355573275
 2.029285097  -0.514838971   2.294291e-5   0.138706410   0.362692924
 2.145893780  -0.544423130   2.426128e-5   0.143646476   0.369802069
 2.262502463  -0.574007290   2.557965e-5   0.148887120   0.376900422
 2.379111146  -0.603591450   2.689801e-5   0.154456091   0.383987690
 2.495719828  -0.633175609   2.821638e-5   0.160384758   0.391063571
 2.612328511  -0.662759769   2.953475e-5   0.166708741   0.398127756
 2.728937194  -0.692343929   3.085312e-5   0.173468691   0.405179929
 2.845545877  -0.721928088   3.217148e-5   0.180711249   0.412219761
 2.962154560  -0.751512248   3.348985e-5   0.188490249   0.419246917
 3.078763243  -0.781096407   3.480822e-5   0.196868231   0.426261049
 3.195371925  -0.810680567   3.612658e-5   0.205918377   0.433261799
 3.311980608  -0.840264727   3.744495e-5   0.215727009   0.440248794
 3.428589291  -0.869848886   3.876332e-5   0.226396875   0.447221650
 3.545197974  -0.899433046   4.008169e-5   0.238051514   0.454179969
 3.661806657  -0.929017206   4.140005e-5   0.250841201   0.461123339
 3.778415340  -0.958601365   4.271842e-5   0.264951168   0.468051329
 3.895024023  -0.988185525   4.403679e-5   0.280613292   0.474963496
 4.011632705  -1.017769684   4.535516e-5   0.298123156   0.481859375
 4.128241388  -1.047353844   4.667352e-5   0.317865808   0.488738487
 4.244850071  -1.076938004   4.799189e-5   0.340356248   0.495600328
 4.361458754  -1.106522163   4.931026e-5   0.366306272   0.502444378
 4.478067437  -1.136106323   5.062862e-5   0.396741886   0.509270091
 4.594676120  -1.165690483   5.194699e-5   0.433226983   0.516076901
 4.711284802  -1.195274642   5.326536e-5   0.478339276   0.522864213
 4.827893485  -1.224858802   5.458373e-5   0.536861331   0.529631410
 4.944502168  -1.254442962   5.590209e-5   0.619678980   0.536377843
 5.061110851  -1.284027121   5.722046e-5   0.766919194   0.543102835
 5.177719534  -1.313611281   5.853883e-5   0.977949612   0.549805678
 5.294328217  -1.343195440   5.985719e-5   0.985985453   0.556485628
 5.410936899  -1.372779600   6.117556e-5   0.988488950   0.563141906
 5.527545582  -1.402363760   6.249393e-5   0.989757740   0.569773695
 5.644154265  -1.431947919   6.381230e-5   0.990523388   0.576380136
 5.760762948  -1.461532079   6.513066e-5   0.991028203   0.582960327
 5.877371631  -1.491116239   6.644903e-5   0.991378221   0.589513318
 5.993980314  -1.520700398   6.776740e-5   0.991627933   0.596038109
 6.110588997  -1.550284558   6.908576e-5   0.991808480   0.602533648
 6.227197679  -1.579868718   7.040413e-5   0.991939062   0.608998822
 6.343806362  -1.609452877   7.172250e-5   0.992032203   0.615432459
 6.460415045  -1.639037037   7.304087e-5   0.992096449   0.621833316
 6.577023728  -1.668621196   7.435923e-5   0.992137838   0.628200082
 6.693632411  -1.698205356   7.567760e-5   0.992160764   0.634531364
 6.810241094  -1.727789516   7.699597e-5   0.992168500   0.640825689
 6.926849776  -1.757373675   7.831433e-5   0.992163534   0.647081490
 7.043458459  -1.786957835   7.963270e-5   0.992147792   0.653297100
 7.160067142  -1.816541995   8.095107e-5   0.992122783   0.659470746
 7.276675825  -1.846126154   8.226944e-5   0.992089708   0.665600538
 7.393284508  -1.875710314   8.358780e-5   0.992049530   0.671684455
 7.509893191  -1.905294473   8.490617e-5   0.992003028   0.677720339
 7.626501873  -1.934878633   8.622454e-5   0.991950839   0.683705875
 7.743110556  -1.964462793   8.754291e-5   0.991893483   0.689638582
 7.859719239  -1.994046952   8.886127e-5   0.991831392   0.695515791
 7.976327922  -2.023631112   9.017964e-5   0.991764918   0.701334626
 8.092936605  -2.053215272   9.149801e-5   0.991694356   0.707091984
 8.209545288  -2.082799431   9.281637e-5   0.991619948   0.712784506
 8.326153971  -2.112383591   9.413474e-5   0.991541893   0.718408552
 8.442762653  -2.141967751   9.545311e-5   0.991460354   0.723960160
 8.559371336  -2.171551910   9.677148e-5   0.991375463   0.729435013
 8.675980019  -2.201136070   9.808984e-5   0.991287325   0.734828389
 8.792588702  -2.230720229   9.940821e-5   0.991196023   0.740135105
 8.909197385  -2.260304389   1.007266e-4   0.991101616   0.745349457
 9.025806068  -2.289888549   1.020449e-4   0.991004149   0.750465136
 9.142414750  -2.319472708   1.033633e-4   0.990903647   0.755475139
 9.259023433  -2.349056868   1.046817e-4   0.990800121   0.760371653
 9.375632116  -2.378641028   1.060000e-4   0.990693570   0.765145915
 9.492240799  -2.408225187   1.073184e-4   0.990583977   0.769788041
 9.608849482  -2.437809347   1.086368e-4   0.990471315   0.774286801
 9.725458165  -2.467393507   1.099551e-4   0.990355544   0.778629344
 9.842066848  -2.496977666   1.112735e-4   0.990236615   0.782800826
 9.958675530  -2.526561826   1.125919e-4   0.990114463   0.786783930
 10.07528421  -2.556145985   1.139102e-4   0.989989019   0.790558194
 10.19189290  -2.585730145   1.152286e-4   0.989860196   0.794099087
 10.30850158  -2.615314305   1.165470e-4   0.989727901   0.797376654
 10.42511026  -2.644898464   1.178654e-4   0.989592028   0.800353457
 10.54171894  -2.674482624   1.191837e-4   0.989452458   0.802981264
 10.65832763  -2.704066784   1.205021e-4   0.989309062   0.805195317
 10.77493631  -2.733650943   1.218205e-4   0.989161697   0.806903331
 10.89154499  -2.763235103   1.231388e-4   0.989010206   0.807961728
 11.00815368  -2.792819262   1.244572e-4   0.988854420   0.808139429
 11.12476236  -2.822403422   1.257756e-4   0.988694153   0.807251369
 11.24137104  -2.851987582   1.270939e-4   0.988529202   0.805550272
 11.35797972  -2.881571741   1.284123e-4   0.988359348   0.803264857
 11.47458841  -2.911155901   1.297307e-4   0.988184354   0.800522744
 11.59119709  -2.940740061   1.310490e-4   0.988003958   0.797406124
 11.70780577  -2.970324220   1.323674e-4   0.987817879   0.793973046
 11.82441446  -2.999908380   1.336858e-4   0.987625811   0.790266977
 11.94102314  -3.029492540   1.350041e-4   0.987427420   0.786321809
 12.05763182  -3.059076699   1.363225e-4   0.987222340   0.782164748
 12.17424050  -3.088660859   1.376409e-4   0.987010175   0.777818139
 12.29084919  -3.118245018   1.389592e-4   0.986790490   0.773300657
 12.40745787  -3.147829178   1.402776e-4   0.986562810   0.768628141
 12.52406655  -3.177413338   1.415960e-4   0.986326611   0.763814185
 12.64067524  -3.206997497   1.429143e-4   0.986081320   0.758870575
 12.75728392  -3.236581657   1.442327e-4   0.985826305   0.753807619
 12.87389260  -3.266165817   1.455511e-4   0.985560867   0.748634404
 12.99050128  -3.295749976   1.468694e-4   0.985284232   0.743358987
 13.10710997  -3.325334136   1.481878e-4   0.984995541   0.737988559
 13.22371865  -3.354918296   1.495062e-4   0.984693837   0.732529572
 13.34032733  -3.384502455   1.508245e-4   0.984378050   0.726987839
 13.45693602  -3.414086615   1.521429e-4   0.984046981   0.721368620
 13.57354470  -3.443670774   1.534613e-4   0.983699278   0.715676699
 13.69015338  -3.473254934   1.547796e-4   0.983333415   0.709916433
 13.80676206  -3.502839094   1.560980e-4   0.982947658   0.704091811
 13.92337075  -3.532423253   1.574164e-4   0.982540030   0.698206493
 14.03997943  -3.562007413   1.587347e-4   0.982108263   0.692263846
 14.15658811  -3.591591573   1.600531e-4   0.981649741   0.686266977
 14.27319680  -3.621175732   1.613715e-4   0.981161431   0.680218758
 14.38980548  -3.650759892   1.626898e-4   0.980639791   0.674121854
 14.50641416  -3.680344051   1.640082e-4   0.980080655   0.667978739
 14.62302284  -3.709928211   1.653266e-4   0.979479081   0.661791714
 14.73963153  -3.739512371   1.666449e-4   0.978829162   0.655562928
 14.85624021  -3.769096530   1.679633e-4   0.978123760   0.649294387
 14.97284889  -3.798680690   1.692817e-4   0.977354161   0.642987969
 15.08945758  -3.828264850   1.706000e-4   0.976509595   0.636645435
 15.20606626  -3.857849009   1.719184e-4   0.975576565   0.630268438
 15.32267494  -3.887433169   1.732368e-4   0.974537887   0.623858533
 15.43928362  -3.917017329   1.745551e-4   0.973371285   0.617417183
 15.55589231  -3.946601488   1.758735e-4   0.972047267   0.610945769
 15.67250099  -3.976185648   1.771919e-4   0.970525806   0.604445596
 15.78910967  -4.005769807   1.785102e-4   0.968750942   0.597917897
 15.90571836  -4.035353967   1.798286e-4   0.966641559   0.591363839
 16.02232704  -4.064938127   1.811470e-4   0.964074684   0.584784530
 16.13893572  -4.094522286   1.824653e-4   0.960852857   0.578181021
 16.25554440  -4.124106446   1.837837e-4   0.956633898   0.571554312
 16.37215309  -4.153690606   1.851021e-4   0.950758368   0.564905352
 16.48876177  -4.183274765   1.864204e-4   0.941736057   0.558235049
 16.60537045  -4.212858925   1.877388e-4   0.925167891   0.551544266
 16.72197914  -4.242443085   1.890572e-4   0.879091531   0.544833829
 16.83858782  -4.272027244   1.903755e-4   0.724578691   0.538104528
 16.95519650  -4.301611404   1.916939e-4   0.603850451   0.531357119
 17.07180518  -4.331195563   1.930123e-4   0.527072360   0.524592327
 17.18841387  -4.360779723   1.943306e-4   0.471274102   0.517810847
 17.30502255  -4.390363883   1.956490e-4   0.427733684   0.511013349
 17.42163123  -4.419948042   1.969674e-4   0.392278451   0.504200476
 17.53823992  -4.449532202   1.982857e-4   0.362571838   0.497372849
 17.65484860  -4.479116362   1.996041e-4   0.337165436   0.490531067
 17.77145728  -4.508700521   2.009225e-4   0.315095870   0.483675710
 17.88806596  -4.538284681   2.022409e-4   0.295688421   0.476807338
 18.00467465  -4.567868840   2.035592e-4   0.278451510   0.469926496
 18.12128333  -4.597453000   2.048776e-4   0.263015651   0.463033712
 18.23789201  -4.627037160   2.061960e-4   0.249096022   0.456129500
 18.35450070  -4.656621319   2.075143e-4   0.236468434   0.449214364
 18.47110938  -4.686205479   2.088327e-4   0.224953298   0.442288793
 18.58771806  -4.715789639   2.101511e-4   0.214404580   0.435353269
 18.70432674  -4.745373798   2.114694e-4   0.204701985   0.428408263
 18.82093543  -4.774957958   2.127878e-4   0.195745299   0.421454242
 18.93754411  -4.804542118   2.141062e-4   0.187450197   0.414491663
 19.05415279  -4.834126277   2.154245e-4   0.179745101   0.407520983
 19.17076147  -4.863710437   2.167429e-4   0.172568771   0.400542653
 19.28737016  -4.893294596   2.180613e-4   0.165868437   0.393557123
 19.40397884  -4.922878756   2.193796e-4   0.159598336   0.386564845
 19.52058752  -4.952462916   2.206980e-4   0.153718552   0.379566273
 19.63719621  -4.982047075   2.220164e-4   0.148194080   0.372561865
 19.75380489  -5.011631235   2.233347e-4   0.142994073   0.365552084
 19.87041357  -5.041215395   2.246531e-4   0.138091225   0.358537405
 19.98702225  -5.070799554   2.259715e-4   0.133461265   0.351518314
 20.10363094  -5.100383714   2.272898e-4   0.129082536   0.344495311
 20.22023962  -5.129967873   2.286082e-4   0.124935645   0.337468917
 20.33684830  -5.159552033   2.299266e-4   0.121003164   0.330439677
 20.45345699  -5.189136193   2.312449e-4   0.117269390   0.323408162
 20.57006567  -5.218720352   2.325633e-4   0.113720125   0.316374982
 20.68667435  -5.248304512   2.338817e-4   0.110342503   0.309340789
 20.80328303  -5.277888672   2.352000e-4   0.107124827   0.302306289
 20.91989172  -5.307472831   2.365184e-4   0.104056448   0.295272253
 21.03650040  -5.337056991   2.378368e-4   0.101127636   0.288239533
 21.15310908  -5.366641151   2.391551e-4   0.098329494   0.281209083
 21.26971777  -5.396225310   2.404735e-4   0.095653858   0.274181984
 21.38632645  -5.425809470   2.417919e-4   0.093093233   0.267159482
 21.50293513  -5.455393629   2.431102e-4   0.090640715   0.260143034
 21.61954381  -5.484977789   2.444286e-4   0.088289943   0.253134380
 21.73615250  -5.514561949   2.457470e-4   0.086035038   0.246135642
 21.85276118  -5.544146108   2.470653e-4   0.083870563   0.239149482
 21.96936986  -5.573730268   2.483837e-4   0.081791481   0.232179340
 22.08597855  -5.603314428   2.497021e-4   0.079793116   0.225229851
 22.20258723  -5.632898587   2.510204e-4   0.077871125   0.218307586
 22.31919591  -5.662482747   2.523388e-4   0.076021466   0.211422549
 22.43580459  -5.692066907   2.536572e-4   0.074240373   0.204591593
 22.55241328  -5.721651066   2.549755e-4   0.072524334   0.197847791
 22.66902196  -5.751235226   2.562939e-4   0.070870068   0.191267215
 22.78563064  -5.780819385   2.576123e-4   0.069274506   0.184995528
 22.90223933  -5.810403545   2.589306e-4   0.067734778   0.179097275
 23.01884801  -5.839987705   2.602490e-4   0.066248193   0.173559503
 23.13545669  -5.869571864   2.615674e-4   0.064812227   0.168349756
 23.25206537  -5.899156024   2.628857e-4   0.063424509   0.163436168
 23.36867406  -5.928740184   2.642041e-4   0.062082813   0.158790576
 23.48528274  -5.958324343   2.655225e-4   0.060785041   0.154388572
 23.60189142  -5.987908503   2.668408e-4   0.059529222   0.150208999
 23.71850011  -6.017492662   2.681592e-4   0.058313496   0.146233427
 23.83510879  -6.047076822   2.694776e-4   0.057136108   0.142445693
 23.95171747  -6.076660982   2.707959e-4   0.055995404   0.138831535
 24.06832615  -6.106245141   2.721143e-4   0.054889818   0.135378287
 24.18493484  -6.135829301   2.734327e-4   0.053817872   0.132074641
 24.30154352  -6.165413461   2.747510e-4   0.052778166   0.128910446
 24.41815220  -6.194997620   2.760694e-4   0.051769376   0.125876553
 24.53476089  -6.224581780   2.773878e-4   0.050790247   0.122964676
 24.65136957  -6.254165940   2.787061e-4   0.049839588   0.120167287
 24.76797825  -6.283750099   2.800245e-4   0.048916270   0.117477520
 24.88458693  -6.313334259   2.813429e-4   0.048019220   0.114889093
 25.00119562  -6.342918418   2.826612e-4   0.047147421   0.112396243
 25.11780430  -6.372502578   2.839796e-4   0.046299904   0.109993668
 25.23441298  -6.402086738   2.852980e-4   0.045475749   0.107676478
 25.35102167  -6.431670897   2.866164e-4   0.044674078   0.105440152
 25.46763035  -6.461255057   2.879347e-4   0.043894057   0.103280504
 25.58423903  -6.490839217   2.892531e-4   0.043134892   0.101193647
 25.70084771  -6.520423376   2.905715e-4   0.042395823   0.099175964
 25.81745640  -6.550007536   2.918898e-4   0.041676130   0.097224088
 25.93406508  -6.579591696   2.932082e-4   0.040975120   0.095334876
 26.05067376  -6.609175855   2.945266e-4   0.040292137   0.093505391
 26.16728245  -6.638760015   2.958449e-4   0.039626550   0.091732882
 26.28389113  -6.668344174   2.971633e-4   0.038977759   0.090014774
 26.40049981  -6.697928334   2.984817e-4   0.038345189   0.088348645
 26.51710849  -6.727512494   2.998000e-4   0.037728289   0.086732223
 26.63371718  -6.757096653   3.011184e-4   0.037126534   0.085163369
 26.75032586  -6.786680813   3.024368e-4   0.036539420   0.083640068
 26.86693454  -6.816264973   3.037551e-4   0.035966465   0.082160420
 26.98354323  -6.845849132   3.050735e-4   0.035407205   0.080722631
 27.10015191  -6.875433292   3.063919e-4   0.034861198   0.079325005
 27.21676059  -6.905017451   3.077102e-4   0.034328019   0.077965941
 27.33336927  -6.934601611   3.090286e-4   0.033807260   0.076643919
 27.44997796  -6.964185771   3.103470e-4   0.033298529   0.075357503
 27.56658664  -6.993769930   3.116653e-4   0.032801451   0.074105328
 27.68319532  -7.023354090   3.129837e-4   0.032315666   0.072886100
 27.79980401  -7.052938250   3.143021e-4   0.031840825   0.071698590
 27.91641269  -7.082522409   3.156204e-4   0.031376597   0.070541629
 28.03302137  -7.112106569   3.169388e-4   0.030922660   0.069414105
 28.14963005  -7.141690729   3.182572e-4   0.030478707   0.068314960
 28.26623874  -7.171274888   3.195755e-4   0.030044441   0.067243185
 28.38284742  -7.200859048   3.208939e-4   0.029619577   0.066197821
 28.49945610  -7.230443207   3.222123e-4   0.029203840   0.065177951
 28.61606479  -7.260027367   3.235306e-4   0.028796965   0.064182699
 28.73267347  -7.289611527   3.248490e-4   0.028398698   0.063211230
 28.84928215  -7.319195686   3.261674e-4   0.028008792   0.062262747
 28.96589083  -7.348779846   3.274857e-4   0.027627012   0.061336487
 29.08249952  -7.378364006   3.288041e-4   0.027253128   0.060431719
 29.19910820  -7.407948165   3.301225e-4   0.026886921   0.059547744
 29.31571688  -7.437532325   3.314408e-4   0.026528179   0.058683895
 29.43232557  -7.467116485   3.327592e-4   0.026176695   0.057839529
 29.54893425  -7.496700644   3.340776e-4   0.025832273   0.057014034
 29.66554293  -7.526284804   3.353959e-4   0.025494721   0.056206819
 29.78215161  -7.555868963   3.367143e-4   0.025163855   0.055417319
 29.89876030  -7.585453123   3.380327e-4   0.024839495   0.054644992
 30.01536898  -7.615037283   3.393510e-4   0.024521471   0.053889317
 30.13197766  -7.644621442   3.406694e-4   0.024209615   0.053149794
 30.24858635  -7.674205602   3.419878e-4   0.023903767   0.052425941
 30.36519503  -7.703789762   3.433061e-4   0.023603770   0.051717296
 30.48180371  -7.733373921   3.446245e-4   0.023309475   0.051023415
 30.59841239  -7.762958081   3.459429e-4   0.023020734   0.050343869
 30.71502108  -7.792542240   3.472612e-4   0.022737408   0.049678247
 30.83162976  -7.822126400   3.485796e-4   0.022459359   0.049026151
 30.94823844  -7.851710560   3.498980e-4   0.022186456   0.048387199
 31.06484712  -7.881294719   3.512163e-4   0.021918570   0.047761024
 31.18145581  -7.910878879   3.525347e-4   0.021655578   0.047147270
 31.29806449  -7.940463039   3.538531e-4   0.021397358   0.046545595
 31.41467317  -7.970047198   3.551714e-4   0.021143796   0.045955668
 31.53128186  -7.999631358   3.564898e-4   0.020894778   0.045377171
 31.64789054  -8.029215518   3.578082e-4   0.020650194   0.044809796
 31.76449922  -8.058799677   3.591265e-4   0.020409938   0.044253247
 31.88110790  -8.088383837   3.604449e-4   0.020173908   0.043707236
 31.99771659  -8.117967996   3.617633e-4   0.019942004   0.043171486
 32.11432527  -8.147552156   3.630816e-4   0.019714128   0.042645730
 32.23093395  -8.177136316   3.644000e-4   0.019490187   0.042129707
 32.34754264  -8.206720475   3.657184e-4   0.019270090   0.041623169
 32.46415132  -8.236304635   3.670367e-4   0.019053748   0.041125872
 32.58076000  -8.265888795   3.683551e-4   0.018841075   0.040637583
 32.69736868  -8.295472954   3.696735e-4   0.018631988   0.040158074
 32.81397737  -8.325057114   3.709918e-4   0.018426404   0.039687125
 32.93058605  -8.354641274   3.723102e-4   0.018224247   0.039224525
 33.04719473  -8.384225433   3.736286e-4   0.018025438   0.038770066
 33.16380342  -8.413809593   3.749470e-4   0.017829904   0.038323550
 33.28041210  -8.443393752   3.762653e-4   0.017637571   0.037884782
 33.39702078  -8.472977912   3.775837e-4   0.017448371   0.037453576
 33.51362946  -8.502562072   3.789021e-4   0.017262234   0.037029749
 33.63023815  -8.532146231   3.802204e-4   0.017079094   0.036613125
 33.74684683  -8.561730391   3.815388e-4   0.016898886   0.036203533
 33.86345551  -8.591314551   3.828572e-4   0.016721547   0.035800807
 33.98006420  -8.620898710   3.841755e-4   0.016547016   0.035404785
 34.09667288  -8.650482870   3.854939e-4   0.016375234   0.035015312
 34.21328156  -8.680067029   3.868123e-4   0.016206141   0.034632235
 34.32989024  -8.709651189   3.881306e-4   0.016039683   0.034255406
 34.44649893  -8.739235349   3.894490e-4   0.015875803   0.033884683
 34.56310761  -8.768819508   3.907674e-4   0.015714449   0.033519925
 34.67971629  -8.798403668   3.920857e-4   0.015555568   0.033160998
 34.79632498  -8.827987828   3.934041e-4   0.015399109   0.032807769
 34.91293366  -8.857571987   3.947225e-4   0.015245022   0.032460110
 35.02954234  -8.887156147   3.960408e-4   0.015093261   0.032117897
 35.14615102  -8.916740307   3.973592e-4   0.014943777   0.031781009
 35.26275971  -8.946324466   3.986776e-4   0.014796524   0.031449326
 35.37936839  -8.975908626   3.999959e-4   0.014651459   0.031122736
 35.49597707  -9.005492785   4.013143e-4   0.014508538   0.030801125
 35.61258576  -9.035076945   4.026327e-4   0.014367718   0.030484385
 35.72919444  -9.064661105   4.039510e-4   0.014228957   0.030172409
 35.84580312  -9.094245264   4.052694e-4   0.014092217   0.029865093
 35.96241180  -9.123829424   4.065878e-4   0.013957456   0.029562338
 36.07902049  -9.153413584   4.079061e-4   0.013824637   0.029264045
 36.19562917  -9.182997743   4.092245e-4   0.013693722   0.028970117
 36.31223785  -9.212581903   4.105429e-4   0.013564675   0.028680461
 36.42884654  -9.242166063   4.118612e-4   0.013437460   0.028394985
 36.54545522  -9.271750222   4.131796e-4   0.013312042   0.028113602
 36.66206390  -9.301334382   4.144980e-4   0.013188387   0.027836222
 36.77867258  -9.330918541   4.158163e-4   0.013066463   0.027562761
 36.89528127  -9.360502701   4.171347e-4   0.012946236   0.027293137
 37.01188995  -9.390086861   4.184531e-4   0.012827675   0.027027267
 37.12849863  -9.419671020   4.197714e-4   0.012710749   0.026765072
 37.24510732  -9.449255180   4.210898e-4   0.012595428   0.026506474
 37.36171600  -9.478839340   4.224082e-4   0.012481682   0.026251397
 37.47832468  -9.508423499   4.237265e-4   0.012369483   0.025999767
 37.59493336  -9.538007659   4.250449e-4   0.012258803   0.025751509
 37.71154205  -9.567591818   4.263633e-4   0.012149613   0.025506554
 37.82815073  -9.597175978   4.276816e-4   0.012041888   0.025264829
 37.94475941  -9.626760138   4.290000e-4   0.011935600   0.025026267
 38.06136810  -9.656344297   4.303184e-4   0.011830725   0.024790799
 38.17797678  -9.685928457   4.316367e-4   0.011727236   0.024558359
 38.29458546  -9.715512617   4.329551e-4   0.011625111   0.024328882
 38.41119414  -9.745096776   4.342735e-4   0.011524323   0.024102302
 38.52780283  -9.774680936   4.355918e-4   0.011424851   0.023878557
 38.64441151  -9.804265096   4.369102e-4   0.011326671   0.023657584
 38.76102019  -9.833849255   4.382286e-4   0.011229760   0.023439321
 38.87762888  -9.863433415   4.395469e-4   0.011134098   0.023223707
 38.99423756  -9.893017574   4.408653e-4   0.011039661   0.023010681
 39.11084624  -9.922601734   4.421837e-4   0.010946430   0.022800185
 39.22745492  -9.952185894   4.435020e-4   0.010854383   0.022592158
 39.34406361  -9.981770053   4.448204e-4   0.010763501   0.022386542
 39.46067229  -10.01135421   4.461388e-4   0.010673763   0.022183279
 39.57728097  -10.04093837   4.474571e-4   0.010585151   0.021982310
 39.69388966  -10.07052253   4.487755e-4   0.010497646   0.021783577
 39.81049834  -10.10010669   4.500939e-4   0.010411229   0.021587022
 39.92710702  -10.12969085   4.514122e-4   0.010325882   0.021392586
 40.04371570  -10.15927501   4.527306e-4   0.010241587   0.021200211
 40.16032439  -10.18885917   4.540490e-4   0.010158327   0.021009838
 40.27693307  -10.21844333   4.553673e-4   0.010076086   0.020821408
 40.39354175  -10.24802749   4.566857e-4   0.009994845   0.020634859
 40.51015044  -10.27761165   4.580041e-4   0.009914590   0.020450130
 40.62675912  -10.30719581   4.593225e-4   0.009835304   0.020267158
 40.74336780  -10.33677997   4.606408e-4   0.009756971   0.020085880
 40.85997648  -10.36636413   4.619592e-4   0.009679577   0.019906228
 40.97658517  -10.39594829   4.632776e-4   0.009603106   0.019728135
 41.09319385  -10.42553245   4.645959e-4   0.009527543   0.019551528
 41.20980253  -10.45511661   4.659143e-4   0.009452874   0.019376332
 41.32641122  -10.48470077   4.672327e-4   0.009379085   0.019202470
 41.44301990  -10.51428493   4.685510e-4   0.009306162   0.019029857
 41.55962858  -10.54386909   4.698694e-4   0.009234091   0.018858405
 41.67623726  -10.57345325   4.711878e-4   0.009162859   0.018688017
 41.79284595  -10.60303741   4.725061e-4   0.009092454   0.018518588
 41.90945463  -10.63262157   4.738245e-4   0.009022862   0.018350003
 42.02606331  -10.66220572   4.751429e-4   0.008954070   0.018182136
 42.14267200  -10.69178988   4.764612e-4   0.008886067   0.018014843
 42.25928068  -10.72137404   4.777796e-4   0.008818840   0.017847960
 42.37588936  -10.75095820   4.790980e-4   0.008752378   0.017681299
 42.49249804  -10.78054236   4.804163e-4   0.008686668   0.017514637
 42.60910673  -10.81012652   4.817347e-4   0.008621700   0.017347705
 42.72571541  -10.83971068   4.830531e-4   0.008557462   0.017180172
 42.84232409  -10.86929484   4.843714e-4   0.008493944   0.017011614
 42.95893277  -10.89887900   4.856898e-4   0.008431134   0.016841469
 43.07554146  -10.92846316   4.870082e-4   0.008369022   0.016668939
 43.19215014  -10.95804732   4.883265e-4   0.008307598   0.016492795
 43.30875882  -10.98763148   4.896449e-4   0.008246851   0.016310818
 43.42536751  -11.01721564   4.909633e-4   0.008186772   0.016117123
 43.54197619  -11.04679980   4.922816e-4   0.008127351   0.015905920
 43.65858487  -11.07638396   4.936000e-4   0.008068577   0.015695911
 43.77519355  -11.10596812   4.949184e-4   0.008010443   0.015487581
 43.89180224  -11.13555228   4.962367e-4   0.007952937   0.015281019
 44.00841092  -11.16513644   4.975551e-4   0.007896052   0.015076248
 44.12501960  -11.19472060   4.988735e-4   0.007839778   0.014873265
 44.24162829  -11.22430476   5.001918e-4   0.007784107   0.014672062
 44.35823697  -11.25388892   5.015102e-4   0.007729030   0.014472624
 44.47484565  -11.28347308   5.028286e-4   0.007674538   0.014274934
 44.59145433  -11.31305724   5.041469e-4   0.007620623   0.014078973
 44.70806302  -11.34264140   5.054653e-4   0.007567278   0.013884723
 44.82467170  -11.37222556   5.067837e-4   0.007514493   0.013692163
 44.94128038  -11.40180972   5.081020e-4   0.007462262   0.013501274
 45.05788907  -11.43139388   5.094204e-4   0.007410576   0.013312037
 45.17449775  -11.46097804   5.107388e-4   0.007359427   0.013124430
 45.29110643  -11.49056219   5.120571e-4   0.007308809   0.012938435
 45.40771511  -11.52014635   5.133755e-4   0.007258714   0.012754032
 45.52432380  -11.54973051   5.146939e-4   0.007209135   0.012571202
 45.64093248  -11.57931467   5.160122e-4   0.007160064   0.012389925
 45.75754116  -11.60889883   5.173306e-4   0.007111495   0.012210184
 45.87414985  -11.63848299   5.186490e-4   0.007063421   0.012031958
 45.99075853  -11.66806715   5.199673e-4   0.007015835   0.011855231
 46.10736721  -11.69765131   5.212857e-4   0.006968731   0.011679983
 46.22397589  -11.72723547   5.226041e-4   0.006922101   0.011506197
 46.34058458  -11.75681963   5.239224e-4   0.006875940   0.011333856
 46.45719326  -11.78640379   5.252408e-4   0.006830242   0.011162942
 46.57380194  -11.81598795   5.265592e-4   0.006784999   0.010993438
 46.69041063  -11.84557211   5.278775e-4   0.006740207   0.010825327
 46.80701931  -11.87515627   5.291959e-4   0.006695859   0.010658593
 46.92362799  -11.90474043   5.305143e-4   0.006651949   0.010493220
 47.04023667  -11.93432459   5.318326e-4   0.006608471   0.010329191
 47.15684536  -11.96390875   5.331510e-4   0.006565420   0.010166492
 47.27345404  -11.99349291   5.344694e-4   0.006522790   0.010005105
 47.39006272  -12.02307707   5.357877e-4   0.006480576   0.009845016
 47.50667141  -12.05266123   5.371061e-4   0.006438772   0.009686211
 47.62328009  -12.08224539   5.384245e-4   0.006397373   0.009528673
 47.73988877  -12.11182955   5.397428e-4   0.006356374   0.009372389
 47.85649745  -12.14141371   5.410612e-4   0.006315769   0.009217345
 47.97310614  -12.17099787   5.423796e-4   0.006275553   0.009063525
 48.08971482  -12.20058203   5.436980e-4   0.006235723   0.008910917
 48.20632350  -12.23016619   5.450163e-4   0.006196271   0.008759506
 48.32293219  -12.25975035   5.463347e-4   0.006157195   0.008609280
 48.43954087  -12.28933450   5.476531e-4   0.006118488   0.008460225
 48.55614955  -12.31891866   5.489714e-4   0.006080147   0.008312327
 48.67275823  -12.34850282   5.502898e-4   0.006042167   0.008165575
 48.78936692  -12.37808698   5.516082e-4   0.006004542   0.008019955
 48.90597560  -12.40767114   5.529265e-4   0.005967270   0.007875455
 49.02258428  -12.43725530   5.542449e-4   0.005930344   0.007732063
 49.13919297  -12.46683946   5.555633e-4   0.005893762   0.007589766