#XDI/1.1
# X-ray Monochromator Darwin Width from xrayweb  Wed Dec 10 08:20:34 2025
# Monochromator.xtal        : Si
# Monochromator.hkl         : 1 1 1
# Monochromator.polarization: 's'
# Monochromator.theta       : 13.197048 (deg)
# Monochromator.theta_width : 31.458545 (microrad)
# Monochromator.energy_width: 1.161785 (eV)
# Monochromator.theta_fwhm  : 33.366826 (microrad)
# Monochromator.rocking_fwhm: 44.356548 (microrad)
# Monochromator.energy_fwhm : 1.232259 (eV)
# Xray.Energy               : 8660 (eV)
# Column.1: dtheta (microrad)
# Column.2: denergy (eV)
# Column.3: zeta (delta_lambda / lambda)
# Column.4: intensity
# Column.5: rocking_curve
#---------------------
# {' '.join(array_names)}
-73.46730738   2.713195850  -3.133021e-4   0.005915853   0.007750401
-73.15272193   2.701578003  -3.119605e-4   0.005952641   0.007894609
-72.83813648   2.689960156  -3.106190e-4   0.005989775   0.008039815
-72.52355103   2.678342309  -3.092774e-4   0.006027259   0.008186029
-72.20896558   2.666724462  -3.079359e-4   0.006065098   0.008333261
-71.89438013   2.655106615  -3.065943e-4   0.006103295   0.008481519
-71.57979469   2.643488768  -3.052527e-4   0.006141856   0.008630812
-71.26520924   2.631870921  -3.039112e-4   0.006180785   0.008781150
-70.95062379   2.620253074  -3.025696e-4   0.006220087   0.008932541
-70.63603834   2.608635227  -3.012281e-4   0.006259767   0.009084996
-70.32145289   2.597017380  -2.998865e-4   0.006299829   0.009238523
-70.00686744   2.585399533  -2.985450e-4   0.006340278   0.009393132
-69.69228200   2.573781686  -2.972034e-4   0.006381120   0.009548831
-69.37769655   2.562163839  -2.958619e-4   0.006422360   0.009705630
-69.06311110   2.550545992  -2.945203e-4   0.006464002   0.009863537
-68.74852565   2.538928145  -2.931788e-4   0.006506053   0.010022561
-68.43394020   2.527310298  -2.918372e-4   0.006548517   0.010182712
-68.11935475   2.515692451  -2.904957e-4   0.006591400   0.010343997
-67.80476931   2.504074604  -2.891541e-4   0.006634707   0.010506424
-67.49018386   2.492456758  -2.878126e-4   0.006678445   0.010670002
-67.17559841   2.480838911  -2.864710e-4   0.006722618   0.010834738
-66.86101296   2.469221064  -2.851295e-4   0.006767233   0.011000641
-66.54642751   2.457603217  -2.837879e-4   0.006812296   0.011167715
-66.23184206   2.445985370  -2.824463e-4   0.006857813   0.011335969
-65.91725662   2.434367523  -2.811048e-4   0.006903789   0.011505408
-65.60267117   2.422749676  -2.797632e-4   0.006950231   0.011676036
-65.28808572   2.411131829  -2.784217e-4   0.006997146   0.011847859
-64.97350027   2.399513982  -2.770801e-4   0.007044540   0.012020879
-64.65891482   2.387896135  -2.757386e-4   0.007092419   0.012195100
-64.34432937   2.376278288  -2.743970e-4   0.007140791   0.012370521
-64.02974393   2.364660441  -2.730555e-4   0.007189661   0.012547143
-63.71515848   2.353042594  -2.717139e-4   0.007239037   0.012724963
-63.40057303   2.341424747  -2.703724e-4   0.007288926   0.012903976
-63.08598758   2.329806900  -2.690308e-4   0.007339335   0.013084176
-62.77140213   2.318189053  -2.676893e-4   0.007390272   0.013265552
-62.45681668   2.306571206  -2.663477e-4   0.007441743   0.013448089
-62.14223124   2.294953359  -2.650062e-4   0.007493756   0.013631771
-61.82764579   2.283335512  -2.636646e-4   0.007546320   0.013816571
-61.51306034   2.271717666  -2.623231e-4   0.007599441   0.014002459
-61.19847489   2.260099819  -2.609815e-4   0.007653128   0.014189395
-60.88388944   2.248481972  -2.596400e-4   0.007707389   0.014377328
-60.56930399   2.236864125  -2.582984e-4   0.007762233   0.014566190
-60.25471854   2.225246278  -2.569568e-4   0.007817666   0.014755898
-59.94013310   2.213628431  -2.556153e-4   0.007873699   0.014946341
-59.62554765   2.202010584  -2.542737e-4   0.007930340   0.015137376
-59.31096220   2.190392737  -2.529322e-4   0.007987597   0.015328809
-58.99637675   2.178774890  -2.515906e-4   0.008045480   0.015520384
-58.68179130   2.167157043  -2.502491e-4   0.008103998   0.015711752
-58.36720585   2.155539196  -2.489075e-4   0.008163161   0.015902440
-58.05262041   2.143921349  -2.475660e-4   0.008222977   0.016091826
-57.73803496   2.132303502  -2.462244e-4   0.008283456   0.016279182
-57.42344951   2.120685655  -2.448829e-4   0.008344610   0.016463846
-57.10886406   2.109067808  -2.435413e-4   0.008406446   0.016645516
-56.79427861   2.097449961  -2.421998e-4   0.008468977   0.016824348
-56.47969316   2.085832114  -2.408582e-4   0.008532211   0.017000785
-56.16510772   2.074214267  -2.395167e-4   0.008596161   0.017175346
-55.85052227   2.062596420  -2.381751e-4   0.008660837   0.017348518
-55.53593682   2.050978573  -2.368336e-4   0.008726250   0.017520724
-55.22135137   2.039360727  -2.354920e-4   0.008792411   0.017692320
-54.90676592   2.027742880  -2.341504e-4   0.008859331   0.017863608
-54.59218047   2.016125033  -2.328089e-4   0.008927024   0.018034845
-54.27759503   2.004507186  -2.314673e-4   0.008995499   0.018206249
-53.96300958   1.992889339  -2.301258e-4   0.009064771   0.018378012
-53.64842413   1.981271492  -2.287842e-4   0.009134851   0.018550302
-53.33383868   1.969653645  -2.274427e-4   0.009205751   0.018723265
-53.01925323   1.958035798  -2.261011e-4   0.009277486   0.018897036
-52.70466778   1.946417951  -2.247596e-4   0.009350067   0.019071735
-52.39008234   1.934800104  -2.234180e-4   0.009423509   0.019247473
-52.07549689   1.923182257  -2.220765e-4   0.009497826   0.019424350
-51.76091144   1.911564410  -2.207349e-4   0.009573030   0.019602461
-51.44632599   1.899946563  -2.193934e-4   0.009649138   0.019781894
-51.13174054   1.888328716  -2.180518e-4   0.009726162   0.019962733
-50.81715509   1.876710869  -2.167103e-4   0.009804119   0.020145057
-50.50256965   1.865093022  -2.153687e-4   0.009883022   0.020328941
-50.18798420   1.853475175  -2.140272e-4   0.009962889   0.020514457
-49.87339875   1.841857328  -2.126856e-4   0.010043734   0.020701677
-49.55881330   1.830239481  -2.113441e-4   0.010125574   0.020890666
-49.24422785   1.818621635  -2.100025e-4   0.010208426   0.021081493
-48.92964240   1.807003788  -2.086609e-4   0.010292305   0.021274221
-48.61505696   1.795385941  -2.073194e-4   0.010377230   0.021468913
-48.30047151   1.783768094  -2.059778e-4   0.010463218   0.021665633
-47.98588606   1.772150247  -2.046363e-4   0.010550286   0.021864442
-47.67130061   1.760532400  -2.032947e-4   0.010638454   0.022065401
-47.35671516   1.748914553  -2.019532e-4   0.010727740   0.022268572
-47.04212971   1.737296706  -2.006116e-4   0.010818162   0.022474014
-46.72754427   1.725678859  -1.992701e-4   0.010909741   0.022681790
-46.41295882   1.714061012  -1.979285e-4   0.011002497   0.022891959
-46.09837337   1.702443165  -1.965870e-4   0.011096450   0.023104582
-45.78378792   1.690825318  -1.952454e-4   0.011191620   0.023319721
-45.46920247   1.679207471  -1.939039e-4   0.011288029   0.023537436
-45.15461702   1.667589624  -1.925623e-4   0.011385699   0.023757791
-44.84003158   1.655971777  -1.912208e-4   0.011484652   0.023980848
-44.52544613   1.644353930  -1.898792e-4   0.011584911   0.024206670
-44.21086068   1.632736083  -1.885377e-4   0.011686499   0.024435321
-43.89627523   1.621118236  -1.871961e-4   0.011789440   0.024666866
-43.58168978   1.609500389  -1.858545e-4   0.011893758   0.024901371
-43.26710433   1.597882542  -1.845130e-4   0.011999478   0.025138903
-42.95251889   1.586264696  -1.831714e-4   0.012106625   0.025379528
-42.63793344   1.574646849  -1.818299e-4   0.012215226   0.025623317
-42.32334799   1.563029002  -1.804883e-4   0.012325307   0.025870339
-42.00876254   1.551411155  -1.791468e-4   0.012436895   0.026120666
-41.69417709   1.539793308  -1.778052e-4   0.012550018   0.026374371
-41.37959164   1.528175461  -1.764637e-4   0.012664705   0.026631527
-41.06500620   1.516557614  -1.751221e-4   0.012780986   0.026892209
-40.75042075   1.504939767  -1.737806e-4   0.012898889   0.027156497
-40.43583530   1.493321920  -1.724390e-4   0.013018445   0.027424467
-40.12124985   1.481704073  -1.710975e-4   0.013139686   0.027696200
-39.80666440   1.470086226  -1.697559e-4   0.013262644   0.027971779
-39.49207895   1.458468379  -1.684144e-4   0.013387352   0.028251287
-39.17749351   1.446850532  -1.670728e-4   0.013513844   0.028534811
-38.86290806   1.435232685  -1.657313e-4   0.013642153   0.028822438
-38.54832261   1.423614838  -1.643897e-4   0.013772315   0.029114258
-38.23373716   1.411996991  -1.630482e-4   0.013904367   0.029410364
-37.91915171   1.400379144  -1.617066e-4   0.014038346   0.029710849
-37.60456626   1.388761297  -1.603650e-4   0.014174289   0.030015811
-37.28998081   1.377143450  -1.590235e-4   0.014312235   0.030325348
-36.97539537   1.365525604  -1.576819e-4   0.014452225   0.030639562
-36.66080992   1.353907757  -1.563404e-4   0.014594299   0.030958558
-36.34622447   1.342289910  -1.549988e-4   0.014738500   0.031282441
-36.03163902   1.330672063  -1.536573e-4   0.014884870   0.031611323
-35.71705357   1.319054216  -1.523157e-4   0.015033454   0.031945314
-35.40246812   1.307436369  -1.509742e-4   0.015184297   0.032284531
-35.08788268   1.295818522  -1.496326e-4   0.015337445   0.032629092
-34.77329723   1.284200675  -1.482911e-4   0.015492947   0.032979120
-34.45871178   1.272582828  -1.469495e-4   0.015650850   0.033334739
-34.14412633   1.260964981  -1.456080e-4   0.015811207   0.033696078
-33.82954088   1.249347134  -1.442664e-4   0.015974067   0.034063270
-33.51495543   1.237729287  -1.429249e-4   0.016139484   0.034436450
-33.20036999   1.226111440  -1.415833e-4   0.016307513   0.034815758
-32.88578454   1.214493593  -1.402418e-4   0.016478209   0.035201339
-32.57119909   1.202875746  -1.389002e-4   0.016651629   0.035593340
-32.25661364   1.191257899  -1.375586e-4   0.016827834   0.035991914
-31.94202819   1.179640052  -1.362171e-4   0.017006882   0.036397218
-31.62744274   1.168022205  -1.348755e-4   0.017188837   0.036809413
-31.31285730   1.156404358  -1.335340e-4   0.017373763   0.037228667
-30.99827185   1.144786512  -1.321924e-4   0.017561725   0.037655150
-30.68368640   1.133168665  -1.308509e-4   0.017752791   0.038089039
-30.36910095   1.121550818  -1.295093e-4   0.017947030   0.038530517
-30.05451550   1.109932971  -1.281678e-4   0.018144514   0.038979772
-29.73993005   1.098315124  -1.268262e-4   0.018345317   0.039436996
-29.42534461   1.086697277  -1.254847e-4   0.018549514   0.039902392
-29.11075916   1.075079430  -1.241431e-4   0.018757183   0.040376164
-28.79617371   1.063461583  -1.228016e-4   0.018968405   0.040858525
-28.48158826   1.051843736  -1.214600e-4   0.019183262   0.041349697
-28.16700281   1.040225889  -1.201185e-4   0.019401838   0.041849905
-27.85241736   1.028608042  -1.187769e-4   0.019624223   0.042359384
-27.53783192   1.016990195  -1.174354e-4   0.019850504   0.042878376
-27.22324647   1.005372348  -1.160938e-4   0.020080776   0.043407133
-26.90866102   0.993754501  -1.147523e-4   0.020315135   0.043945914
-26.59407557   0.982136654  -1.134107e-4   0.020553678   0.044494985
-26.27949012   0.970518807  -1.120691e-4   0.020796507   0.045054624
-25.96490467   0.958900960  -1.107276e-4   0.021043727   0.045625119
-25.65031923   0.947283113  -1.093860e-4   0.021295447   0.046206765
-25.33573378   0.935665266  -1.080445e-4   0.021551777   0.046799871
-25.02114833   0.924047419  -1.067029e-4   0.021812833   0.047404754
-24.70656288   0.912429573  -1.053614e-4   0.022078734   0.048021745
-24.39197743   0.900811726  -1.040198e-4   0.022349600   0.048651184
-24.07739198   0.889193879  -1.026783e-4   0.022625560   0.049293428
-23.76280654   0.877576032  -1.013367e-4   0.022906744   0.049948843
-23.44822109   0.865958185  -9.999517e-5   0.023193286   0.050617810
-23.13363564   0.854340338  -9.865362e-5   0.023485325   0.051300726
-22.81905019   0.842722491  -9.731207e-5   0.023783006   0.051998001
-22.50446474   0.831104644  -9.597051e-5   0.024086476   0.052710062
-22.18987929   0.819486797  -9.462896e-5   0.024395890   0.053437352
-21.87529385   0.807868950  -9.328741e-5   0.024711407   0.054180333
-21.56070840   0.796251103  -9.194585e-5   0.025033190   0.054939482
-21.24612295   0.784633256  -9.060430e-5   0.025361410   0.055715300
-20.93153750   0.773015409  -8.926275e-5   0.025696242   0.056508304
-20.61695205   0.761397562  -8.792120e-5   0.026037869   0.057319035
-20.30236660   0.749779715  -8.657964e-5   0.026386478   0.058148054
-19.98778116   0.738161868  -8.523809e-5   0.026742266   0.058995949
-19.67319571   0.726544021  -8.389654e-5   0.027105433   0.059863329
-19.35861026   0.714926174  -8.255499e-5   0.027476190   0.060750831
-19.04402481   0.703308327  -8.121343e-5   0.027854754   0.061659121
-18.72943936   0.691690481  -7.987188e-5   0.028241348   0.062588892
-18.41485391   0.680072634  -7.853033e-5   0.028636208   0.063540869
-18.10026847   0.668454787  -7.718877e-5   0.029039573   0.064515809
-17.78568302   0.656836940  -7.584722e-5   0.029451697   0.065514504
-17.47109757   0.645219093  -7.450567e-5   0.029872838   0.066537782
-17.15651212   0.633601246  -7.316412e-5   0.030303268   0.067586510
-16.84192667   0.621983399  -7.182256e-5   0.030743268   0.068661597
-16.52734122   0.610365552  -7.048101e-5   0.031193129   0.069763992
-16.21275578   0.598747705  -6.913946e-5   0.031653156   0.070894695
-15.89817033   0.587129858  -6.779791e-5   0.032123662   0.072054752
-15.58358488   0.575512011  -6.645635e-5   0.032604976   0.073245262
-15.26899943   0.563894164  -6.511480e-5   0.033097439   0.074467379
-14.95441398   0.552276317  -6.377325e-5   0.033601407   0.075722317
-14.63982853   0.540658470  -6.243169e-5   0.034117248   0.077011353
-14.32524308   0.529040623  -6.109014e-5   0.034645348   0.078335833
-14.01065764   0.517422776  -5.974859e-5   0.035186107   0.079697172
-13.69607219   0.505804929  -5.840704e-5   0.035739943   0.081096866
-13.38148674   0.494187082  -5.706548e-5   0.036307293   0.082536492
-13.06690129   0.482569235  -5.572393e-5   0.036888609   0.084017715
-12.75231584   0.470951388  -5.438238e-5   0.037484367   0.085542298
-12.43773039   0.459333542  -5.304082e-5   0.038095062   0.087112105
-12.12314495   0.447715695  -5.169927e-5   0.038721210   0.088729112
-11.80855950   0.436097848  -5.035772e-5   0.039363351   0.090395413
-11.49397405   0.424480001  -4.901617e-5   0.040022050   0.092113234
-11.17938860   0.412862154  -4.767461e-5   0.040697897   0.093884936
-10.86480315   0.401244307  -4.633306e-5   0.041391509   0.095713038
-10.55021770   0.389626460  -4.499151e-5   0.042103533   0.097600218
-10.23563226   0.378008613  -4.364996e-5   0.042834645   0.099549336
-9.921046808   0.366390766  -4.230840e-5   0.043585555   0.101563448
-9.606461360   0.354772919  -4.096685e-5   0.044357006   0.103645822
-9.291875911   0.343155072  -3.962530e-5   0.045149777   0.105799961
-8.977290463   0.331537225  -3.828374e-5   0.045964687   0.108029625
-8.662705014   0.319919378  -3.694219e-5   0.046802594   0.110338855
-8.348119566   0.308301531  -3.560064e-5   0.047664401   0.112732007
-8.033534118   0.296683684  -3.425909e-5   0.048551056   0.115213781
-7.718948669   0.285065837  -3.291753e-5   0.049463557   0.117789259
-7.404363221   0.273447990  -3.157598e-5   0.050402952   0.120463954
-7.089777773   0.261830143  -3.023443e-5   0.051370348   0.123243853
-6.775192324   0.250212296  -2.889287e-5   0.052366909   0.126135483
-6.460606876   0.238594450  -2.755132e-5   0.053393862   0.129145972
-6.146021428   0.226976603  -2.620977e-5   0.054452505   0.132283136
-5.831435979   0.215358756  -2.486822e-5   0.055544204   0.135555567
-5.516850531   0.203740909  -2.352666e-5   0.056670406   0.138972750
-5.202265083   0.192123062  -2.218511e-5   0.057832638   0.142545191
-4.887679634   0.180505215  -2.084356e-5   0.059032518   0.146284585
-4.573094186   0.168887368  -1.950201e-5   0.060271757   0.150204002
-4.258508737   0.157269521  -1.816045e-5   0.061552173   0.154318129
-3.943923289   0.145651674  -1.681890e-5   0.062875689   0.158643551
-3.629337841   0.134033827  -1.547735e-5   0.064244349   0.163199092
-3.314752392   0.122415980  -1.413579e-5   0.065660327   0.168006200
-3.000166944   0.110798133  -1.279424e-5   0.067125930   0.173089332
-2.685581496   0.099180286  -1.145269e-5   0.068643620   0.178476091
-2.370996047   0.087562439  -1.011114e-5   0.070216015   0.184196253
-2.056410599   0.075944592  -8.769583e-6   0.071845911   0.190275865
-1.741825151   0.064326745  -7.428031e-6   0.073536292   0.196711066
-1.427239702   0.052708898  -6.086478e-6   0.075290350   0.203405155
-1.112654254   0.041091051  -4.744925e-6   0.077111498   0.210239205
-0.798068806   0.029473204  -3.403372e-6   0.079003396   0.217144849
-0.483483357   0.017855358  -2.061820e-6   0.080969966   0.224090762
-0.168897909   0.006237511  -7.202668e-7   0.083015426   0.231060346
 0.145687540  -0.005380336   6.212860e-7   0.085144309   0.238043593
 0.460272988  -0.016998183   1.962839e-6   0.087361498   0.245033899
 0.774858436  -0.028616030   3.304391e-6   0.089672262   0.252026605
 1.089443885  -0.040233877   4.645944e-6   0.092082289   0.259018261
 1.404029333  -0.051851724   5.987497e-6   0.094597736   0.266006206
 1.718614781  -0.063469571   7.329050e-6   0.097225274   0.272988318
 2.033200230  -0.075087418   8.670603e-6   0.099972147   0.279962860
 2.347785678  -0.086705265   1.001216e-5   0.102846231   0.286928375
 2.662371126  -0.098323112   1.135371e-5   0.105856111   0.293883614
 2.976956575  -0.109940959   1.269526e-5   0.109011159   0.300827485
 3.291542023  -0.121558806   1.403681e-5   0.112321630   0.307759019
 3.606127471  -0.133176653   1.537837e-5   0.115798770   0.314677339
 3.920712920  -0.144794500   1.671992e-5   0.119454943   0.321581645
 4.235298368  -0.156412347   1.806147e-5   0.123303772   0.328471194
 4.549883816  -0.168030194   1.940302e-5   0.127360313   0.335345287
 4.864469265  -0.179648041   2.074458e-5   0.131641247   0.342203266
 5.179054713  -0.191265888   2.208613e-5   0.136165117   0.349044495
 5.493640162  -0.202883735   2.342768e-5   0.140952599   0.355868363
 5.808225610  -0.214501581   2.476924e-5   0.146026830   0.362674275
 6.122811058  -0.226119428   2.611079e-5   0.151413795   0.369461647
 6.437396507  -0.237737275   2.745234e-5   0.157142798   0.376229904
 6.751981955  -0.249355122   2.879389e-5   0.163247028   0.382978472
 7.066567403  -0.260972969   3.013545e-5   0.169764251   0.389706782
 7.381152852  -0.272590816   3.147700e-5   0.176737663   0.396414262
 7.695738300  -0.284208663   3.281855e-5   0.184216949   0.403100338
 8.010323748  -0.295826510   3.416011e-5   0.192259611   0.409764428
 8.324909197  -0.307444357   3.550166e-5   0.200932648   0.416405945
 8.639494645  -0.319062204   3.684321e-5   0.210314714   0.423024290
 8.954080093  -0.330680051   3.818476e-5   0.220498929   0.429618854
 9.268665542  -0.342297898   3.952632e-5   0.231596580   0.436189016
 9.583250990  -0.353915745   4.086787e-5   0.243742092   0.442734138
 9.897836439  -0.365533592   4.220942e-5   0.257099828   0.449253569
 10.21242189  -0.377151439   4.355097e-5   0.271873597   0.455746637
 10.52700734  -0.388769286   4.489253e-5   0.288320287   0.462212652
 10.84159278  -0.400387133   4.623408e-5   0.306769999   0.468650904
 11.15617823  -0.412004980   4.757563e-5   0.327656846   0.475060658
 11.47076368  -0.423622827   4.891719e-5   0.351568099   0.481441156
 11.78534913  -0.435240673   5.025874e-5   0.379326794   0.487791614
 12.09993458  -0.446858520   5.160029e-5   0.412139934   0.494111218
 12.41452003  -0.458476367   5.294184e-5   0.451887878   0.500399128
 12.72910547  -0.470094214   5.428340e-5   0.501757084   0.506654467
 13.04369092  -0.481712061   5.562495e-5   0.567856470   0.512876327
 13.35827637  -0.493329908   5.696650e-5   0.664191680   0.519063763
 13.67286182  -0.504947755   5.830805e-5   0.812768852   0.525215791
 13.98744727  -0.516565602   5.964961e-5   0.894665769   0.531331386
 14.30203272  -0.528183449   6.099116e-5   0.918325004   0.537409479
 14.61661816  -0.539801296   6.233271e-5   0.929136628   0.543448952
 14.93120361  -0.551419143   6.367427e-5   0.935326091   0.549448641
 15.24578906  -0.563036990   6.501582e-5   0.939287908   0.555407324
 15.56037451  -0.574654837   6.635737e-5   0.941988075   0.561323725
 15.87495996  -0.586272684   6.769892e-5   0.943896918   0.567196508
 16.18954541  -0.597890531   6.904048e-5   0.945273112   0.573024268
 16.50413085  -0.609508378   7.038203e-5   0.946271628   0.578805534
 16.81871630  -0.621126225   7.172358e-5   0.946991387   0.584538758
 17.13330175  -0.632744072   7.306514e-5   0.947498692   0.590222314
 17.44788720  -0.644361919   7.440669e-5   0.947839740   0.595854490
 17.76247265  -0.655979766   7.574824e-5   0.948047749   0.601433480
 18.07705810  -0.667597612   7.708979e-5   0.948147235   0.606957381
 18.39164354  -0.679215459   7.843135e-5   0.948156683   0.612424182
 18.70622899  -0.690833306   7.977290e-5   0.948090295   0.617831757
 19.02081444  -0.702451153   8.111445e-5   0.947959152   0.623177857
 19.33539989  -0.714069000   8.245600e-5   0.947772011   0.628460097
 19.64998534  -0.725686847   8.379756e-5   0.947535880   0.633675946
 19.96457079  -0.737304694   8.513911e-5   0.947256413   0.638822716
 20.27915623  -0.748922541   8.648066e-5   0.946938213   0.643897547
 20.59374168  -0.760540388   8.782222e-5   0.946585050   0.648897391
 20.90832713  -0.772158235   8.916377e-5   0.946200030   0.653818994
 21.22291258  -0.783776082   9.050532e-5   0.945785719   0.658658881
 21.53749803  -0.795393929   9.184687e-5   0.945344242   0.663413329
 21.85208348  -0.807011776   9.318843e-5   0.944877361   0.668078347
 22.16666892  -0.818629623   9.452998e-5   0.944386535   0.672649646
 22.48125437  -0.830247470   9.587153e-5   0.943872964   0.677122608
 22.79583982  -0.841865317   9.721309e-5   0.943337635   0.681492254
 23.11042527  -0.853483164   9.855464e-5   0.942781346   0.685753196
 23.42501072  -0.865101011   9.989619e-5   0.942204733   0.689899601
 23.73959617  -0.876718858   1.012377e-4   0.941608293   0.693925128
 24.05418161  -0.888336704   1.025793e-4   0.940992395   0.697822873
 24.36876706  -0.899954551   1.039208e-4   0.940357300   0.701585295
 24.68335251  -0.911572398   1.052624e-4   0.939703164   0.705204135
 24.99793796  -0.923190245   1.066040e-4   0.939030055   0.708670316
 25.31252341  -0.934808092   1.079455e-4   0.938337955   0.711973832
 25.62710886  -0.946425939   1.092871e-4   0.937626765   0.715103616
 25.94169430  -0.958043786   1.106286e-4   0.936896314   0.718047376
 26.25627975  -0.969661633   1.119702e-4   0.936146358   0.720791419
 26.57086520  -0.981279480   1.133117e-4   0.935376583   0.723320427
 26.88545065  -0.992897327   1.146533e-4   0.934586609   0.725617208
 27.20003610  -1.004515174   1.159948e-4   0.933775988   0.727662407
 27.51462155  -1.016133021   1.173364e-4   0.932944203   0.729434202
 27.82920699  -1.027750868   1.186779e-4   0.932090673   0.730907998
 28.14379244  -1.039368715   1.200195e-4   0.931214744   0.732056224
 28.45837789  -1.050986562   1.213610e-4   0.930315693   0.732848410
 28.77296334  -1.062604409   1.227026e-4   0.929392722   0.733251944
 29.08754879  -1.074222256   1.240441e-4   0.928444954   0.733234248
 29.40213424  -1.085840103   1.253857e-4   0.927471433   0.732767350
 29.71671969  -1.097457950   1.267272e-4   0.926471114   0.731834459
 30.03130513  -1.109075796   1.280688e-4   0.925442863   0.730438609
 30.34589058  -1.120693643   1.294104e-4   0.924385443   0.728601942
 30.66047603  -1.132311490   1.307519e-4   0.923297514   0.726360037
 30.97506148  -1.143929337   1.320935e-4   0.922177619   0.723753398
 31.28964693  -1.155547184   1.334350e-4   0.921024177   0.720821464
 31.60423238  -1.167165031   1.347766e-4   0.919835472   0.717599901
 31.91881782  -1.178782878   1.361181e-4   0.918609636   0.714119909
 32.23340327  -1.190400725   1.374597e-4   0.917344641   0.710408446
 32.54798872  -1.202018572   1.388012e-4   0.916038278   0.706488750
 32.86257417  -1.213636419   1.401428e-4   0.914688137   0.702380895
 33.17715962  -1.225254266   1.414843e-4   0.913291592   0.698102308
 33.49174507  -1.236872113   1.428259e-4   0.911845766   0.693668197
 33.80633051  -1.248489960   1.441674e-4   0.910347514   0.689091911
 34.12091596  -1.260107807   1.455090e-4   0.908793379   0.684385234
 34.43550141  -1.271725654   1.468505e-4   0.907179564   0.679558624
 34.75008686  -1.283343501   1.481921e-4   0.905501881   0.674621409
 35.06467231  -1.294961348   1.495336e-4   0.903755702   0.669581951
 35.37925776  -1.306579195   1.508752e-4   0.901935899   0.664447777
 35.69384320  -1.318197042   1.522167e-4   0.900036775   0.659225692
 36.00842865  -1.329814889   1.535583e-4   0.898051980   0.653921871
 36.32301410  -1.341432735   1.548999e-4   0.895974410   0.648541939
 36.63759955  -1.353050582   1.562414e-4   0.893796095   0.643091037
 36.95218500  -1.364668429   1.575830e-4   0.891508053   0.637573878
 37.26677045  -1.376286276   1.589245e-4   0.889100126   0.631994796
 37.58135589  -1.387904123   1.602661e-4   0.886560769   0.626357789
 37.89594134  -1.399521970   1.616076e-4   0.883876805   0.620666552
 38.21052679  -1.411139817   1.629492e-4   0.881033111   0.614924512
 38.52511224  -1.422757664   1.642907e-4   0.878012239   0.609134855
 38.83969769  -1.434375511   1.656323e-4   0.874793935   0.603300549
 39.15428314  -1.445993358   1.669738e-4   0.871354539   0.597424362
 39.46886858  -1.457611205   1.683154e-4   0.867666208   0.591508890
 39.78345403  -1.469229052   1.696569e-4   0.863695934   0.585556563
 40.09803948  -1.480846899   1.709985e-4   0.859404247   0.579569666
 40.41262493  -1.492464746   1.723400e-4   0.854743516   0.573550352
 40.72721038  -1.504082593   1.736816e-4   0.849655676   0.567500651
 41.04179583  -1.515700440   1.750231e-4   0.844069146   0.561422484
 41.35638127  -1.527318287   1.763647e-4   0.837894588   0.555317670
 41.67096672  -1.538936134   1.777063e-4   0.831018984   0.549187935
 41.98555217  -1.550553981   1.790478e-4   0.823297198   0.543034922
 42.30013762  -1.562171827   1.803894e-4   0.814539794   0.536860194
 42.61472307  -1.573789674   1.817309e-4   0.804495132   0.530665247
 42.92930852  -1.585407521   1.830725e-4   0.792822818   0.524451510
 43.24389396  -1.597025368   1.844140e-4   0.779054330   0.518220353
 43.55847941  -1.608643215   1.857556e-4   0.762536354   0.511973091
 43.87306486  -1.620261062   1.870971e-4   0.742357834   0.505710991
 44.18765031  -1.631878909   1.884387e-4   0.717291090   0.499435275
 44.50223576  -1.643496756   1.897802e-4   0.685881905   0.493147123
 44.81682121  -1.655114603   1.911218e-4   0.647055557   0.486847679
 45.13140665  -1.666732450   1.924633e-4   0.601571353   0.480538053
 45.44599210  -1.678350297   1.938049e-4   0.553052337   0.474219325
 45.76057755  -1.689968144   1.951464e-4   0.506143488   0.467892547
 46.07516300  -1.701585991   1.964880e-4   0.463716436   0.461558751
 46.38974845  -1.713203838   1.978295e-4   0.426510944   0.455218944
 46.70433390  -1.724821685   1.991711e-4   0.394166430   0.448874118
 47.01891934  -1.736439532   2.005126e-4   0.365998393   0.442525248
 47.33350479  -1.748057379   2.018542e-4   0.341323440   0.436173299
 47.64809024  -1.759675226   2.031958e-4   0.319554608   0.429819225
 47.96267569  -1.771293073   2.045373e-4   0.300212354   0.423463973
 48.27726114  -1.782910920   2.058789e-4   0.282910777   0.417108487
 48.59184659  -1.794528766   2.072204e-4   0.267339598   0.410753710
 48.90643203  -1.806146613   2.085620e-4   0.253248030   0.404400585
 49.22101748  -1.817764460   2.099035e-4   0.240431784   0.398050060
 49.53560293  -1.829382307   2.112451e-4   0.228722992   0.391703090
 49.85018838  -1.841000154   2.125866e-4   0.217982501   0.385360643
 50.16477383  -1.852618001   2.139282e-4   0.208093977   0.379023696
 50.47935928  -1.864235848   2.152697e-4   0.198959380   0.372693248
 50.79394472  -1.875853695   2.166113e-4   0.190495467   0.366370315
 51.10853017  -1.887471542   2.179528e-4   0.182631061   0.360055941
 51.42311562  -1.899089389   2.192944e-4   0.175304912   0.353751196
 51.73770107  -1.910707236   2.206359e-4   0.168463993   0.347457187
 52.05228652  -1.922325083   2.219775e-4   0.162062142   0.341175057
 52.36687197  -1.933942930   2.233190e-4   0.156058970   0.334905994
 52.68145742  -1.945560777   2.246606e-4   0.150418964   0.328651239
 52.99604286  -1.957178624   2.260022e-4   0.145110768   0.322412088
 53.31062831  -1.968796471   2.273437e-4   0.140106572   0.316189903
 53.62521376  -1.980414318   2.286853e-4   0.135381627   0.309986120
 53.93979921  -1.992032165   2.300268e-4   0.130913818   0.303802262
 54.25438466  -2.003650012   2.313684e-4   0.126683326   0.297639942
 54.56897011  -2.015267858   2.327099e-4   0.122672328   0.291500886
 54.88355555  -2.026885705   2.340515e-4   0.118864750   0.285386940
 55.19814100  -2.038503552   2.353930e-4   0.115246054   0.279300093
 55.51272645  -2.050121399   2.367346e-4   0.111803057   0.273242492
 55.82731190  -2.061739246   2.380761e-4   0.108523778   0.267216466
 56.14189735  -2.073357093   2.394177e-4   0.105397295   0.261224558
 56.45648280  -2.084974940   2.407592e-4   0.102413637   0.255269549
 56.77106824  -2.096592787   2.421008e-4   0.099563678   0.249354499
 57.08565369  -2.108210634   2.434423e-4   0.096839049   0.243482792
 57.40023914  -2.119828481   2.447839e-4   0.094232061   0.237658184
 57.71482459  -2.131446328   2.461254e-4   0.091735637   0.231884865
 58.02941004  -2.143064175   2.474670e-4   0.089343250   0.226167525
 58.34399549  -2.154682022   2.488085e-4   0.087048873   0.220511438
 58.65858093  -2.166299869   2.501501e-4   0.084846931   0.214922546
 58.97316638  -2.177917716   2.514917e-4   0.082732257   0.209407550
 59.28775183  -2.189535563   2.528332e-4   0.080700060   0.203973996
 59.60233728  -2.201153410   2.541748e-4   0.078745886   0.198630335
 59.91692273  -2.212771257   2.555163e-4   0.076865592   0.193385916
 60.23150818  -2.224389104   2.568579e-4   0.075055319   0.188250879
 60.54609362  -2.236006951   2.581994e-4   0.073311467   0.183235850
 60.86067907  -2.247624797   2.595410e-4   0.071630674   0.178351413
 61.17526452  -2.259242644   2.608825e-4   0.070009798   0.173607354
 61.48984997  -2.270860491   2.622241e-4   0.068445897   0.169011808
 61.80443542  -2.282478338   2.635656e-4   0.066936216   0.164570544
 62.11902087  -2.294096185   2.649072e-4   0.065478170   0.160286606
 62.43360631  -2.305714032   2.662487e-4   0.064069332   0.156160377
 62.74819176  -2.317331879   2.675903e-4   0.062707423   0.152189966
 63.06277721  -2.328949726   2.689318e-4   0.061390297   0.148371744
 63.37736266  -2.340567573   2.702734e-4   0.060115935   0.144700880
 63.69194811  -2.352185420   2.716149e-4   0.058882435   0.141171792
 64.00653356  -2.363803267   2.729565e-4   0.057688003   0.137778498
 64.32111900  -2.375421114   2.742981e-4   0.056530944   0.134514865
 64.63570445  -2.387038961   2.756396e-4   0.055409659   0.131374782
 64.95028990  -2.398656808   2.769812e-4   0.054322637   0.128352274
 65.26487535  -2.410274655   2.783227e-4   0.053268447   0.125441569
 65.57946080  -2.421892502   2.796643e-4   0.052245735   0.122637144
 65.89404625  -2.433510349   2.810058e-4   0.051253217   0.119933740
 66.20863169  -2.445128196   2.823474e-4   0.050289678   0.117326376
 66.52321714  -2.456746043   2.836889e-4   0.049353964   0.114810344
 66.83780259  -2.468363889   2.850305e-4   0.048444981   0.112381203
 67.15238804  -2.479981736   2.863720e-4   0.047561687   0.110034766
 67.46697349  -2.491599583   2.877136e-4   0.046703094   0.107767094
 67.78155894  -2.503217430   2.890551e-4   0.045868262   0.105574478
 68.09614438  -2.514835277   2.903967e-4   0.045056297   0.103453425
 68.41072983  -2.526453124   2.917382e-4   0.044266346   0.101400650
 68.72531528  -2.538070971   2.930798e-4   0.043497599   0.099413056
 69.03990073  -2.549688818   2.944213e-4   0.042749281   0.097487727
 69.35448618  -2.561306665   2.957629e-4   0.042020656   0.095621912
 69.66907163  -2.572924512   2.971044e-4   0.041311020   0.093813020
 69.98365707  -2.584542359   2.984460e-4   0.040619701   0.092058601
 70.29824252  -2.596160206   2.997876e-4   0.039946058   0.090356345
 70.61282797  -2.607778053   3.011291e-4   0.039289477   0.088704067
 70.92741342  -2.619395900   3.024707e-4   0.038649373   0.087099700
 71.24199887  -2.631013747   3.038122e-4   0.038025185   0.085541290
 71.55658432  -2.642631594   3.051538e-4   0.037416377   0.084026984
 71.87116976  -2.654249441   3.064953e-4   0.036822436   0.082555030
 72.18575521  -2.665867288   3.078369e-4   0.036242870   0.081123761
 72.50034066  -2.677485135   3.091784e-4   0.035677207   0.079731601
 72.81492611  -2.689102981   3.105200e-4   0.035124997   0.078377049
 73.12951156  -2.700720828   3.118615e-4   0.034585806   0.077058681
 73.44409701  -2.712338675   3.132031e-4   0.034059220   0.075775143
 73.75868245  -2.723956522   3.145446e-4   0.033544839   0.074525147
 74.07326790  -2.735574369   3.158862e-4   0.033042282   0.073307466
 74.38785335  -2.747192216   3.172277e-4   0.032551181   0.072120932
 74.70243880  -2.758810063   3.185693e-4   0.032071183   0.070964431
 75.01702425  -2.770427910   3.199108e-4   0.031601950   0.069836902
 75.33160970  -2.782045757   3.212524e-4   0.031143154   0.068737333
 75.64619515  -2.793663604   3.225939e-4   0.030694482   0.067664755
 75.96078059  -2.805281451   3.239355e-4   0.030255633   0.066618245
 76.27536604  -2.816899298   3.252771e-4   0.029826317   0.065596921
 76.58995149  -2.828517145   3.266186e-4   0.029406254   0.064599939
 76.90453694  -2.840134992   3.279602e-4   0.028995175   0.063626491
 77.21912239  -2.851752839   3.293017e-4   0.028592821   0.062675804
 77.53370784  -2.863370686   3.306433e-4   0.028198941   0.061747139
 77.84829328  -2.874988533   3.319848e-4   0.027813297   0.060839786
 78.16287873  -2.886606380   3.333264e-4   0.027435654   0.059953066
 78.47746418  -2.898224227   3.346679e-4   0.027065790   0.059086328
 78.79204963  -2.909842074   3.360095e-4   0.026703489   0.058238947
 79.10663508  -2.921459920   3.373510e-4   0.026348542   0.057410323
 79.42122053  -2.933077767   3.386926e-4   0.026000748   0.056599881
 79.73580597  -2.944695614   3.400341e-4   0.025659913   0.055807066
 80.05039142  -2.956313461   3.413757e-4   0.025325849   0.055031348
 80.36497687  -2.967931308   3.427172e-4   0.024998376   0.054272216
 80.67956232  -2.979549155   3.440588e-4   0.024677318   0.053529179
 80.99414777  -2.991167002   3.454003e-4   0.024362506   0.052801764
 81.30873322  -3.002784849   3.467419e-4   0.024053777   0.052089517
 81.62331866  -3.014402696   3.480835e-4   0.023750973   0.051391999
 81.93790411  -3.026020543   3.494250e-4   0.023453939   0.050708790
 82.25248956  -3.037638390   3.507666e-4   0.023162530   0.050039483
 82.56707501  -3.049256237   3.521081e-4   0.022876600   0.049383686
 82.88166046  -3.060874084   3.534497e-4   0.022596013   0.048741022
 83.19624591  -3.072491931   3.547912e-4   0.022320633   0.048111128
 83.51083135  -3.084109778   3.561328e-4   0.022050330   0.047493653
 83.82541680  -3.095727625   3.574743e-4   0.021784979   0.046888257
 84.14000225  -3.107345472   3.588159e-4   0.021524458   0.046294615
 84.45458770  -3.118963319   3.601574e-4   0.021268649   0.045712410
 84.76917315  -3.130581166   3.614990e-4   0.021017437   0.045141337
 85.08375860  -3.142199012   3.628405e-4   0.020770711   0.044581102
 85.39834404  -3.153816859   3.641821e-4   0.020528364   0.044031420
 85.71292949  -3.165434706   3.655236e-4   0.020290291   0.043492017
 86.02751494  -3.177052553   3.668652e-4   0.020056390   0.042962626
 86.34210039  -3.188670400   3.682067e-4   0.019826565   0.042442989
 86.65668584  -3.200288247   3.695483e-4   0.019600718   0.041932858
 86.97127129  -3.211906094   3.708898e-4   0.019378759   0.041431992
 87.28585673  -3.223523941   3.722314e-4   0.019160597   0.040940158
 87.60044218  -3.235141788   3.735730e-4   0.018946144   0.040457129
 87.91502763  -3.246759635   3.749145e-4   0.018735317   0.039982687
 88.22961308  -3.258377482   3.762561e-4   0.018528032   0.039516620
 88.54419853  -3.269995329   3.775976e-4   0.018324211   0.039058723
 88.85878398  -3.281613176   3.789392e-4   0.018123775   0.038608797
 89.17336942  -3.293231023   3.802807e-4   0.017926649   0.038166648
 89.48795487  -3.304848870   3.816223e-4   0.017732760   0.037732090
 89.80254032  -3.316466717   3.829638e-4   0.017542036   0.037304941
 90.11712577  -3.328084564   3.843054e-4   0.017354408   0.036885025
 90.43171122  -3.339702411   3.856469e-4   0.017169808   0.036472171
 90.74629667  -3.351320258   3.869885e-4   0.016988172   0.036066213
 91.06088211  -3.362938105   3.883300e-4   0.016809435   0.035666990
 91.37546756  -3.374555951   3.896716e-4   0.016633535   0.035274345
 91.69005301  -3.386173798   3.910131e-4   0.016460412   0.034888127
 92.00463846  -3.397791645   3.923547e-4   0.016290007   0.034508188
 92.31922391  -3.409409492   3.936962e-4   0.016122263   0.034134384
 92.63380936  -3.421027339   3.950378e-4   0.015957124   0.033766575
 92.94839480  -3.432645186   3.963794e-4   0.015794536   0.033404627
 93.26298025  -3.444263033   3.977209e-4   0.015634447   0.033048408
 93.57756570  -3.455880880   3.990625e-4   0.015476804   0.032697788
 93.89215115  -3.467498727   4.004040e-4   0.015321557   0.032352643
 94.20673660  -3.479116574   4.017456e-4   0.015168658   0.032012851
 94.52132205  -3.490734421   4.030871e-4   0.015018060   0.031678294
 94.83590749  -3.502352268   4.044287e-4   0.014869715   0.031348857
 95.15049294  -3.513970115   4.057702e-4   0.014723579   0.031024428
 95.46507839  -3.525587962   4.071118e-4   0.014579608   0.030704897
 95.77966384  -3.537205809   4.084533e-4   0.014437758   0.030390158
 96.09424929  -3.548823656   4.097949e-4   0.014297988   0.030080106
 96.40883474  -3.560441503   4.111364e-4   0.014160257   0.029774640
 96.72342019  -3.572059350   4.124780e-4   0.014024525   0.029473663
 97.03800563  -3.583677197   4.138195e-4   0.013890753   0.029177076
 97.35259108  -3.595295043   4.151611e-4   0.013758904   0.028884786
 97.66717653  -3.606912890   4.165026e-4   0.013628940   0.028596702
 97.98176198  -3.618530737   4.178442e-4   0.013500825   0.028312733
 98.29634743  -3.630148584   4.191857e-4   0.013374525   0.028032792
 98.61093288  -3.641766431   4.205273e-4   0.013250003   0.027756794
 98.92551832  -3.653384278   4.218689e-4   0.013127229   0.027484654
 99.24010377  -3.665002125   4.232104e-4   0.013006167   0.027216290
 99.55468922  -3.676619972   4.245520e-4   0.012886787   0.026951624
 99.86927467  -3.688237819   4.258935e-4   0.012769056   0.026690575
 100.1838601  -3.699855666   4.272351e-4   0.012652946   0.026433068
 100.4984456  -3.711473513   4.285766e-4   0.012538425   0.026179027
 100.8130310  -3.723091360   4.299182e-4   0.012425464   0.025928379
 101.1276165  -3.734709207   4.312597e-4   0.012314036   0.025681051
 101.4422019  -3.746327054   4.326013e-4   0.012204112   0.025436973
 101.7567874  -3.757944901   4.339428e-4   0.012095665   0.025196074
 102.0713728  -3.769562748   4.352844e-4   0.011988669   0.024958287
 102.3859583  -3.781180595   4.366259e-4   0.011883097   0.024723544
 102.7005437  -3.792798442   4.379675e-4   0.011778925   0.024491780
 103.0151292  -3.804416289   4.393090e-4   0.011676127   0.024262928
 103.3297146  -3.816034135   4.406506e-4   0.011574680   0.024036925
 103.6443000  -3.827651982   4.419921e-4   0.011474558   0.023813707
 103.9588855  -3.839269829   4.433337e-4   0.011375741   0.023593213
 104.2734709  -3.850887676   4.446753e-4   0.011278203   0.023375380
 104.5880564  -3.862505523   4.460168e-4   0.011181924   0.023160147
 104.9026418  -3.874123370   4.473584e-4   0.011086882   0.022947455
 105.2172273  -3.885741217   4.486999e-4   0.010993055   0.022737242
 105.5318127  -3.897359064   4.500415e-4   0.010900423   0.022529449
 105.8463982  -3.908976911   4.513830e-4   0.010808965   0.022324017
 106.1609836  -3.920594758   4.527246e-4   0.010718662   0.022120887
 106.4755691  -3.932212605   4.540661e-4   0.010629493   0.021920000
 106.7901545  -3.943830452   4.554077e-4   0.010541441   0.021721297
 107.1047400  -3.955448299   4.567492e-4   0.010454485   0.021524719
 107.4193254  -3.967066146   4.580908e-4   0.010368609   0.021330205
 107.7339109  -3.978683993   4.594323e-4   0.010283793   0.021137697
 108.0484963  -3.990301840   4.607739e-4   0.010200021   0.020947133
 108.3630818  -4.001919687   4.621154e-4   0.010117276   0.020758451
 108.6776672  -4.013537534   4.634570e-4   0.010035539   0.020571591
 108.9922527  -4.025155381   4.647985e-4   0.009954796   0.020386487
 109.3068381  -4.036773228   4.661401e-4   0.009875030   0.020203074
 109.6214236  -4.048391074   4.674816e-4   0.009796225   0.020021284
 109.9360090  -4.060008921   4.688232e-4   0.009718365   0.019841048
 110.2505945  -4.071626768   4.701648e-4   0.009641437   0.019662294
 110.5651799  -4.083244615   4.715063e-4   0.009565423   0.019484945
 110.8797654  -4.094862462   4.728479e-4   0.009490311   0.019308921
 111.1943508  -4.106480309   4.741894e-4   0.009416085   0.019134138
 111.5089363  -4.118098156   4.755310e-4   0.009342733   0.018960505
 111.8235217  -4.129716003   4.768725e-4   0.009270239   0.018787926
 112.1381072  -4.141333850   4.782141e-4   0.009198591   0.018616294
 112.4526926  -4.152951697   4.795556e-4   0.009127776   0.018445496
 112.7672781  -4.164569544   4.808972e-4   0.009057780   0.018275403
 113.0818635  -4.176187391   4.822387e-4   0.008988591   0.018105872
 113.3964489  -4.187805238   4.835803e-4   0.008920196   0.017936742
 113.7110344  -4.199423085   4.849218e-4   0.008852583   0.017767827
 114.0256198  -4.211040932   4.862634e-4   0.008785741   0.017598911
 114.3402053  -4.222658779   4.876049e-4   0.008719658   0.017429734
 114.6547907  -4.234276626   4.889465e-4   0.008654321   0.017259982
 114.9693762  -4.245894473   4.902880e-4   0.008589720   0.017089261
 115.2839616  -4.257512320   4.916296e-4   0.008525844   0.016917059
 115.5985471  -4.269130166   4.929712e-4   0.008462682   0.016742682
 115.9131325  -4.280748013   4.943127e-4   0.008400223   0.016565123
 116.2277180  -4.292365860   4.956543e-4   0.008338457   0.016382777
 116.5423034  -4.303983707   4.969958e-4   0.008277374   0.016192655
 116.8568889  -4.315601554   4.983374e-4   0.008216962   0.015989607
 117.1714743  -4.327219401   4.996789e-4   0.008157213   0.015780317
 117.4860598  -4.338837248   5.010205e-4   0.008098117   0.015570590
 117.8006452  -4.350455095   5.023620e-4   0.008039665   0.015361690
 118.1152307  -4.362072942   5.037036e-4   0.007981846   0.015154059
 118.4298161  -4.373690789   5.050451e-4   0.007924652   0.014947895
 118.7444016  -4.385308636   5.063867e-4   0.007868074   0.014743301
 119.0589870  -4.396926483   5.077282e-4   0.007812103   0.014540334
 119.3735725  -4.408544330   5.090698e-4   0.007756729   0.014339024
 119.6881579  -4.420162177   5.104113e-4   0.007701946   0.014139386
 120.0027434  -4.431780024   5.117529e-4   0.007647744   0.013941424
 120.3173288  -4.443397871   5.130944e-4   0.007594115   0.013745138
 120.6319143  -4.455015718   5.144360e-4   0.007541050   0.013550522
 120.9464997  -4.466633565   5.157775e-4   0.007488543   0.013357568
 121.2610852  -4.478251412   5.171191e-4   0.007436585   0.013166265
 121.5756706  -4.489869259   5.184607e-4   0.007385169   0.012976601
 121.8902561  -4.501487105   5.198022e-4   0.007334286   0.012788563
 122.2048415  -4.513104952   5.211438e-4   0.007283930   0.012602137
 122.5194270  -4.524722799   5.224853e-4   0.007234094   0.012417307
 122.8340124  -4.536340646   5.238269e-4   0.007184769   0.012234060
 123.1485978  -4.547958493   5.251684e-4   0.007135950   0.012052379
 123.4631833  -4.559576340   5.265100e-4   0.007087629   0.011872249
 123.7777687  -4.571194187   5.278515e-4   0.007039799   0.011693655
 124.0923542  -4.582812034   5.291931e-4   0.006992455   0.011516581
 124.4069396  -4.594429881   5.305346e-4   0.006945588   0.011341012
 124.7215251  -4.606047728   5.318762e-4   0.006899193   0.011166932
 125.0361105  -4.617665575   5.332177e-4   0.006853264   0.010994325
 125.3506960  -4.629283422   5.345593e-4   0.006807793   0.010823177
 125.6652814  -4.640901269   5.359008e-4   0.006762776   0.010653472
 125.9798669  -4.652519116   5.372424e-4   0.006718206   0.010485196
 126.2944523  -4.664136963   5.385839e-4   0.006674077   0.010318333
 126.6090378  -4.675754810   5.399255e-4   0.006630383   0.010152870
 126.9236232  -4.687372657   5.412671e-4   0.006587119   0.009988791
 127.2382087  -4.698990504   5.426086e-4   0.006544279   0.009826083
 127.5527941  -4.710608351   5.439502e-4   0.006501857   0.009664732
 127.8673796  -4.722226197   5.452917e-4   0.006459848   0.009504724
 128.1819650  -4.733844044   5.466333e-4   0.006418246   0.009346045
 128.4965505  -4.745461891   5.479748e-4   0.006377047   0.009188682
 128.8111359  -4.757079738   5.493164e-4   0.006336245   0.009032622
 129.1257214  -4.768697585   5.506579e-4   0.006295835   0.008877852
 129.4403068  -4.780315432   5.519995e-4   0.006255812   0.008724360
 129.7548923  -4.791933279   5.533410e-4   0.006216170   0.008572134
 130.0694777  -4.803551126   5.546826e-4   0.006176906   0.008421160
 130.3840632  -4.815168973   5.560241e-4   0.006138015   0.008271428
 130.6986486  -4.826786820   5.573657e-4   0.006099491   0.008122926
 131.0132341  -4.838404667   5.587072e-4   0.006061330   0.007975642
 131.3278195  -4.850022514   5.600488e-4   0.006023527   0.007829565
 131.6424050  -4.861640361   5.613903e-4   0.005986078   0.007684685
 131.9569904  -4.873258208   5.627319e-4   0.005948979   0.007540990