 Be Density=1.848 Thickness=800. microns Photon energy (eV), Transmission
    2000.0      1.61903E-05
    2050.0      3.62587E-05
    2100.0      7.57803E-05
    2150.0      1.47857E-04
    2200.0      2.71434E-04
    2250.0      4.72013E-04
    2300.0      7.82167E-04
    2350.0      1.24122E-03
    2400.0      1.89510E-03
    2450.0      2.79459E-03
    2500.0      3.99427E-03
    2550.0      5.55022E-03
    2600.0      7.51815E-03
    2650.0      9.95190E-03
    2700.0      1.29004E-02
    2750.0      1.64079E-02
    2800.0      2.05102E-02
    2850.0      2.52362E-02
    2900.0      3.06063E-02
    2950.0      3.66319E-02
    3000.0      4.33169E-02
    3050.0      5.07324E-02
    3100.0      5.88816E-02
    3150.0      6.76811E-02
    3200.0      7.71048E-02
    3250.0      8.71207E-02
    3300.0      9.76927E-02
    3350.0      0.10878    
    3400.0      0.12035    
    3450.0      0.13235    
    3500.0      0.14473    
    3550.0      0.15746    
    3600.0      0.17049    
    3650.0      0.18376    
    3700.0      0.19725    
    3750.0      0.21091    
    3800.0      0.22470    
    3850.0      0.23858    
    3900.0      0.25252    
    3950.0      0.26649    
    4000.0      0.28044    
    4050.0      0.29437    
    4100.0      0.30824    
    4150.0      0.32218    
    4200.0      0.33603    
    4250.0      0.34974    
    4300.0      0.36332    
    4350.0      0.37673    
    4400.0      0.38997    
    4450.0      0.40303    
    4500.0      0.41589    
    4550.0      0.42854    
    4600.0      0.44098    
    4650.0      0.45320    
    4700.0      0.46520    
    4750.0      0.47697    
    4800.0      0.48850    
    4850.0      0.49980    
    4900.0      0.51087    
    4950.0      0.52170    
    5000.0      0.53229    
    5050.0      0.54265    
    5100.0      0.55278    
    5150.0      0.56267    
    5200.0      0.57233    
    5250.0      0.58182    
    5300.0      0.59111    
    5350.0      0.60018    
    5400.0      0.60902    
    5450.0      0.61765    
    5500.0      0.62606    
    5550.0      0.63427    
    5600.0      0.64226    
    5650.0      0.65005    
    5700.0      0.65765    
    5750.0      0.66505    
    5800.0      0.67226    
    5850.0      0.67929    
    5900.0      0.68613    
    5950.0      0.69280    
    6000.0      0.69929    
    6050.0      0.70562    
    6100.0      0.71178    
    6150.0      0.71779    
    6200.0      0.72364    
    6250.0      0.72933    
    6300.0      0.73488    
    6350.0      0.74030    
    6400.0      0.74560    
    6450.0      0.75076    
    6500.0      0.75579    
    6550.0      0.76068    
    6600.0      0.76545    
    6650.0      0.77010    
    6700.0      0.77462    
    6750.0      0.77903    
    6800.0      0.78332    
    6850.0      0.78751    
    6900.0      0.79158    
    6950.0      0.79555    
    7000.0      0.79942    
    7050.0      0.80319    
    7100.0      0.80687    
    7150.0      0.81045    
    7200.0      0.81394    
    7250.0      0.81734    
    7300.0      0.82066    
    7350.0      0.82389    
    7400.0      0.82704    
    7450.0      0.83012    
    7500.0      0.83311    
    7550.0      0.83604    
    7600.0      0.83889    
    7650.0      0.84167    
    7700.0      0.84438    
    7750.0      0.84702    
    7800.0      0.84961    
    7850.0      0.85212    
    7900.0      0.85458    
    7950.0      0.85698    
    8000.0      0.85932    
    8050.0      0.86161    
    8100.0      0.86384    
    8150.0      0.86602    
    8200.0      0.86815    
    8250.0      0.87023    
    8300.0      0.87226    
    8350.0      0.87425    
    8400.0      0.87620    
    8450.0      0.87811    
    8500.0      0.87997    
    8550.0      0.88178    
    8600.0      0.88356    
    8650.0      0.88529    
    8700.0      0.88699    
    8750.0      0.88864    
    8800.0      0.89026    
    8850.0      0.89184    
    8900.0      0.89339    
    8950.0      0.89490    
    9000.0      0.89638    
    9050.0      0.89782    
    9100.0      0.89924    
    9150.0      0.90062    
    9200.0      0.90197    
    9250.0      0.90329    
    9300.0      0.90458    
    9350.0      0.90584    
    9400.0      0.90708    
    9450.0      0.90829    
    9500.0      0.90947    
    9550.0      0.91063    
    9600.0      0.91176    
    9650.0      0.91287    
    9700.0      0.91395    
    9750.0      0.91502    
    9800.0      0.91605    
    9850.0      0.91707    
    9900.0      0.91807    
    9950.0      0.91904    
    10000.      0.92000    
    10050.      0.92094    
    10100.      0.92187    
    10150.      0.92277    
    10200.      0.92366    
    10250.      0.92452    
    10300.      0.92538    
    10350.      0.92621    
    10400.      0.92703    
    10450.      0.92783    
    10500.      0.92861    
    10550.      0.92938    
    10600.      0.93013    
    10650.      0.93087    
    10700.      0.93160    
    10750.      0.93231    
    10800.      0.93300    
    10850.      0.93369    
    10900.      0.93436    
    10950.      0.93501    
    11000.      0.93566    
    11050.      0.93629    
    11100.      0.93691    
    11150.      0.93752    
    11200.      0.93811    
    11250.      0.93870    
    11300.      0.93927    
    11350.      0.93984    
    11400.      0.94039    
    11450.      0.94093    
    11500.      0.94146    
    11550.      0.94199    
    11600.      0.94250    
    11650.      0.94300    
    11700.      0.94350    
    11750.      0.94398    
    11800.      0.94446    
    11850.      0.94493    
    11900.      0.94539    
    11950.      0.94584    
    12000.      0.94628    
    12050.      0.94671    
    12100.      0.94714    
    12150.      0.94756    
    12200.      0.94797    
    12250.      0.94838    
    12300.      0.94878    
    12350.      0.94917    
    12400.      0.94955    
    12450.      0.94993    
    12500.      0.95030    
    12550.      0.95067    
    12600.      0.95103    
    12650.      0.95139    
    12700.      0.95174    
    12750.      0.95208    
    12800.      0.95241    
    12850.      0.95274    
    12900.      0.95307    
    12950.      0.95339    
    13000.      0.95370    
    13050.      0.95401    
    13100.      0.95432    
    13150.      0.95461    
    13200.      0.95491    
    13250.      0.95520    
    13300.      0.95548    
    13350.      0.95576    
    13400.      0.95603    
    13450.      0.95630    
    13500.      0.95657    
    13550.      0.95683    
    13600.      0.95708    
    13650.      0.95734    
    13700.      0.95758    
    13750.      0.95783    
    13800.      0.95807    
    13850.      0.95830    
    13900.      0.95854    
    13950.      0.95877    
    14000.      0.95899    
    14050.      0.95921    
    14100.      0.95943    
    14150.      0.95964    
    14200.      0.95985    
    14250.      0.96006    
    14300.      0.96027    
    14350.      0.96047    
    14400.      0.96066    
    14450.      0.96086    
    14500.      0.96105    
    14550.      0.96124    
    14600.      0.96142    
    14650.      0.96161    
    14700.      0.96179    
    14750.      0.96196    
    14800.      0.96214    
    14850.      0.96231    
    14900.      0.96248    
    14950.      0.96264    
    15000.      0.96281    
    15050.      0.96298    
    15100.      0.96314    
    15150.      0.96331    
    15200.      0.96347    
    15250.      0.96363    
    15300.      0.96378    
    15350.      0.96394    
    15400.      0.96409    
    15450.      0.96424    
    15500.      0.96439    
    15550.      0.96454    
    15600.      0.96468    
    15650.      0.96482    
    15700.      0.96496    
    15750.      0.96510    
    15800.      0.96523    
    15850.      0.96537    
    15900.      0.96550    
    15950.      0.96563    
    16000.      0.96576    
    16050.      0.96589    
    16100.      0.96601    
    16150.      0.96613    
    16200.      0.96625    
    16250.      0.96637    
    16300.      0.96649    
    16350.      0.96661    
    16400.      0.96672    
    16450.      0.96684    
    16500.      0.96695    
    16550.      0.96706    
    16600.      0.96717    
    16650.      0.96728    
    16700.      0.96738    
    16750.      0.96749    
    16800.      0.96759    
    16850.      0.96769    
    16900.      0.96779    
    16950.      0.96789    
    17000.      0.96799    
    17050.      0.96809    
    17100.      0.96818    
    17150.      0.96828    
    17200.      0.96837    
    17250.      0.96846    
    17300.      0.96855    
    17350.      0.96864    
    17400.      0.96873    
    17450.      0.96881    
    17500.      0.96890    
    17550.      0.96898    
    17600.      0.96907    
    17650.      0.96915    
    17700.      0.96923    
    17750.      0.96931    
    17800.      0.96939    
    17850.      0.96947    
    17900.      0.96954    
    17950.      0.96962    
    18000.      0.96969    
    18050.      0.96977    
    18100.      0.96984    
    18150.      0.96991    
    18200.      0.96998    
    18250.      0.97005    
    18300.      0.97012    
    18350.      0.97019    
    18400.      0.97026    
    18450.      0.97032    
    18500.      0.97039    
    18550.      0.97046    
    18600.      0.97052    
    18650.      0.97058    
    18700.      0.97064    
    18750.      0.97071    
    18800.      0.97077    
    18850.      0.97083    
    18900.      0.97089    
    18950.      0.97094    
    19000.      0.97100    
    19050.      0.97106    
    19100.      0.97112    
    19150.      0.97117    
    19200.      0.97123    
    19250.      0.97128    
    19300.      0.97133    
    19350.      0.97139    
    19400.      0.97144    
    19450.      0.97149    
    19500.      0.97154    
    19550.      0.97159    
    19600.      0.97164    
    19650.      0.97169    
    19700.      0.97174    
    19750.      0.97179    
    19800.      0.97183    
    19850.      0.97188    
    19900.      0.97193    
    19950.      0.97197    
    20000.      0.97202    
    20050.      0.97207    
    20100.      0.97212    
    20150.      0.97217    
    20200.      0.97221    
    20250.      0.97226    
    20300.      0.97231    
    20350.      0.97236    
    20400.      0.97240    
    20450.      0.97245    
    20500.      0.97249    
    20550.      0.97254    
    20600.      0.97258    
    20650.      0.97263    
    20700.      0.97267    
    20750.      0.97271    
    20800.      0.97275    
    20850.      0.97280    
    20900.      0.97284    
    20950.      0.97288    
    21000.      0.97292    
    21050.      0.97296    
    21100.      0.97300    
    21150.      0.97304    
    21200.      0.97308    
    21250.      0.97312    
    21300.      0.97315    
    21350.      0.97319    
    21400.      0.97323    
    21450.      0.97327    
    21500.      0.97330    
    21550.      0.97334    
    21600.      0.97337    
    21650.      0.97341    
    21700.      0.97344    
    21750.      0.97348    
    21800.      0.97351    
    21850.      0.97355    
    21900.      0.97358    
    21950.      0.97361    
    22000.      0.97365    
    22050.      0.97368    
    22100.      0.97371    
    22150.      0.97374    
    22200.      0.97377    
    22250.      0.97381    
    22300.      0.97384    
    22350.      0.97387    
    22400.      0.97390    
    22450.      0.97393    
    22500.      0.97396    
    22550.      0.97399    
    22600.      0.97402    
    22650.      0.97404    
    22700.      0.97407    
    22750.      0.97410    
    22800.      0.97413    
    22850.      0.97416    
    22900.      0.97418    
    22950.      0.97421    
    23000.      0.97424    
    23050.      0.97426    
    23100.      0.97429    
    23150.      0.97432    
    23200.      0.97434    
    23250.      0.97437    
    23300.      0.97439    
    23350.      0.97442    
    23400.      0.97444    
    23450.      0.97447    
    23500.      0.97449    
    23550.      0.97451    
    23600.      0.97454    
    23650.      0.97456    
    23700.      0.97459    
    23750.      0.97461    
    23800.      0.97463    
    23850.      0.97465    
    23900.      0.97468    
    23950.      0.97470    
    24000.      0.97472    
    24050.      0.97474    
    24100.      0.97476    
    24150.      0.97479    
    24200.      0.97481    
    24250.      0.97483    
    24300.      0.97485    
    24350.      0.97487    
    24400.      0.97489    
    24450.      0.97491    
    24500.      0.97493    
    24550.      0.97495    
    24600.      0.97497    
    24650.      0.97499    
    24700.      0.97501    
    24750.      0.97503    
    24800.      0.97504    
    24850.      0.97506    
    24900.      0.97508    
    24950.      0.97510    
    25000.      0.97512    
    25050.      0.97514    
    25100.      0.97515    
    25150.      0.97517    
    25200.      0.97519    
    25250.      0.97521    
    25300.      0.97522    
    25350.      0.97524    
    25400.      0.97526    
    25450.      0.97527    
    25500.      0.97529    
    25550.      0.97531    
    25600.      0.97532    
    25650.      0.97534    
    25700.      0.97535    
    25750.      0.97537    
    25800.      0.97539    
    25850.      0.97540    
    25900.      0.97542    
    25950.      0.97543    
    26000.      0.97545    
    26050.      0.97546    
    26100.      0.97548    
    26150.      0.97549    
    26200.      0.97551    
    26250.      0.97552    
    26300.      0.97553    
    26350.      0.97555    
    26400.      0.97556    
    26450.      0.97558    
    26500.      0.97559    
    26550.      0.97560    
    26600.      0.97562    
    26650.      0.97563    
    26700.      0.97564    
    26750.      0.97566    
    26800.      0.97567    
    26850.      0.97568    
    26900.      0.97570    
    26950.      0.97571    
    27000.      0.97572    
    27050.      0.97573    
    27100.      0.97575    
    27150.      0.97576    
    27200.      0.97577    
    27250.      0.97578    
    27300.      0.97579    
    27350.      0.97581    
    27400.      0.97582    
    27450.      0.97583    
    27500.      0.97584    
    27550.      0.97585    
    27600.      0.97586    
    27650.      0.97587    
    27700.      0.97588    
    27750.      0.97590    
    27800.      0.97591    
    27850.      0.97592    
    27900.      0.97593    
    27950.      0.97594    
    28000.      0.97595    
    28050.      0.97596    
    28100.      0.97597    
    28150.      0.97598    
    28200.      0.97599    
    28250.      0.97600    
    28300.      0.97601    
    28350.      0.97602    
    28400.      0.97603    
    28450.      0.97604    
    28500.      0.97605    
    28550.      0.97606    
    28600.      0.97607    
    28650.      0.97608    
    28700.      0.97609    
    28750.      0.97610    
    28800.      0.97610    
    28850.      0.97611    
    28900.      0.97612    
    28950.      0.97613    
    29000.      0.97614    
    29050.      0.97615    
    29100.      0.97616    
    29150.      0.97617    
    29200.      0.97617    
    29250.      0.97618    
    29300.      0.97619    
    29350.      0.97620    
    29400.      0.97621    
    29450.      0.97622    
    29500.      0.97622    
    29550.      0.97623    
    29600.      0.97624    
    29650.      0.97625    
    29700.      0.97626    
    29750.      0.97626    
    29800.      0.97627    
    29850.      0.97628    
    29900.      0.97629    
    29950.      0.97629    
    30000.      0.97630    