#XDI/1.1
# X-ray Atomic Scattering Cross-Sections from xrayweb  Mon Dec 15 04:55:36 2025
# Element : Si
# Filename : xrayweb_scatter.txt
# Column.1: Energy (eV)
# Column.2: mu_total (cm^2/gr)
# Column.3: mu_photo (cm^2/gr)  # Photo-electric
# Column.4: mu_coher (cm^2/gr)  # Rayleigh
# Column.5: mu_incoh (cm^2/gr)  # Compton
# Column.6: f1 (electrons/atom) # real resonant
# Column.7: f2 (electrons/atom) # imag resonant
#---------------------
# {' '.join(array_names)}
 100.0000000   55684.14739   55681.35332   2.793904275   1.644195e-4  -20.08051665   7.215211269
 150.0000000   97971.55478   97968.76478   2.789632872   3.661567e-4  -9.302258808   10.18494508
 200.0000000   62802.41547   62799.63162   2.783196311   6.501384e-4  -4.277254986   8.887785302
 250.0000000   40528.73710   40525.96148   2.774609422   0.001009240  -2.336400011   7.117991514
 300.0000000   27633.79132   27631.02170   2.768179649   0.001445811  -1.452401777   5.725566255
 350.0000000   19490.73376   19487.97435   2.757459839   0.001950004  -1.032095913   4.687214352
 400.0000000   14404.12836   14401.37910   2.746726445   0.002527407  -0.831281489   3.907742832
 450.0000000   10904.45551   10901.71847   2.733875217   0.003162968  -0.742337765   3.308686742
 500.0000000   8501.305926   8498.581060   2.721001702   0.003864884  -0.715385446   2.839138230
 550.0000000   6734.618630   6731.910159   2.703856573   0.004613894  -0.723327653   2.465078278
 600.0000000   5445.123788   5442.429517   2.688845776   0.005424982  -0.750948529   2.162690439
 650.0000000   4459.151952   4456.478290   2.667404143   0.006257492  -0.789773242   1.914508434
 700.0000000   3707.694559   3705.039308   2.648106799   0.007143450  -0.835215613   1.708129065
 750.0000000   3110.977998   3108.338479   2.631439634   0.008080185  -0.884474972   1.534954423
 800.0000000   2640.095510   2637.470499   2.615943232   0.009067333  -0.935857319   1.388124046
 850.0000000   2262.150612   2259.549023   2.591554061   0.010035419  -0.988356745   1.262637371
 900.0000000   1955.556623   1952.976812   2.568767668   0.011042630  -1.041353426   1.154625411
 950.0000000   1747.124071   1744.564203   2.547781711   0.012086355  -1.094349693   1.060953699
 1000.000000   1569.982546   1567.441347   2.528030943   0.013167575  -1.146662616   0.978777792
 1050.000000   1379.241502   1376.725685   2.501623105   0.014194231  -1.204684998   0.897375312
 1100.000000   1219.024992   1216.533373   2.476375465   0.015243627  -1.267162682   0.826148577
 1150.000000   1083.377265   1080.909043   2.451910642   0.016311199  -1.333498158   0.763691038
 1200.000000   967.6944472   965.2491114   2.427943268   0.017392441  -1.403867284   0.708604971
 1250.000000   868.3797901   865.9570486   2.404258530   0.018482942  -1.478897399   0.659731213
 1300.000000   782.5941262   780.1938521   2.380695753   0.019578405  -1.559606029   0.616163807
 1350.000000   708.0748749   705.6970642   2.357136082   0.020674678  -1.647434449   0.577128220
 1400.000000   643.0030536   640.6477926   2.333493156   0.021767770  -1.744365737   0.542633174
 1450.000000   585.9043820   583.5718222   2.309705954   0.022853867  -1.853153298   0.510981619
 1500.000000   535.5749106   533.2652480   2.285733268   0.023929351  -1.977734216   0.482317857
 1550.000000   490.2249020   487.9383386   2.261572104   0.024991295  -2.123991770   0.456277741
 1600.000000   449.9885340   447.7251826   2.237312611   0.026038757  -2.301273467   0.432572417
 1650.000000   414.1551362   411.9150138   2.213051018   0.027071421  -2.525747432   0.410995555
 1700.000000   382.1303437   379.9133875   2.188867121   0.028089081  -2.829094583   0.391420478
 1750.000000   353.4143538   351.2204353   2.164826882   0.029091628  -3.287607623   0.374047906
 1800.000000   327.5847272   325.4136635   2.140984600   0.030079030  -4.181720375   0.361306005
 1850.000000   3162.862225   3160.713789   2.117384734   0.031051327  -5.603200724   4.053058820
 1900.000000   3031.326503   3029.200431   2.094063430   0.032008611  -3.450878501   3.981543159
 1950.000000   2903.706716   2901.602715   2.071049812   0.032951025  -2.619622700   3.877483531
 2000.000000   2776.692254   2774.610008   2.048367058   0.033878749  -2.088609668   3.744673756
 2050.000000   2648.646862   2646.586037   2.026032675   0.034791930  -1.702646538   3.609596645
 2100.000000   2520.861243   2518.821498   2.004054816   0.035690727  -1.403989934   3.475823569
 2150.000000   2394.937844   2392.918831   1.982438481   0.036575262  -1.165015978   3.345356708
 2200.000000   2272.110430   2270.111798   1.961186635   0.037445679  -0.969802760   3.219740179
 2250.000000   2153.298862   2151.320260   1.940300529   0.038302143  -0.808069665   3.099794506
 2300.000000   2039.160372   2037.201447   1.919779979   0.039144835  -0.672685834   2.986086962
 2350.000000   1930.136011   1928.196413   1.899623593   0.039973946  -0.558531109   2.879300551
 2400.000000   1826.491689   1824.571070   1.879828976   0.040789683  -0.462006324   2.779008414
 2450.000000   1728.353710   1726.451724   1.860392896   0.041592258  -0.377791474   2.687511069
 2500.000000   1635.739022   1633.855329   1.841311431   0.042381890  -0.303295550   2.601095926
 2550.000000   1548.580607   1546.714868   1.822580091   0.043158806  -0.237193575   2.519561428
 2600.000000   1466.748497   1464.900380   1.804193927   0.043923233  -0.178265534   2.442268840
 2650.000000   1390.066976   1388.236153   1.786147620   0.044675403  -0.125485280   2.369018063
 2700.000000   1318.328475   1316.514624   1.768435558   0.045415550  -0.078000546   2.299443829
 2750.000000   1251.304686   1249.507490   1.751051901   0.046143907  -0.035099610   2.233206771
 2800.000000   1188.755310   1186.974459   1.733990643   0.046860709   0.003824184   2.169911027
 2850.000000   1130.434883   1128.670071   1.717245654   0.047566187   0.039272593   2.109286366
 2900.000000   1076.097982   1074.348911   1.700810724   0.048260574   0.071725925   2.051254755
 2950.000000   1025.503151   1023.769528   1.684679598   0.048944099   0.101798508   1.995753531
 3000.000000   978.4157678   976.6973049   1.668846004   0.049616990   0.130518333   1.942176689
 3050.000000   934.5903194   932.8867369   1.653303009   0.050279508   0.155472650   1.888855346
 3100.000000   893.7261147   892.0371395   1.638043144   0.050932007   0.177487816   1.837485113
 3150.000000   855.5389892   853.8643558   1.623058532   0.051574867   0.197183065   1.788306083
 3200.000000   819.7785655   818.1180155   1.608341590   0.052208458   0.214873443   1.741165985
 3250.000000   786.2236000   784.5768819   1.593885011   0.052833137   0.230806411   1.695980198
 3300.000000   754.6780518   753.0449208   1.579681751   0.053449251   0.245188061   1.652670074
 3350.000000   724.9677501   723.3479680   1.565725023   0.054057138   0.258195379   1.611089947
 3400.000000   696.9375600   695.3308946   1.552008281   0.054657123   0.269983254   1.571142982
 3450.000000   670.4489619   668.8551872   1.538525208   0.055249521   0.280687101   1.532739707
 3500.000000   645.3779798   643.7968754   1.525269714   0.055834638   0.290430616   1.495824518
 3550.000000   621.6134006   620.0447519   1.512235918   0.056412769   0.299425518   1.460322978
 3600.000000   599.0552406   597.4988383   1.499418144   0.056984199   0.307426553   1.426126381
 3650.000000   577.6134198   576.0690596   1.486810909   0.057549206   0.311737572   1.393218509
 3700.000000   557.2066131   555.6740962   1.474408918   0.058108055   0.355652774   1.360368313
 3750.000000   537.7612529   536.2403848   1.462207055   0.058661004   0.373001973   1.327457972
 3800.000000   519.2106590   517.7012503   1.450200375   0.059208303   0.378765701   1.295761597
 3850.000000   501.4942799   499.9961456   1.438384097   0.059750194   0.382457275   1.265177888
 3900.000000   484.5570280   483.0699875   1.426753596   0.060286907   0.385911549   1.235766772
 3950.000000   468.3486966   466.8725735   1.415304402   0.060818669   0.388677570   1.207318053
 4000.000000   452.8234468   451.3580689   1.404032185   0.061345697   0.390885579   1.179914718
 4050.000000   437.9408503   436.4860498   1.392932324   0.061868212   0.392606435   1.153487628
 4100.000000   423.6699915   422.2256061   1.381999021   0.062386345   0.393890668   1.127937082
 4150.000000   409.9829540   408.5488274   1.371226374   0.062900234   0.394785224   1.103277599
 4200.000000   396.8531100   395.4290912   1.360608814   0.063410013   0.395330367   1.079450173
 4250.000000   384.2550703   382.8410134   1.350141079   0.063915812   0.395561576   1.056398210
 4300.000000   372.1646357   370.7603998   1.339818194   0.064417757   0.395510108   1.034088114
 4350.000000   360.5587478   359.1641964   1.329635450   0.064915969   0.395203714   1.012541468
 4400.000000   349.4154405   348.0304416   1.319588391   0.065410565   0.394667415   0.991607474
 4450.000000   338.7137931   337.3382186   1.309672792   0.065901661   0.393923431   0.971384588
 4500.000000   328.4338829   327.0676089   1.299884648   0.066389368   0.392991885   0.951789982
 4550.000000   318.5567411   317.1996472   1.290220157   0.066873792   0.391890988   0.932801504
 4600.000000   309.0643082   307.7162775   1.280675710   0.067355039   0.390637073   0.914396710
 4650.000000   299.9393920   298.6003109   1.271247876   0.067833208   0.389245157   0.896546901
 4700.000000   291.1656262   289.8353844   1.261933392   0.068308400   0.387728572   0.879236312
 4750.000000   282.7274315   281.4059217   1.252729155   0.068780707   0.386099799   0.862433441
 4800.000000   274.6099776   273.2970952   1.243632209   0.069250224   0.384370144   0.846126801
 4850.000000   266.7991466   265.4947899   1.234639736   0.069717039   0.382549624   0.830296033
 4900.000000   259.2814986   257.9855683   1.225749051   0.070181240   0.380647764   0.814917138
 4950.000000   252.0442379   250.7566374   1.216957591   0.070642910   0.378673128   0.799976784
 5000.000000   245.0751818   243.7958167   1.208262909   0.071102133   0.376633365   0.785463372
 5050.000000   238.3626153   237.0913938   1.199662546   0.071558967   0.374536128   0.771346347
 5100.000000   231.8947276   230.6315604   1.191153713   0.072013466   0.372381214   0.757614713
 5150.000000   225.6602547   224.4050554   1.182733650   0.072465663   0.370187090   0.744268053
 5200.000000   219.6485604   218.4012451   1.174399742   0.072915589   0.367954087   0.731278556
 5250.000000   213.8495953   212.6100825   1.166149513   0.073363275   0.365686452   0.718636553
 5300.000000   208.2538589   207.0220695   1.157980615   0.073808752   0.363388748   0.706325030
 5350.000000   202.8523642   201.6282213   1.149890822   0.074252051   0.361065386   0.694342785
 5400.000000   197.6366054   196.4200342   1.141878022   0.074693199   0.358720268   0.682668710
 5450.000000   192.5985277   191.3894553   1.133940210   0.075132226   0.356357061   0.671298348
 5500.000000   187.7304991   186.5288545   1.126075482   0.075569159   0.353979142   0.660220976
 5550.000000   183.0252844   181.8309983   1.118282029   0.076004027   0.351589555   0.649422047
 5600.000000   178.4760210   177.2890260   1.110558132   0.076436855   0.349191142   0.638895012
 5650.000000   174.0761965   172.8964267   1.102902157   0.076867670   0.346786558   0.628632519
 5700.000000   169.8196277   168.6470187   1.095312547   0.077296498   0.344378189   0.618619274
 5750.000000   165.7004410   164.5349298   1.087787823   0.077723364   0.341968174   0.608855367
 5800.000000   161.7130541   160.5545793   1.080326574   0.078148293   0.339558695   0.599328030
 5850.000000   157.8521595   156.7006607   1.072927459   0.078571309   0.337151433   0.590032268
 5900.000000   154.1127081   152.9681264   1.065589196   0.078992435   0.334748221   0.580956618
 5950.000000   150.4898947   149.3521724   1.058310564   0.079411695   0.332350706   0.572094936
 6000.000000   146.9791443   145.8482247   1.051090400   0.079829112   0.329960247   0.563442266
 6050.000000   143.5761873   142.4520146   1.043927972   0.080244711   0.327578142   0.554992428
 6100.000000   140.2768452   139.1593645   1.036822288   0.080658493   0.325205682   0.546735509
 6150.000000   137.0772175   135.9663743   1.029772757   0.081070460   0.322844001   0.538667792
 6200.000000   133.9735783   132.8693189   1.022778803   0.081480615   0.320494167   0.530779378
 6250.000000   130.9623671   129.8646383   1.015839858   0.081888963   0.318157067   0.523069834
 6300.000000   128.0401807   126.9489299   1.008955367   0.082295506   0.315833562   0.515535147
 6350.000000   125.2037649   124.1189399   1.002124785   0.082700249   0.313524480   0.508167360
 6400.000000   122.4500069   121.3715562   0.995347578   0.083103195   0.311230488   0.500963922
 6450.000000   119.7759283   118.7038007   0.988623220   0.083504347   0.308952384   0.493915398
 6500.000000   117.1786783   116.1128234   0.981951196   0.083903711   0.306690748   0.487021667
 6550.000000   114.6555275   113.5958952   0.975330999   0.084301289   0.304446042   0.480278974
 6600.000000   112.2038617   111.1504025   0.968762130   0.084697086   0.302218806   0.473674794
 6650.000000   109.8211766   108.7738414   0.962244099   0.085091106   0.300009666   0.467206990
 6700.000000   107.5050721   106.4638123   0.955776425   0.085483353   0.297818927   0.460877231
 6750.000000   105.2532474   104.2180150   0.949358634   0.085873831   0.295646965   0.454682130
 6800.000000   103.0634965   102.0342437   0.942990257   0.086262546   0.293494264   0.448615409
 6850.000000   100.9337032   99.91038287   0.936670836   0.086649501   0.291361093   0.442675146
 6900.000000   98.86183725   97.84440264   0.930399918   0.087034700   0.289247715   0.436854890
 6950.000000   96.84595015   95.83435495   0.924177056   0.087418149   0.287154438   0.431150682
 7000.000000   94.88417138   93.87836971   0.918001812   0.087799852   0.285081592   0.425559979
 7050.000000   92.97470475   91.97465119   0.911873751   0.088179814   0.283029442   0.420081225
 7100.000000   91.11582503   90.12147455   0.905792446   0.088558039   0.280998198   0.414711894
 7150.000000   89.30587467   88.31718266   0.899757477   0.088934532   0.278988057   0.409449831
 7200.000000   87.54326071   86.56018299   0.893768426   0.089309298   0.276999238   0.404294228
 7250.000000   85.82645193   84.84894470   0.887824885   0.089682342   0.275031971   0.399235409
 7300.000000   84.15397599   83.18199587   0.881926448   0.090053668   0.273086471   0.394269720
 7350.000000   82.52441689   81.55792089   0.876072716   0.090423283   0.271162938   0.389406278
 7400.000000   80.93641242   79.97535794   0.870263293   0.090791189   0.269261589   0.384632650
 7450.000000   79.38865183   78.43299664   0.864497792   0.091157394   0.267382641   0.379947278
 7500.000000   77.87987354   76.92957581   0.858775827   0.091521901   0.265526318   0.375353053
 7550.000000   76.40886303   75.46388130   0.853097018   0.091884716   0.263692886   0.370843448
 7600.000000   74.97445081   74.03474398   0.847460990   0.092245843   0.261882608   0.366416603
 7650.000000   73.57551047   72.64103781   0.841867371   0.092605289   0.260095749   0.362070992
 7700.000000   72.21095685   71.28167800   0.836315795   0.092963058   0.258332609   0.357805451
 7750.000000   70.87974430   69.95561925   0.830805901   0.093319155   0.256593593   0.353617753
 7800.000000   69.58086500   68.66185408   0.825337329   0.093673586   0.254879042   0.349501802
 7850.000000   68.31334736   67.39941128   0.819909725   0.094026355   0.253188826   0.345461454
 7900.000000   67.07625456   66.16735435   0.814522740   0.094377469   0.251524536   0.341495042
 7950.000000   65.86868306   64.96478010   0.809176028   0.094726932   0.249888123   0.337562895
 8000.000000   64.68976125   63.79081726   0.803869244   0.095074750   0.248273154   0.333643892
 8050.000000   63.53861629   62.64459351   0.798601885   0.095420904   0.246671285   0.329688052
 8100.000000   62.41447108   61.52533164   0.793374023   0.095765417   0.245076227   0.325798922
 8150.000000   61.31654333   60.43224949   0.788185551   0.096108287   0.243488340   0.321978595
 8200.000000   60.24407770   59.36459184   0.783036350   0.096449512   0.241910818   0.318232919
 8250.000000   59.19634470   58.32162932   0.777926292   0.096789092   0.240344926   0.314551780
 8300.000000   58.17263970   57.30265743   0.772855239   0.097127026   0.238791841   0.310933636
 8350.000000   57.17228188   56.30699553   0.767823043   0.097463312   0.237252988   0.307377098
 8400.000000   56.19461340   55.33398590   0.762829550   0.097797951   0.235729745   0.303881793
 8450.000000   55.23899840   54.38299287   0.757874594   0.098130942   0.234223530   0.300446315
 8500.000000   54.30482225   53.45340195   0.752958007   0.098462284   0.232735897   0.297073071
 8550.000000   53.39149062   52.54461904   0.748079608   0.098791978   0.231268125   0.293760494
 8600.000000   52.49842882   51.65606958   0.743239214   0.099120022   0.229821536   0.290496128
 8650.000000   51.62508095   50.78719790   0.738436634   0.099446418   0.228399863   0.287285766
 8700.000000   50.77090926   49.93746642   0.733671671   0.099771166   0.227005227   0.284137126
 8750.000000   49.93539341   49.10635502   0.728944123   0.100094265   0.225632234   0.281038123
 8800.000000   49.11802987   48.29336037   0.724253783   0.100415717   0.224292867   0.277985886
 8850.000000   48.31833124   47.49799528   0.719600440   0.100735521   0.223017080   0.274976386
 8900.000000   47.53582569   46.71978813   0.714983877   0.101053679   0.221720114   0.272011725
 8950.000000   46.77005637   45.95828230   0.710403875   0.101370191   0.220267554   0.268953821
 9000.000000   46.02058085   45.21303558   0.705860210   0.101685059   0.218735853   0.265924785
 9050.000000   45.28697063   44.48361969   0.701352655   0.101998283   0.217240596   0.262952075
 9100.000000   44.56881057   43.76961973   0.696880980   0.102309864   0.215766851   0.260026137
 9150.000000   43.86569848   43.07063373   0.692444952   0.102619803   0.214291307   0.257141995
 9200.000000   43.17724459   42.38627216   0.688044335   0.102928103   0.212821734   0.254306617
 9250.000000   42.50307115   41.71615750   0.683678890   0.103234764   0.211362837   0.251519131
 9300.000000   41.84281197   41.05992380   0.679348379   0.103539787   0.209912490   0.248779539
 9350.000000   41.19611203   40.41721629   0.675052558   0.103843175   0.208470233   0.246085742
 9400.000000   40.56262708   39.78769096   0.670791184   0.104144929   0.207036972   0.243430974
 9450.000000   39.94202326   39.17101420   0.666564011   0.104445051   0.205612933   0.240817463
 9500.000000   39.33397675   38.56686241   0.662370792   0.104743543   0.204198050   0.238251078
 9550.000000   38.73817339   37.97492171   0.658211280   0.105040406   0.202792524   0.235725867
 9600.000000   38.15430838   37.39488751   0.654085225   0.105335644   0.201396596   0.233237157
 9650.000000   37.58208594   36.82646431   0.649992379   0.105629257   0.200010292   0.230787209
 9700.000000   37.02121900   36.26936526   0.645932489   0.105921247   0.198633629   0.228373336
 9750.000000   36.47142890   35.72331198   0.641905305   0.106211619   0.197266752   0.225997574
 9800.000000   35.93244514   35.18803419   0.637910576   0.106500372   0.195909784   0.223661588
 9850.000000   35.40400503   34.66326947   0.633948050   0.106787511   0.194562741   0.221361379
 9900.000000   34.88585352   34.14876301   0.630017474   0.107073037   0.193225631   0.219096039
 9950.000000   34.37774286   33.64426731   0.626118598   0.107356954   0.191898488   0.216865270
 10000.00000   33.87943243   33.14954200   0.622251168   0.107639262   0.190581342   0.214668661
 10050.00000   33.39070091   32.66436587   0.618415055   0.107919986   0.189274220   0.212504133
 10100.00000   32.91130753   32.18849849   0.614609930   0.108199111   0.187977137   0.210369416
 10150.00000   32.44103088   31.72171865   0.610835587   0.108476647   0.186690085   0.208267109
 10200.00000   31.97965584   31.26381143   0.607091816   0.108752599   0.185413056   0.206197627
 10250.00000   31.52697336   30.81456797   0.603378408   0.109026976   0.184146035   0.204159413
 10300.00000   31.08278021   30.37378528   0.599695150   0.109299784   0.182888995   0.202153517
 10350.00000   30.64687887   29.94126602   0.596041828   0.109571031   0.181641877   0.200175824
 10400.00000   30.21907730   29.51681835   0.592418228   0.109840723   0.180404648   0.198222176
 10450.00000   29.79918875   29.10025575   0.588824134   0.110108868   0.179177333   0.196297370
 10500.00000   29.38703163   28.69139683   0.585259329   0.110375473   0.177959931   0.194404352
 10550.00000   28.98242931   28.29006517   0.581723595   0.110640545   0.176752336   0.192538336
 10600.00000   28.58520999   27.89608919   0.578216714   0.110904090   0.175554454   0.190694911
 10650.00000   28.19520653   27.50930195   0.574738466   0.111166117   0.174366281   0.188877685
 10700.00000   27.81225630   27.12954103   0.571288633   0.111426631   0.173187820   0.187091692
 10750.00000   27.43620105   26.75664842   0.567866994   0.111685639   0.172018998   0.185331283
 10800.00000   27.06688677   26.39047029   0.564473330   0.111943149   0.170859722   0.183593514
 10850.00000   26.70416356   26.03085697   0.561107420   0.112199168   0.169709934   0.181879426
 10900.00000   26.34788548   25.67766274   0.557769045   0.112453702   0.168569592   0.180187916
 10950.00000   25.99791048   25.33074574   0.554457984   0.112706758   0.167438635   0.178519093
 11000.00000   25.65410021   24.98996785   0.551174018   0.112958342   0.166316993   0.176872654
 11050.00000   25.31631998   24.65519459   0.547916926   0.113208463   0.165204603   0.175248105
 11100.00000   24.98443858   24.32629496   0.544686490   0.113457125   0.164101415   0.173646767
 11150.00000   24.65832823   24.00314141   0.541482491   0.113704337   0.163007364   0.172070036
 11200.00000   24.33786446   23.68560965   0.538304710   0.113950104   0.161922360   0.170514592
 11250.00000   24.02292598   23.37357861   0.535152930   0.114194433   0.160846323   0.168980245
 11300.00000   23.71339462   23.06693035   0.532026932   0.114437332   0.159779210   0.167466418
 11350.00000   23.40915523   22.76554992   0.528926502   0.114678805   0.158720977   0.165969769
 11400.00000   23.11009559   22.46932531   0.525851422   0.114918861   0.157671537   0.164492293
 11450.00000   22.81610632   22.17814734   0.522801478   0.115157505   0.156630780   0.163035052
 11500.00000   22.52708079   21.89190959   0.519776456   0.115394744   0.155598638   0.161597559
 11550.00000   22.24291504   21.61050832   0.516776141   0.115630585   0.154575076   0.160179403
 11600.00000   21.96350774   21.33384238   0.513800323   0.115865033   0.153560037   0.158781144
 11650.00000   21.68876004   21.06181315   0.510848789   0.116098096   0.152553420   0.157401026
 11700.00000   21.41857557   20.79432446   0.507921329   0.116329780   0.151555127   0.156036991
 11750.00000   21.15286033   20.53128250   0.505017734   0.116560090   0.150565100   0.154690437
 11800.00000   20.89152263   20.27259580   0.502137795   0.116789034   0.149583289   0.153363023
 11850.00000   20.63447303   20.01817510   0.499281305   0.117016617   0.148609625   0.152053653
 11900.00000   20.38162426   19.76793336   0.496448059   0.117242847   0.147644025   0.150759563
 11950.00000   20.13289119   19.52178561   0.493637851   0.117467728   0.146686409   0.149478278
 12000.00000   19.88819073   19.27964898   0.490850478   0.117691268   0.145736707   0.148213165
 12050.00000   19.64744180   19.04144259   0.488085738   0.117913473   0.144794850   0.146967434
 12100.00000   19.41056526   18.80708748   0.485343429   0.118134348   0.143860768   0.145737676
 12150.00000   19.17748387   18.57650662   0.482623352   0.118353900   0.142934393   0.144523395
 12200.00000   18.94812223   18.34962479   0.479925307   0.118572135   0.142015657   0.143324339
 12250.00000   18.72240671   18.12636856   0.477249099   0.118789059   0.141104488   0.142139849
 12300.00000   18.50026545   17.90666624   0.474594531   0.119004678   0.140200811   0.140966838
 12350.00000   18.28162824   17.69044784   0.471961409   0.119218997   0.139304541   0.139808208
 12400.00000   18.06642656   17.47764500   0.469349539   0.119432024   0.138415590   0.138664457
 12450.00000   17.85459345   17.26819096   0.466758730   0.119643764   0.137533907   0.137535056
 12500.00000   17.64606354   17.06202052   0.464188792   0.119854223   0.136659462   0.136419572
 12550.00000   17.44077295   16.85907000   0.461639535   0.120063407   0.135792209   0.135318982
 12600.00000   17.23865928   16.65927719   0.459110772   0.120271322   0.134932047   0.134231595
 12650.00000   17.03966157   16.46258128   0.456602317   0.120477973   0.134078872   0.133156007
 12700.00000   16.84372026   16.26892291   0.454113985   0.120683367   0.133232609   0.132092584
 12750.00000   16.65077714   16.07824404   0.451645593   0.120887508   0.132393206   0.131042093
 12800.00000   16.46077533   15.89048796   0.449196960   0.121090404   0.131560609   0.130006227
 12850.00000   16.27365922   15.70559925   0.446767904   0.121292060   0.130734759   0.128982539
 12900.00000   16.08937447   15.52352374   0.444358248   0.121492481   0.129915598   0.127970314
 12950.00000   15.90786797   15.34420848   0.441967813   0.121691673   0.129103063   0.126969515
 13000.00000   15.72908777   15.16760171   0.439596423   0.121889642   0.128297089   0.125980354
 13050.00000   15.55298312   14.99365282   0.437243905   0.122086393   0.127497611   0.125002112
 13100.00000   15.37950435   14.82231233   0.434910085   0.122281933   0.126704559   0.124035164
 13150.00000   15.20860293   14.65353188   0.432594792   0.122476266   0.125917863   0.123079273
 13200.00000   15.04023139   14.48726413   0.430297855   0.122669399   0.125137457   0.122134240
 13250.00000   14.87434328   14.32346284   0.428019105   0.122861336   0.124363283   0.121199995
 13300.00000   14.71089320   14.16208274   0.425758376   0.123052084   0.123595283   0.120276549
 13350.00000   14.54983671   14.00307956   0.423515501   0.123241647   0.122833400   0.119363614
 13400.00000   14.39113037   13.84641002   0.421290317   0.123430032   0.122077580   0.118461057
 13450.00000   14.23473166   13.69203176   0.419082660   0.123617244   0.121327764   0.117569178
 13500.00000   14.08059898   13.53990332   0.416892370   0.123803287   0.120583885   0.116687287
 13550.00000   13.92869162   13.38998417   0.414719285   0.123988168   0.119845878   0.115814004
 13600.00000   13.77896975   13.24223461   0.412563248   0.124171892   0.119113688   0.114948903
 13650.00000   13.63139440   13.09661584   0.410424101   0.124354464   0.118387277   0.114093403
 13700.00000   13.48592741   12.95308983   0.408301688   0.124535890   0.117666603   0.113251007
 13750.00000   13.34253144   12.81161941   0.406195856   0.124716174   0.116951602   0.112419155
 13800.00000   13.20116994   12.67216816   0.404106451   0.124895323   0.116242191   0.111596375
 13850.00000   13.06180712   12.53470045   0.402033322   0.125073341   0.115538298   0.110776972
 13900.00000   12.92440795   12.39918140   0.399976319   0.125250233   0.114839883   0.109966507
 13950.00000   12.78893813   12.26557684   0.397935293   0.125426005   0.114146911   0.109166199
 14000.00000   12.65536409   12.13385333   0.395910097   0.125600662   0.113459341   0.108378681
 14050.00000   12.52365292   12.00397813   0.393900584   0.125774208   0.112777114   0.107599621
 14100.00000   12.39377242   11.87591916   0.391906611   0.125946650   0.112100170   0.106826667
 14150.00000   12.26569106   11.74964504   0.389928034   0.126117993   0.111428455   0.106059343
 14200.00000   12.13937794   11.62512499   0.387964711   0.126288240   0.110761924   0.105300208
 14250.00000   12.01480279   11.50232889   0.386016502   0.126457398   0.110100531   0.104550728
 14300.00000   11.89193598   11.38122724   0.384083268   0.126625471   0.109444220   0.103810056
 14350.00000   11.77074846   11.26179113   0.382164870   0.126792465   0.108792933   0.103077189
 14400.00000   11.65121179   11.14399223   0.380261172   0.126958383   0.108146612   0.102351456
 14450.00000   11.53329808   11.02780281   0.378372040   0.127123232   0.107505214   0.101633181
 14500.00000   11.41698003   10.91319568   0.376497338   0.127287017   0.106868698   0.100922402
 14550.00000   11.30223087   10.80014419   0.374636935   0.127449741   0.106237026   0.100220564
 14600.00000   11.18902436   10.68862225   0.372790699   0.127611410   0.105610152   0.099526112
 14650.00000   11.07733480   10.57860428   0.370958499   0.127772029   0.104988030   0.098838803
 14700.00000   10.96713700   10.47006519   0.369140208   0.127931603   0.104370613   0.098157807
 14750.00000   10.85840626   10.36298043   0.367335698   0.128090136   0.103757851   0.097483793
 14800.00000   10.75111837   10.25732589   0.365544841   0.128247634   0.103149691   0.096816615
 14850.00000   10.64524959   10.15307797   0.363767514   0.128404100   0.102546087   0.096155769
 14900.00000   10.54077666   10.05021353   0.362003592   0.128559541   0.101947004   0.095501634
 14950.00000   10.43767677   9.948709859   0.360252953   0.128713960   0.101352408   0.094854174
 15000.00000   10.33592755   9.848544718   0.358515475   0.128867362   0.100762261   0.094213599
 15050.00000   10.23550536   9.749694614   0.356791005   0.129019740   0.100176509   0.093579460
 15100.00000   10.13639048   9.652139922   0.355079448   0.129171114   0.099595096   0.092951625
 15150.00000   10.03856189   9.555859721   0.353380677   0.129321492   0.099017974   0.092329789
 15200.00000   9.941998937   9.460833487   0.351694567   0.129470882   0.098445112   0.091714141
 15250.00000   9.846681375   9.367041090   0.350020993   0.129619292   0.097876481   0.091104634
 15300.00000   9.752589346   9.274462782   0.348359834   0.129766729   0.097312050   0.090501381
 15350.00000   9.659703363   9.183079193   0.346710968   0.129913202   0.096751773   0.089904072
 15400.00000   9.568004311   9.092871319   0.345074275   0.130058717   0.096195601   0.089312615
 15450.00000   9.477473435   9.003820514   0.343449639   0.130203282   0.095643490   0.088726808
 15500.00000   9.388092332   8.915908485   0.341836941   0.130346905   0.095095403   0.088146717
 15550.00000   9.299842943   8.829117282   0.340236067   0.130489594   0.094551306   0.087572268
 15600.00000   9.212707547   8.743429290   0.338646902   0.130631355   0.094011167   0.087003478
 15650.00000   9.126668755   8.658827225   0.337069334   0.130772196   0.093474952   0.086440184
 15700.00000   9.041709499   8.575294123   0.335503252   0.130912124   0.092942630   0.085882316
 15750.00000   8.957813027   8.492813335   0.333948545   0.131051147   0.092414167   0.085329806
 15800.00000   8.874962897   8.411368521   0.332405105   0.131189271   0.091889519   0.084782584
 15850.00000   8.793142969   8.330943641   0.330872824   0.131326503   0.091368635   0.084240584
 15900.00000   8.712337399   8.251522951   0.329351597   0.131462851   0.090851469   0.083703661
 15950.00000   8.632530635   8.173090996   0.327841318   0.131598321   0.090337992   0.083171804
 16000.00000   8.553707405   8.095632603   0.326341883   0.131732920   0.089828184   0.082644975
 16050.00000   8.475852719   8.019132875   0.324853189   0.131866655   0.089322026   0.082123179
 16100.00000   8.398951856   7.943577186   0.323375137   0.131999533   0.088819482   0.081606335
 16150.00000   8.322990361   7.868951178   0.321907624   0.132131560   0.088320508   0.081094331
 16200.00000   8.247954042   7.795240747   0.320450552   0.132262743   0.087825060   0.080587113
 16250.00000   8.173828960   7.722432048   0.319003824   0.132393088   0.087333098   0.080084626
 16300.00000   8.100601427   7.650511482   0.317567342   0.132522603   0.086844598   0.079586801
 16350.00000   8.028257999   7.579465695   0.316141011   0.132651292   0.086359532   0.079093612
 16400.00000   7.956785471   7.509281571   0.314724736   0.132779164   0.085877874   0.078605164
 16450.00000   7.886170874   7.439946227   0.313318424   0.132906223   0.085399593   0.078121206
 16500.00000   7.816401469   7.371447010   0.311921982   0.133032477   0.084924659   0.077641683
 16550.00000   7.747464740   7.303771490   0.310535318   0.133157931   0.084453042   0.077166372
 16600.00000   7.679348394   7.236907458   0.309158343   0.133282592   0.083984711   0.076695366
 16650.00000   7.612040352   7.170842919   0.307790967   0.133406466   0.083519636   0.076228640
 16700.00000   7.545528748   7.105566088   0.306433102   0.133529558   0.083057787   0.075766139
 16750.00000   7.479801922   7.041065387   0.305084660   0.133651875   0.082599134   0.075307813
 16800.00000   7.414848419   6.977329440   0.303745556   0.133773423   0.082143644   0.074853614
 16850.00000   7.350656980   6.914347071   0.302415702   0.133894207   0.081691288   0.074403465
 16900.00000   7.287216545   6.852107294   0.301095017   0.134014234   0.081242037   0.073957257
 16950.00000   7.224516241   6.790599317   0.299783414   0.134133509   0.080795867   0.073515031
 17000.00000   7.162545384   6.729812533   0.298480814   0.134252037   0.080352755   0.073076740
 17050.00000   7.101293475   6.669736517   0.297187132   0.134369826   0.079912676   0.072642388
 17100.00000   7.040750193   6.610361024   0.295902290   0.134486879   0.079475600   0.072211887
 17150.00000   6.980905394   6.551675984   0.294626206   0.134603203   0.079041491   0.071785183
 17200.00000   6.921749106   6.493671499   0.293358803   0.134718804   0.078610314   0.071362343
 17250.00000   6.863271527   6.436337840   0.292100002   0.134833686   0.078182043   0.070943339
 17300.00000   6.805463022   6.379665441   0.290849725   0.134947855   0.077756663   0.070527997
 17350.00000   6.748314116   6.323644902   0.289607897   0.135061317   0.077334156   0.070116270
 17400.00000   6.691815497   6.268266979   0.288374442   0.135174077   0.076914504   0.069707955
 17450.00000   6.635958008   6.213522583   0.287149285   0.135286140   0.076497678   0.069303179
 17500.00000   6.580732645   6.159402781   0.285932353   0.135397511   0.076083648   0.068901902
 17550.00000   6.526130555   6.105898787   0.284723572   0.135508196   0.075672383   0.068504080
 17600.00000   6.472143032   6.053001962   0.283522869   0.135618200   0.075263856   0.068109674
 17650.00000   6.418761516   6.000703813   0.282330175   0.135727528   0.074858039   0.067718648
 17700.00000   6.365977587   5.948995985   0.281145417   0.135836184   0.074454906   0.067330973
 17750.00000   6.313782966   5.897870264   0.279968527   0.135944175   0.074054434   0.066946742
 17800.00000   6.262169509   5.847318571   0.278799434   0.136051505   0.073656607   0.066565776
 17850.00000   6.211129208   5.797332959   0.277638071   0.136158178   0.073261411   0.066188037
 17900.00000   6.160654184   5.747905615   0.276484369   0.136264200   0.072868832   0.065813358
 17950.00000   6.110736689   5.699028851   0.275338262   0.136369576   0.072478847   0.065441714
 18000.00000   6.061369099   5.650695106   0.274199683   0.136474310   0.072091428   0.065073194
 18050.00000   6.012543916   5.602896941   0.273068568   0.136578408   0.071706544   0.064707763
 18100.00000   5.964253764   5.555627041   0.271944850   0.136681873   0.071324167   0.064345543
 18150.00000   5.916491384   5.508878206   0.270828467   0.136784711   0.070944276   0.063986352
 18200.00000   5.869249637   5.462643357   0.269719354   0.136886926   0.070566853   0.063630146
 18250.00000   5.822521496   5.416915525   0.268617449   0.136988523   0.070191877   0.063276906
 18300.00000   5.776300050   5.371687855   0.267522689   0.137089506   0.069819330   0.062926616
 18350.00000   5.730578497   5.326953602   0.266435014   0.137189881   0.069449187   0.062579213
 18400.00000   5.685350144   5.282706131   0.265354362   0.137289650   0.069081424   0.062234665
 18450.00000   5.640608403   5.238938910   0.264280674   0.137388820   0.068716019   0.061892881
 18500.00000   5.596346794   5.195645511   0.263213889   0.137487394   0.068352955   0.061553864
 18550.00000   5.552558938   5.152819612   0.262153949   0.137585377   0.067992220   0.061217611
 18600.00000   5.509238556   5.110454988   0.261100796   0.137682772   0.067633800   0.060884093
 18650.00000   5.466379469   5.068545512   0.260054372   0.137779585   0.067277682   0.060553326
 18700.00000   5.423975596   5.027085157   0.259014619   0.137875820   0.066923842   0.060225233
 18750.00000   5.382020949   4.986067987   0.257981482   0.137971480   0.066572257   0.059899788
 18800.00000   5.340509637   4.945488163   0.256954905   0.138066570   0.066222902   0.059577012
 18850.00000   5.299435859   4.905339933   0.255934831   0.138161095   0.065875754   0.059256958
 18900.00000   5.258793904   4.865617638   0.254921208   0.138255057   0.065530797   0.058939463
 18950.00000   5.218578150   4.826315708   0.253913980   0.138348462   0.065188012   0.058624502
 19000.00000   5.178783063   4.787428656   0.252913093   0.138441314   0.064847382   0.058311932
 19050.00000   5.139403195   4.748951084   0.251918495   0.138533616   0.064508889   0.058001740
 19100.00000   5.100433180   4.710877674   0.250930134   0.138625372   0.064172515   0.057694004
 19150.00000   5.061867735   4.673203191   0.249947957   0.138716587   0.063838241   0.057388699
 19200.00000   5.023701660   4.635922483   0.248971913   0.138807264   0.063506049   0.057085728
 19250.00000   4.985929832   4.599030475   0.248001951   0.138897407   0.063175923   0.056785112
 19300.00000   4.948547209   4.562522168   0.247038020   0.138987020   0.062847846   0.056486853
 19350.00000   4.911548822   4.526392643   0.246080072   0.139076108   0.062521804   0.056190926
 19400.00000   4.874929782   4.490637054   0.245128056   0.139164672   0.062197781   0.055897563
 19450.00000   4.838685270   4.455250628   0.244181923   0.139252719   0.061875764   0.055606511
 19500.00000   4.802810543   4.420228667   0.243241626   0.139340250   0.061555740   0.055317716
 19550.00000   4.767300927   4.385566540   0.242307116   0.139427270   0.061237696   0.055031152
 19600.00000   4.732151820   4.351259690   0.241378347   0.139513783   0.060921618   0.054746690
 19650.00000   4.697358688   4.317303626   0.240455270   0.139599792   0.060607483   0.054464418
 19700.00000   4.662917067   4.283693926   0.239537841   0.139685300   0.060295266   0.054184313
 19750.00000   4.628822557   4.250426232   0.238626012   0.139770312   0.059984944   0.053906354
 19800.00000   4.595070824   4.217496255   0.237719739   0.139854831   0.059676496   0.053630524
 19850.00000   4.561657601   4.184899765   0.236818975   0.139938860   0.059369915   0.053356794
 19900.00000   4.528578680   4.152632598   0.235923678   0.140022404   0.059065199   0.053085146
 19950.00000   4.495829919   4.120690653   0.235033802   0.140105464   0.058762342   0.052815533
 20000.00000   4.463407236   4.089069886   0.234149305   0.140188046   0.058461335   0.052547844
 20050.00000   4.431310203   4.057769793   0.233270251   0.140270159   0.058162158   0.052282174
 20100.00000   4.399531190   4.026782904   0.232396486   0.140351800   0.057864787   0.052018504
 20150.00000   4.368066275   3.996105339   0.231527964   0.140432971   0.057569198   0.051756853
 20200.00000   4.336911599   3.965733282   0.230664641   0.140513676   0.057275371   0.051497341
 20250.00000   4.306063359   3.935662968   0.229806473   0.140593918   0.056983296   0.051239767
 20300.00000   4.275517808   3.905890692   0.228953417   0.140673699   0.056692962   0.050984111
 20350.00000   4.245271254   3.876412801   0.228105430   0.140753022   0.056404359   0.050730368
 20400.00000   4.215320057   3.847225696   0.227262470   0.140831891   0.056117477   0.050478575
 20450.00000   4.185660633   3.818325830   0.226424494   0.140910309   0.055832303   0.050228643
 20500.00000   4.156289447   3.789709708   0.225591461   0.140988278   0.055548826   0.049980555
 20550.00000   4.127203016   3.761373884   0.224763330   0.141065802   0.055267034   0.049734267
 20600.00000   4.098397909   3.733314966   0.223940060   0.141142883   0.054986915   0.049489499
 20650.00000   4.069870742   3.705529606   0.223121611   0.141219524   0.054708451   0.049246525
 20700.00000   4.041618180   3.678014507   0.222307944   0.141295729   0.054431626   0.049005328
 20750.00000   4.013636937   3.650766419   0.221499018   0.141371499   0.054156424   0.048765889
 20800.00000   3.985923773   3.623782139   0.220694796   0.141446838   0.053882828   0.048528457
 20850.00000   3.958475494   3.597058508   0.219895238   0.141521748   0.053610830   0.048292754
 20900.00000   3.931288954   3.570592414   0.219100307   0.141596233   0.053340423   0.048058756
 20950.00000   3.904361047   3.544380788   0.218309964   0.141670294   0.053071601   0.047826448
 21000.00000   3.877688715   3.518420606   0.217524173   0.141743936   0.052804355   0.047595720
 21050.00000   3.851268941   3.492708885   0.216742897   0.141817159   0.052538672   0.047366630
 21100.00000   3.825098752   3.467242686   0.215966099   0.141889968   0.052274536   0.047139182
 21150.00000   3.799175216   3.442019109   0.215193742   0.141962365   0.052011930   0.046913360
 21200.00000   3.773495442   3.417035298   0.214425792   0.142034352   0.051750839   0.046689137
 21250.00000   3.748056579   3.392288435   0.213662212   0.142105932   0.051491250   0.046466502
 21300.00000   3.722855817   3.367775741   0.212902969   0.142177108   0.051233156   0.046245449
 21350.00000   3.697890385   3.343494477   0.212148027   0.142247882   0.050976545   0.046025962
 21400.00000   3.673157550   3.319441943   0.211397351   0.142318256   0.050721411   0.045808054
 21450.00000   3.648654617   3.295615474   0.210650908   0.142388234   0.050467743   0.045591725
 21500.00000   3.624378928   3.272012444   0.209908665   0.142457818   0.050215531   0.045376919
 21550.00000   3.600327862   3.248630263   0.209170588   0.142527010   0.049964765   0.045163620
 21600.00000   3.576498834   3.225466376   0.208436645   0.142595813   0.049715435   0.044951805
 21650.00000   3.552889295   3.202518264   0.207706802   0.142664230   0.049467530   0.044741401
 21700.00000   3.529496731   3.179783443   0.206981027   0.142732262   0.049221039   0.044532465
 21750.00000   3.506318662   3.157259461   0.206259289   0.142799912   0.048975951   0.044324982
 21800.00000   3.483352641   3.134943902   0.205541556   0.142867183   0.048732256   0.044118939
 21850.00000   3.460596256   3.112834382   0.204827797   0.142934077   0.048489943   0.043914327
 21900.00000   3.438047126   3.090928550   0.204117980   0.143000596   0.048249001   0.043711131
 21950.00000   3.415702904   3.069224085   0.203412076   0.143066743   0.048009418   0.043509335
 22000.00000   3.393561274   3.047718701   0.202710054   0.143132520   0.047771182   0.043308926
 22050.00000   3.371619951   3.026410139   0.202011883   0.143197929   0.047534284   0.043109932
 22100.00000   3.349876682   3.005296173   0.201317535   0.143262974   0.047298713   0.042912352
 22150.00000   3.328329241   2.984374607   0.200626979   0.143327655   0.047064464   0.042716121
 22200.00000   3.306975436   2.963643274   0.199940187   0.143391975   0.046831530   0.042521226
 22250.00000   3.285813103   2.943100035   0.199257130   0.143455937   0.046599905   0.042327655
 22300.00000   3.264840104   2.922742782   0.198577779   0.143519543   0.046369582   0.042135341
 22350.00000   3.244054334   2.902569433   0.197902107   0.143582795   0.046140551   0.041944330
 22400.00000   3.223453714   2.882577935   0.197230084   0.143645695   0.045912801   0.041754608
 22450.00000   3.203036190   2.862766262   0.196561683   0.143708245   0.045686320   0.041566165
 22500.00000   3.182799740   2.843132414   0.195896878   0.143770448   0.045461099   0.041379001
 22550.00000   3.162742366   2.823674420   0.195235640   0.143832306   0.045237126   0.041193101
 22600.00000   3.142862095   2.804390332   0.194577943   0.143893820   0.045014396   0.041008445
 22650.00000   3.123156983   2.785278229   0.193923760   0.143954994   0.044792901   0.040825023
 22700.00000   3.103625110   2.766336216   0.193273065   0.144015829   0.044572632   0.040642831
 22750.00000   3.084264580   2.747562422   0.192625831   0.144076327   0.044353583   0.040461941
 22800.00000   3.065073525   2.728955001   0.191982034   0.144136490   0.044135746   0.040282250
 22850.00000   3.046050097   2.710512130   0.191341646   0.144196321   0.043919112   0.040103748
 22900.00000   3.027192476   2.692232012   0.190704644   0.144255821   0.043703673   0.039926424
 22950.00000   3.008498864   2.674112871   0.190071001   0.144314992   0.043489421   0.039750242
 23000.00000   2.989967486   2.656152955   0.189440694   0.144373837   0.043276348   0.039575196
 23050.00000   2.971596589   2.638350536   0.188813696   0.144432357   0.043064446   0.039401298
 23100.00000   2.953384445   2.620703906   0.188189984   0.144490555   0.042853705   0.039228539
 23150.00000   2.935329347   2.603211380   0.187569534   0.144548433   0.042644119   0.039056908
 23200.00000   2.917429610   2.585871297   0.186952322   0.144605992   0.042435678   0.038886205
 23250.00000   2.899683571   2.568682014   0.186338323   0.144663234   0.042228378   0.038716606
 23300.00000   2.882089586   2.551641910   0.185727515   0.144720161   0.042022217   0.038548109
 23350.00000   2.864646036   2.534749385   0.185119875   0.144776776   0.041817191   0.038380704
 23400.00000   2.847351319   2.518002861   0.184515378   0.144833080   0.041613297   0.038214484
 23450.00000   2.830203856   2.501400778   0.183914003   0.144889075   0.041410528   0.038049535
 23500.00000   2.813202085   2.484941596   0.183315727   0.144944763   0.041208874   0.037885648
 23550.00000   2.796344468   2.468623796   0.182720527   0.145000145   0.041008326   0.037722813
 23600.00000   2.779629482   2.452445876   0.182128381   0.145055225   0.040808873   0.037561021
 23650.00000   2.763055626   2.436406356   0.181539267   0.145110002   0.040610503   0.037400084
 23700.00000   2.746621417   2.420503772   0.180953164   0.145164481   0.040413212   0.037240082
 23750.00000   2.730325391   2.404736680   0.180370050   0.145218661   0.040216995   0.037081100
 23800.00000   2.714166101   2.389103653   0.179789903   0.145272545   0.040021848   0.036923128
 23850.00000   2.698142120   2.373603283   0.179212702   0.145326135   0.039827767   0.036766159
 23900.00000   2.682252038   2.358234179   0.178638427   0.145379432   0.039634748   0.036610385
 23950.00000   2.666494463   2.342994968   0.178067056   0.145432439   0.039442788   0.036455607
 24000.00000   2.650868018   2.327884293   0.177498569   0.145485157   0.039251884   0.036301805
 24050.00000   2.635371346   2.312900814   0.176932946   0.145537587   0.039062032   0.036148970
 24100.00000   2.620003106   2.298043209   0.176370165   0.145589732   0.038873229   0.035997071
 24150.00000   2.604761972   2.283310171   0.175810208   0.145641593   0.038685471   0.035846007
 24200.00000   2.589646637   2.268700410   0.175253055   0.145693172   0.038498753   0.035695888
 24250.00000   2.574655807   2.254212651   0.174698685   0.145744471   0.038313066   0.035546705
 24300.00000   2.559788207   2.239845636   0.174147080   0.145795491   0.038128406   0.035398451
 24350.00000   2.545042574   2.225598122   0.173598219   0.145846234   0.037944764   0.035251162
 24400.00000   2.530417665   2.211468880   0.173052084   0.145896701   0.037762138   0.035104870
 24450.00000   2.515912248   2.197456697   0.172508656   0.145946895   0.037580528   0.034959482
 24500.00000   2.501525109   2.183560376   0.171967916   0.145996817   0.037399935   0.034814992
 24550.00000   2.487255046   2.169778732   0.171429845   0.146046468   0.037220361   0.034671391
 24600.00000   2.473100873   2.156110598   0.170894426   0.146095850   0.037041807   0.034528666
 24650.00000   2.459061420   2.142554816   0.170361639   0.146144965   0.036864270   0.034386807
 24700.00000   2.445135528   2.129110248   0.169831466   0.146193814   0.036687747   0.034245817
 24750.00000   2.431322054   2.115775765   0.169303890   0.146242399   0.036512231   0.034105688
 24800.00000   2.417619869   2.102550254   0.168778893   0.146290722   0.036337719   0.033966414
 24850.00000   2.404027855   2.089432615   0.168256456   0.146338784   0.036164205   0.033827893
 24900.00000   2.390544910   2.076421761   0.167736564   0.146386586   0.035991691   0.033690143
 24950.00000   2.377169945   2.063516618   0.167219197   0.146434130   0.035820182   0.033553229
 25000.00000   2.363901883   2.050716125   0.166704340   0.146481418   0.035649686   0.033417143
 25050.00000   2.350739659   2.038019233   0.166191974   0.146528451   0.035480208   0.033281879
 25100.00000   2.337682223   2.025424908   0.165682084   0.146575231   0.035311755   0.033147486
 25150.00000   2.324728537   2.012932126   0.165174652   0.146621759   0.035144332   0.033013937
 25200.00000   2.311877573   2.000539874   0.164669662   0.146668036   0.034977947   0.032881190
 25250.00000   2.299128317   1.988247155   0.164167097   0.146714065   0.034812605   0.032749238
 25300.00000   2.286479767   1.976052980   0.163666942   0.146759846   0.034648312   0.032618075
 25350.00000   2.273930933   1.963956374   0.163169179   0.146805381   0.034485075   0.032487781
 25400.00000   2.261480836   1.951956372   0.162673793   0.146850671   0.034322899   0.032358324
 25450.00000   2.249128508   1.940052021   0.162180768   0.146895718   0.034161793   0.032229635
 25500.00000   2.236872992   1.928242380   0.161690088   0.146940524   0.034001763   0.032101710
 25550.00000   2.224713346   1.916526518   0.161201738   0.146985089   0.033842817   0.031974541
 25600.00000   2.212648633   1.904903515   0.160715702   0.147029416   0.033684962   0.031848022
 25650.00000   2.200677932   1.893372462   0.160231965   0.147073505   0.033528238   0.031722156
 25700.00000   2.188800330   1.881932461   0.159750512   0.147117358   0.033372711   0.031597031
 25750.00000   2.177014926   1.870582623   0.159271327   0.147160976   0.033218449   0.031472641
 25800.00000   2.165320827   1.859322072   0.158794395   0.147204361   0.033065520   0.031348981
 25850.00000   2.153717154   1.848149938   0.158319703   0.147247513   0.032913991   0.031226064
 25900.00000   2.142203035   1.837065365   0.157847234   0.147290435   0.032763866   0.031103894
 25950.00000   2.130777609   1.826067506   0.157376975   0.147333128   0.032615070   0.030982437
 26000.00000   2.119440026   1.815155522   0.156908911   0.147375593   0.032467523   0.030861686
 26050.00000   2.108189444   1.804328585   0.156443028   0.147417831   0.032321147   0.030741636
 26100.00000   2.097025032   1.793585877   0.155979311   0.147459844   0.032175863   0.030622307
 26150.00000   2.085945968   1.782926588   0.155517747   0.147501632   0.032031828   0.030503743
 26200.00000   2.074951438   1.772349919   0.155058321   0.147543198   0.031889668   0.030385863
 26250.00000   2.064040641   1.761855078   0.154601020   0.147584543   0.031750061   0.030268663
 26300.00000   2.053212780   1.751441284   0.154145830   0.147625667   0.031613688   0.030152136
 26350.00000   2.042467072   1.741107763   0.153692737   0.147666572   0.031481229   0.030036277
 26400.00000   2.031802739   1.730853752   0.153241727   0.147707260   0.031352969   0.029921040
 26450.00000   2.021219014   1.720678495   0.152792789   0.147747731   0.031227719   0.029806462
 26500.00000   2.010715138   1.710581244   0.152345907   0.147787987   0.031103945   0.029692538
 26550.00000   2.000290361   1.700561263   0.151901069   0.147828029   0.030980115   0.029579263
 26600.00000   1.989943939   1.690617819   0.151458262   0.147867858   0.030854698   0.029466632
 26650.00000   1.979675141   1.680750191   0.151017473   0.147907476   0.030726286   0.029351892
 26700.00000   1.969483239   1.670957666   0.150578689   0.147946884   0.030594569   0.029236919
 26750.00000   1.959367518   1.661239538   0.150141897   0.147986082   0.030459790   0.029122610
 26800.00000   1.949327266   1.651595108   0.149707085   0.148025073   0.030322200   0.029008961
 26850.00000   1.939361784   1.642023686   0.149274241   0.148063857   0.030182047   0.028895966
 26900.00000   1.929470376   1.632524590   0.148843351   0.148102436   0.030039586   0.028782756
 26950.00000   1.919652358   1.623097145   0.148414403   0.148140810   0.029895253   0.028669064
 27000.00000   1.909907050   1.613740684   0.147987386   0.148178981   0.029749698   0.028556031
 27050.00000   1.900233782   1.604454547   0.147562286   0.148216949   0.029603586   0.028443652
 27100.00000   1.890631890   1.595238080   0.147139093   0.148254717   0.029457581   0.028331921
 27150.00000   1.881100718   1.586090639   0.146717794   0.148292286   0.029312348   0.028220847
 27200.00000   1.871639617   1.577011585   0.146298377   0.148329655   0.029168384   0.028110644
 27250.00000   1.862247944   1.568000287   0.145880830   0.148366828   0.029025627   0.028001073
 27300.00000   1.852925066   1.559056120   0.145465143   0.148403803   0.028883895   0.027892128
 27350.00000   1.843670354   1.550178467   0.145051302   0.148440584   0.028743007   0.027783806
 27400.00000   1.834483186   1.541366718   0.144639298   0.148477171   0.028602781   0.027676100
 27450.00000   1.825362949   1.532620267   0.144229118   0.148513564   0.028463044   0.027568964
 27500.00000   1.816309036   1.523938518   0.143820752   0.148549765   0.028323751   0.027462411
 27550.00000   1.807320844   1.515320880   0.143414187   0.148585776   0.028184946   0.027356462
 27600.00000   1.798397779   1.506766768   0.143009414   0.148621597   0.028046673   0.027251112
 27650.00000   1.789539254   1.498275605   0.142606420   0.148657229   0.027908979   0.027146358
 27700.00000   1.780744686   1.489846817   0.142205196   0.148692673   0.027771910   0.027042191
 27750.00000   1.772013499   1.481479839   0.141805729   0.148727931   0.027635496   0.026938590
 27800.00000   1.763345126   1.473174112   0.141408010   0.148763004   0.027499726   0.026835571
 27850.00000   1.754739001   1.464929082   0.141012028   0.148797891   0.027364581   0.026733130
 27900.00000   1.746194569   1.456744201   0.140617772   0.148832596   0.027230043   0.026631263
 27950.00000   1.737711278   1.448618928   0.140225232   0.148867117   0.027096095   0.026529965
 28000.00000   1.729288582   1.440552727   0.139834397   0.148901458   0.026962719   0.026429246
 28050.00000   1.720925942   1.432545067   0.139445258   0.148935618   0.026829907   0.026329097
 28100.00000   1.712622825   1.424595424   0.139057803   0.148969599   0.026697660   0.026229504
 28150.00000   1.704378702   1.416703279   0.138672022   0.149003401   0.026565976   0.026130465
 28200.00000   1.696193050   1.408868118   0.138287906   0.149037026   0.026434857   0.026031973
 28250.00000   1.688065353   1.401089434   0.137905445   0.149070474   0.026304302   0.025934026
 28300.00000   1.679995099   1.393366725   0.137524628   0.149103747   0.026174312   0.025836507
 28350.00000   1.671981782   1.385699492   0.137145445   0.149136845   0.026044884   0.025739526
 28400.00000   1.664024901   1.378087243   0.136767888   0.149169770   0.025916017   0.025643078
 28450.00000   1.656123961   1.370529493   0.136391946   0.149202523   0.025787710   0.025547161
 28500.00000   1.648278472   1.363025759   0.136017609   0.149235104   0.025659960   0.025451770
 28550.00000   1.640487947   1.355575565   0.135644868   0.149267514   0.025532767   0.025356940
 28600.00000   1.632751908   1.348178439   0.135273714   0.149299755   0.025406126   0.025262695
 28650.00000   1.625069878   1.340833914   0.134904137   0.149331827   0.025280032   0.025168964
 28700.00000   1.617441389   1.333541529   0.134536128   0.149363731   0.025154482   0.025075743
 28750.00000   1.609865973   1.326300828   0.134169678   0.149395468   0.025029469   0.024983029
 28800.00000   1.602343172   1.319111356   0.133804776   0.149427040   0.024904987   0.024890818
 28850.00000   1.594872529   1.311972668   0.133441415   0.149458446   0.024781033   0.024799089
 28900.00000   1.587453594   1.304884321   0.133079585   0.149489688   0.024657603   0.024707848
 28950.00000   1.580085920   1.297845875   0.132719278   0.149520767   0.024534695   0.024617099
 29000.00000   1.572769066   1.290856898   0.132360483   0.149551684   0.024412308   0.024526840
 29050.00000   1.565502593   1.283916961   0.132003193   0.149582439   0.024290440   0.024437065
 29100.00000   1.558286071   1.277025638   0.131647399   0.149613034   0.024169090   0.024347773
 29150.00000   1.551119070   1.270182510   0.131293091   0.149643469   0.024048256   0.024258973
 29200.00000   1.544001167   1.263387159   0.130940262   0.149673746   0.023927936   0.024170649
 29250.00000   1.536931942   1.256639176   0.130588902   0.149703864   0.023808127   0.024082797
 29300.00000   1.529910981   1.249938151   0.130239004   0.149733826   0.023688826   0.023995413
 29350.00000   1.522937871   1.243283682   0.129890558   0.149763631   0.023570031   0.023908495
 29400.00000   1.516012207   1.236675369   0.129543557   0.149793281   0.023451740   0.023822043
 29450.00000   1.509133586   1.230112818   0.129197991   0.149822777   0.023333949   0.023736099
 29500.00000   1.502301608   1.223595636   0.128853854   0.149852119   0.023216654   0.023650611
 29550.00000   1.495515881   1.217123438   0.128511135   0.149881308   0.023099850   0.023565575
 29600.00000   1.488776012   1.210695839   0.128169828   0.149910345   0.022983533   0.023480987
 29650.00000   1.482081616   1.204312460   0.127829925   0.149939231   0.022867698   0.023396845
 29700.00000   1.475432311   1.197972927   0.127491416   0.149967967   0.022752339   0.023313131
 29750.00000   1.468827716   1.191676867   0.127154295   0.149996554   0.022637454   0.023229794
 29800.00000   1.462267457   1.185423912   0.126818553   0.150024991   0.022523042   0.023146894
 29850.00000   1.455751162   1.179213698   0.126484183   0.150053281   0.022409103   0.023064428
 29900.00000   1.449278465   1.173045864   0.126151177   0.150081424   0.022295636   0.022982393
 29950.00000   1.442849001   1.166920054   0.125819526   0.150109421   0.022182642   0.022900786
 30000.00000   1.436462410   1.160835914   0.125489224   0.150137272   0.022070120   0.022819637
 30050.00000   1.430115899   1.154790783   0.125160127   0.150164988   0.021958070   0.022739005
 30100.00000   1.423811509   1.148786588   0.124832361   0.150192560   0.021846486   0.022658792
 30150.00000   1.417548964   1.142823054   0.124505921   0.150219989   0.021735365   0.022578994
 30200.00000   1.411327917   1.136899844   0.124180799   0.150247274   0.021624703   0.022499608
 30250.00000   1.405148026   1.131016620   0.123856988   0.150274417   0.021514495   0.022420632
 30300.00000   1.399008953   1.125173053   0.123534481   0.150301419   0.021404738   0.022342020
 30350.00000   1.392910361   1.119368812   0.123213270   0.150328279   0.021295428   0.022263686
 30400.00000   1.386851918   1.113603573   0.122893347   0.150354999   0.021186565   0.022185755
 30450.00000   1.380833295   1.107877012   0.122574705   0.150381578   0.021078147   0.022108224
 30500.00000   1.374854166   1.102188811   0.122257337   0.150408018   0.020970174   0.022031091
 30550.00000   1.368914209   1.096538653   0.121941236   0.150434319   0.020862646   0.021954352
 30600.00000   1.363013103   1.090926227   0.121626395   0.150460481   0.020755561   0.021878011
 30650.00000   1.357150532   1.085351221   0.121312805   0.150486506   0.020648917   0.021802082
 30700.00000   1.351326183   1.079813328   0.121000461   0.150512393   0.020542712   0.021726539
 30750.00000   1.345539745   1.074312246   0.120689355   0.150538143   0.020436940   0.021651380
 30800.00000   1.339790911   1.068847672   0.120379481   0.150563757   0.020331597   0.021576603
 30850.00000   1.334079376   1.063419310   0.120070830   0.150589236   0.020226680   0.021502204
 30900.00000   1.328404839   1.058026863   0.119763397   0.150614579   0.020122183   0.021428187
 30950.00000   1.322767001   1.052670039   0.119457175   0.150639787   0.020018104   0.021354601
 31000.00000   1.317165567   1.047348550   0.119152156   0.150664862   0.019914440   0.021281387
 31050.00000   1.311600244   1.042062107   0.118848334   0.150689803   0.019811191   0.021208540
 31100.00000   1.306070741   1.036810428   0.118545703   0.150714610   0.019708356   0.021136060
 31150.00000   1.300576772   1.031593231   0.118244256   0.150739285   0.019605934   0.021063943
 31200.00000   1.295118051   1.026410237   0.117943985   0.150763828   0.019503923   0.020992187
 31250.00000   1.289694297   1.021261171   0.117644886   0.150788240   0.019402323   0.020920878
 31300.00000   1.284305231   1.016145760   0.117346950   0.150812520   0.019301132   0.020849934
 31350.00000   1.278950575   1.011063733   0.117050172   0.150836670   0.019200347   0.020779343
 31400.00000   1.273630057   1.006014821   0.116754546   0.150860690   0.019099966   0.020709103
 31450.00000   1.268343405   1.000998760   0.116460064   0.150884581   0.018999987   0.020639212
 31500.00000   1.263090350   0.996015286   0.116166721   0.150908342   0.018900409   0.020569667
 31550.00000   1.257870626   0.991064140   0.115874511   0.150931975   0.018801228   0.020500339
 31600.00000   1.252683970   0.986145063   0.115583427   0.150955480   0.018702443   0.020431289
 31650.00000   1.247530119   0.981257799   0.115293463   0.150978858   0.018604050   0.020362580
 31700.00000   1.242408816   0.976402095   0.115004613   0.151002108   0.018506047   0.020294210
 31750.00000   1.237319804   0.971577702   0.114716870   0.151025232   0.018408430   0.020226177
 31800.00000   1.232262829   0.966784369   0.114430230   0.151048230   0.018311197   0.020158478
 31850.00000   1.227237640   0.962021852   0.114144685   0.151071103   0.018214346   0.020091167
 31900.00000   1.222243988   0.957289907   0.113860230   0.151093850   0.018117873   0.020024285
 31950.00000   1.217281625   0.952588292   0.113576859   0.151116473   0.018021779   0.019957729
 32000.00000   1.212350307   0.947916768   0.113294567   0.151138972   0.017926061   0.019891499
 32050.00000   1.207449792   0.943275098   0.113013346   0.151161347   0.017830721   0.019825591
 32100.00000   1.202579839   0.938663047   0.112733193   0.151183599   0.017735755   0.019760003
 32150.00000   1.197740212   0.934080384   0.112454100   0.151205729   0.017641165   0.019694734
 32200.00000   1.192930674   0.929526876   0.112176062   0.151227736   0.017546948   0.019629655
 32250.00000   1.188150992   0.925002298   0.111899073   0.151249621   0.017453102   0.019564889
 32300.00000   1.183400935   0.920506421   0.111623129   0.151271386   0.017359624   0.019500437
 32350.00000   1.178680274   0.916039022   0.111348222   0.151293029   0.017266511   0.019436296
 32400.00000   1.173988781   0.911599880   0.111074349   0.151314552   0.017173760   0.019372465
 32450.00000   1.169326232   0.907188774   0.110801502   0.151335956   0.017081368   0.019308942
 32500.00000   1.164692404   0.902805487   0.110529678   0.151357239   0.016989333   0.019245754
 32550.00000   1.160087076   0.898449802   0.110258869   0.151378404   0.016897652   0.019182893
 32600.00000   1.155510029   0.894121506   0.109989072   0.151399451   0.016806324   0.019120333
 32650.00000   1.150961047   0.889820387   0.109720280   0.151420379   0.016715350   0.019058072
 32700.00000   1.146439914   0.885546235   0.109452489   0.151441190   0.016624728   0.018996109
 32750.00000   1.141946418   0.881298843   0.109185692   0.151461883   0.016534457   0.018934442
 32800.00000   1.137480349   0.877078002   0.108919886   0.151482460   0.016444538   0.018873074
 32850.00000   1.133041496   0.872883511   0.108655064   0.151502921   0.016354968   0.018812076
 32900.00000   1.128629653   0.868715166   0.108391221   0.151523266   0.016265745   0.018751367
 32950.00000   1.124244614   0.864572767   0.108128353   0.151543495   0.016176868   0.018690947
 33000.00000   1.119886177   0.860456114   0.107866454   0.151563610   0.016088332   0.018630812
 33050.00000   1.115554140   0.856365012   0.107605518   0.151583610   0.016000137   0.018570961
 33100.00000   1.111248303   0.852299265   0.107345543   0.151603496   0.015912280   0.018511392
 33150.00000   1.106968468   0.848258679   0.107086521   0.151623268   0.015824757   0.018452005
 33200.00000   1.102714439   0.844243064   0.106828448   0.151642927   0.015737567   0.018392801
 33250.00000   1.098486022   0.840252229   0.106571320   0.151662473   0.015650708   0.018333876
 33300.00000   1.094283023   0.836285986   0.106315131   0.151681907   0.015564179   0.018275228
 33350.00000   1.090105253   0.832344148   0.106059877   0.151701229   0.015477978   0.018216854
 33400.00000   1.085952522   0.828426532   0.105805552   0.151720439   0.015392103   0.018158755
 33450.00000   1.081824643   0.824532953   0.105552152   0.151739538   0.015306553   0.018100927
 33500.00000   1.077721429   0.820663230   0.105299672   0.151758527   0.015221326   0.018043484
 33550.00000   1.073642697   0.816817184   0.105048108   0.151777405   0.015136421   0.017986325
 33600.00000   1.069588264   0.812994636   0.104797454   0.151796173   0.015051838   0.017929431
 33650.00000   1.065557948   0.809195409   0.104547707   0.151814832   0.014967575   0.017872801
 33700.00000   1.061551572   0.805419329   0.104298861   0.151833382   0.014883633   0.017816434
 33750.00000   1.057568957   0.801666222   0.104050912   0.151851823   0.014800009   0.017760328
 33800.00000   1.053609927   0.797935916   0.103803855   0.151870156   0.014716705   0.017704483
 33850.00000   1.049674307   0.794228240   0.103557686   0.151888382   0.014633717   0.017648903
 33900.00000   1.045761925   0.790543026   0.103312400   0.151906499   0.014551044   0.017593580
 33950.00000   1.041872608   0.786880106   0.103067993   0.151924510   0.014468683   0.017538511
 34000.00000   1.038006188   0.783239314   0.102824460   0.151942414   0.014386631   0.017483695
 34050.00000   1.034162494   0.779620486   0.102581797   0.151960212   0.014304884   0.017429130
 34100.00000   1.030341361   0.776023458   0.102339999   0.151977904   0.014223440   0.017374816
 34150.00000   1.026542623   0.772448070   0.102099063   0.151995490   0.014142296   0.017320764
 34200.00000   1.022766115   0.768894160   0.101858983   0.152012972   0.014061450   0.017266980
 34250.00000   1.019011675   0.765361570   0.101619756   0.152030349   0.013980902   0.017213440
 34300.00000   1.015279142   0.761850143   0.101381378   0.152047621   0.013900651   0.017160144
 34350.00000   1.011568356   0.758359723   0.101143843   0.152064790   0.013820696   0.017107091
 34400.00000   1.007879158   0.754890155   0.100907148   0.152081855   0.013741037   0.017054278
 34450.00000   1.004211391   0.751441286   0.100671289   0.152098817   0.013661674   0.017001705
 34500.00000   1.000564900   0.748012963   0.100436261   0.152115676   0.013582605   0.016949316
 34550.00000   0.996939529   0.744605036   0.100202060   0.152132433   0.013503829   0.016897129
 34600.00000   0.993335127   0.741217357   0.099968682   0.152149088   0.013425345   0.016845178
 34650.00000   0.989751541   0.737849776   0.099736124   0.152165641   0.013347152   0.016793461
 34700.00000   0.986188621   0.734502147   0.099504381   0.152182093   0.013269247   0.016741978
 34750.00000   0.982646217   0.731174325   0.099273449   0.152198444   0.013191630   0.016690725
 34800.00000   0.979124183   0.727866165   0.099043323   0.152214694   0.013114298   0.016639704
 34850.00000   0.975622371   0.724577525   0.098814001   0.152230845   0.013037249   0.016588967
 34900.00000   0.972140636   0.721308262   0.098585478   0.152246895   0.012960484   0.016538480
 34950.00000   0.968678834   0.718058237   0.098357750   0.152262847   0.012883999   0.016488219
 35000.00000   0.965236822   0.714827309   0.098130814   0.152278699   0.012807794   0.016438182
 35050.00000   0.961814458   0.711615342   0.097904664   0.152294452   0.012731868   0.016388368
 35100.00000   0.958411603   0.708422197   0.097679299   0.152310107   0.012656218   0.016338775
 35150.00000   0.955028116   0.705247739   0.097454713   0.152325665   0.012580845   0.016289403
 35200.00000   0.951663860   0.702091834   0.097230903   0.152341124   0.012505746   0.016240219
 35250.00000   0.948318699   0.698954347   0.097007865   0.152356486   0.012430920   0.016191243
 35300.00000   0.944992495   0.695835148   0.096785595   0.152371752   0.012356366   0.016142483
 35350.00000   0.941685116   0.692734104   0.096564091   0.152386921   0.012282083   0.016093939
 35400.00000   0.938396426   0.689651086   0.096343347   0.152401993   0.012208070   0.016045609
 35450.00000   0.935126295   0.686585964   0.096123360   0.152416970   0.012134326   0.015997492
 35500.00000   0.931874590   0.683538611   0.095904128   0.152431851   0.012060849   0.015949587
 35550.00000   0.928641183   0.680508901   0.095685645   0.152446638   0.011987640   0.015901877
 35600.00000   0.925425943   0.677496706   0.095467908   0.152461329   0.011914695   0.015854372
 35650.00000   0.922228744   0.674501903   0.095250915   0.152475926   0.011842013   0.015807074
 35700.00000   0.919049457   0.671524368   0.095034660   0.152490428   0.011769592   0.015759984
 35750.00000   0.915887958   0.668563979   0.094819142   0.152504837   0.011697431   0.015713100
 35800.00000   0.912744122   0.665620614   0.094604355   0.152519153   0.011625527   0.015666420
 35850.00000   0.909617824   0.662694152   0.094390297   0.152533375   0.011553878   0.015619944
 35900.00000   0.906508944   0.659784475   0.094176965   0.152547505   0.011482483   0.015573670
 35950.00000   0.903417358   0.656891463   0.093964354   0.152561542   0.011411341   0.015527597
 36000.00000   0.900342946   0.654014999   0.093752461   0.152575487   0.011340451   0.015481725
 36050.00000   0.897285590   0.651154966   0.093541283   0.152589340   0.011269812   0.015436051
 36100.00000   0.894245169   0.648311250   0.093330817   0.152603102   0.011199425   0.015390575
 36150.00000   0.891221567   0.645483735   0.093121059   0.152616772   0.011129289   0.015345296
 36200.00000   0.888214667   0.642672309   0.092912006   0.152630352   0.011059404   0.015300212
 36250.00000   0.885224353   0.639876857   0.092703654   0.152643841   0.010989769   0.015255332
 36300.00000   0.882250510   0.637097269   0.092496001   0.152657241   0.010920384   0.015210657
 36350.00000   0.879293026   0.634333434   0.092289042   0.152670550   0.010851246   0.015166173
 36400.00000   0.876351786   0.631585241   0.092082775   0.152683770   0.010782352   0.015121881
 36450.00000   0.873426680   0.628852583   0.091877196   0.152696900   0.010713702   0.015077779
 36500.00000   0.870517595   0.626135350   0.091672303   0.152709942   0.010645293   0.015033865
 36550.00000   0.867624423   0.623433436   0.091468091   0.152722895   0.010577123   0.014990139
 36600.00000   0.864747053   0.620746734   0.091264558   0.152735760   0.010509190   0.014946608
 36650.00000   0.861885378   0.618075139   0.091061701   0.152748538   0.010441492   0.014903296
 36700.00000   0.859039290   0.615418547   0.090859516   0.152761227   0.010374029   0.014860168
 36750.00000   0.856208683   0.612776853   0.090658001   0.152773829   0.010306803   0.014817223
 36800.00000   0.853393450   0.610149955   0.090457151   0.152786344   0.010239812   0.014774461
 36850.00000   0.850593488   0.607537750   0.090256965   0.152798773   0.010173057   0.014731880
 36900.00000   0.847808693   0.604940139   0.090057439   0.152811115   0.010106538   0.014689479
 36950.00000   0.845038960   0.602357019   0.089858570   0.152823371   0.010040255   0.014647257
 37000.00000   0.842284189   0.599788293   0.089660355   0.152835541   0.009974209   0.014605146
 37050.00000   0.839544277   0.597233860   0.089462790   0.152847626   0.009908398   0.014563204
 37100.00000   0.836819124   0.594693624   0.089265874   0.152859626   0.009842819   0.014521439
 37150.00000   0.834108630   0.592167487   0.089069603   0.152871540   0.009777470   0.014479849
 37200.00000   0.831412696   0.589655352   0.088873973   0.152883371   0.009712350   0.014438434
 37250.00000   0.828731224   0.587157125   0.088678983   0.152895117   0.009647456   0.014397194
 37300.00000   0.826064117   0.584672710   0.088484629   0.152906779   0.009582785   0.014356125
 37350.00000   0.823411278   0.582202013   0.088290908   0.152918357   0.009518337   0.014315267
 37400.00000   0.820772611   0.579744942   0.088097817   0.152929852   0.009454110   0.014274618
 37450.00000   0.818148021   0.577301403   0.087905354   0.152941264   0.009390101   0.014234140
 37500.00000   0.815537414   0.574871306   0.087713515   0.152952593   0.009326311   0.014193829
 37550.00000   0.812940696   0.572454558   0.087522298   0.152963840   0.009262739   0.014153687
 37600.00000   0.810357774   0.570051069   0.087331700   0.152975004   0.009199383   0.014113711
 37650.00000   0.807788556   0.567660751   0.087141719   0.152986086   0.009136243   0.014073901
 37700.00000   0.805232952   0.565283514   0.086952350   0.152997087   0.009073318   0.014034255
 37750.00000   0.802690870   0.562919271   0.086763592   0.153008007   0.009010606   0.013994736
 37800.00000   0.800162220   0.560567932   0.086575442   0.153018845   0.008948108   0.013955380
 37850.00000   0.797646914   0.558229413   0.086387897   0.153029603   0.008885824   0.013916187
 37900.00000   0.795144862   0.555903627   0.086200955   0.153040280   0.008823753   0.013877156
 37950.00000   0.792655977   0.553590489   0.086014612   0.153050877   0.008761896   0.013838285
 38000.00000   0.790180173   0.551289913   0.085828866   0.153061394   0.008700252   0.013799575
 38050.00000   0.787717362   0.549001816   0.085643714   0.153071831   0.008638821   0.013761023
 38100.00000   0.785267458   0.546726115   0.085459154   0.153082189   0.008577603   0.013722619
 38150.00000   0.782830378   0.544462727   0.085275183   0.153092468   0.008516598   0.013684361
 38200.00000   0.780406036   0.542211569   0.085091798   0.153102668   0.008455803   0.013646260
 38250.00000   0.777994348   0.539972562   0.084908997   0.153112790   0.008395217   0.013608314
 38300.00000   0.775595233   0.537745623   0.084726777   0.153122833   0.008334838   0.013570524
 38350.00000   0.773208607   0.535530673   0.084545136   0.153132798   0.008274664   0.013532887
 38400.00000   0.770834388   0.533327632   0.084364071   0.153142685   0.008214694   0.013495404
 38450.00000   0.768472495   0.531136421   0.084183579   0.153152495   0.008154925   0.013458073
 38500.00000   0.766122849   0.528956963   0.084003658   0.153162228   0.008095356   0.013420889
 38550.00000   0.763785369   0.526789180   0.083824305   0.153171884   0.008035987   0.013383856
 38600.00000   0.761459975   0.524632994   0.083645518   0.153181463   0.007976814   0.013346972
 38650.00000   0.759146590   0.522488329   0.083467295   0.153190966   0.007917838   0.013310238
 38700.00000   0.756845135   0.520355110   0.083289633   0.153200392   0.007859058   0.013273652
 38750.00000   0.754555533   0.518233261   0.083112529   0.153209743   0.007800471   0.013237214
 38800.00000   0.752277707   0.516122708   0.082935980   0.153219018   0.007742078   0.013200922
 38850.00000   0.750011580   0.514023376   0.082759986   0.153228218   0.007683876   0.013164756
 38900.00000   0.747757078   0.511935193   0.082584543   0.153237343   0.007625866   0.013128636
 38950.00000   0.745514125   0.509858085   0.082409648   0.153246392   0.007568050   0.013092662
 39000.00000   0.743282647   0.507791979   0.082235299   0.153255368   0.007510429   0.013056831
 39050.00000   0.741062569   0.505736806   0.082061495   0.153264269   0.007453007   0.013021145
 39100.00000   0.738853819   0.503692492   0.081888232   0.153273095   0.007395785   0.012985602
 39150.00000   0.736656324   0.501658967   0.081715508   0.153281849   0.007338766   0.012950201
 39200.00000   0.734470011   0.499636162   0.081543321   0.153290528   0.007281952   0.012914941
 39250.00000   0.732294809   0.497624006   0.081371669   0.153299134   0.007225346   0.012879462
 39300.00000   0.730130647   0.495622431   0.081200549   0.153307667   0.007168946   0.012843595
 39350.00000   0.727977454   0.493631368   0.081029959   0.153316128   0.007112747   0.012807874
 39400.00000   0.725835161   0.491650749   0.080859896   0.153324515   0.007056743   0.012772297
 39450.00000   0.723703697   0.489680507   0.080690359   0.153332831   0.007000929   0.012736864
 39500.00000   0.721582994   0.487720574   0.080521345   0.153341074   0.006945298   0.012701574
 39550.00000   0.719472983   0.485770885   0.080352852   0.153349246   0.006889846   0.012666426
 39600.00000   0.717373597   0.483831374   0.080184877   0.153357346   0.006834567   0.012631420
 39650.00000   0.715284768   0.481901974   0.080017419   0.153365374   0.006779454   0.012596482
 39700.00000   0.713206429   0.479982622   0.079850475   0.153373332   0.006724507   0.012561629
 39750.00000   0.711138514   0.478073252   0.079684043   0.153381219   0.006669724   0.012526915
 39800.00000   0.709080957   0.476173801   0.079518121   0.153389035   0.006615108   0.012492341
 39850.00000   0.707033692   0.474284205   0.079352706   0.153396780   0.006560658   0.012457906
 39900.00000   0.704996655   0.472404402   0.079187797   0.153404456   0.006506375   0.012423609
 39950.00000   0.702969781   0.470534328   0.079023391   0.153412062   0.006452259   0.012389449
 40000.00000   0.700953037   0.468673950   0.078859489   0.153419598   0.006398312   0.012355425
 40050.00000   0.698947376   0.466824148   0.078696174   0.153427053   0.006344534   0.012321626
 40100.00000   0.696951678   0.464983881   0.078533357   0.153434440   0.006290923   0.012288012
 40150.00000   0.694965881   0.463153090   0.078371033   0.153441758   0.006237480   0.012254531
 40200.00000   0.692989922   0.461331713   0.078209203   0.153449007   0.006184202   0.012221184
 40250.00000   0.691023740   0.459519691   0.078047863   0.153456187   0.006131089   0.012187968
 40300.00000   0.689067274   0.457716964   0.077887011   0.153463300   0.006078139   0.012154884
 40350.00000   0.687120464   0.455923473   0.077726647   0.153470344   0.006025350   0.012121930
 40400.00000   0.685183247   0.454139160   0.077566767   0.153477320   0.005972723   0.012089107
 40450.00000   0.683255566   0.452363967   0.077407370   0.153484229   0.005920256   0.012056354
 40500.00000   0.681337361   0.450597836   0.077248455   0.153491070   0.005867947   0.012023696
 40550.00000   0.679428572   0.448840710   0.077090018   0.153497845   0.005815798   0.011991166
 40600.00000   0.677529142   0.447092531   0.076932059   0.153504552   0.005763807   0.011958765
 40650.00000   0.675639012   0.445353244   0.076774575   0.153511192   0.005711976   0.011926490
 40700.00000   0.673758124   0.443622793   0.076617564   0.153517766   0.005660304   0.011894343
 40750.00000   0.671886422   0.441901122   0.076461026   0.153524274   0.005608791   0.011862321
 40800.00000   0.670023849   0.440188176   0.076304957   0.153530716   0.005557437   0.011830425
 40850.00000   0.668170348   0.438483901   0.076149356   0.153537092   0.005506243   0.011798677
 40900.00000   0.666325864   0.436788241   0.075994221   0.153543402   0.005455207   0.011767075
 40950.00000   0.664490340   0.435101144   0.075839550   0.153549646   0.005404329   0.011735595
 41000.00000   0.662663723   0.433422555   0.075685342   0.153555826   0.005353609   0.011704238
 41050.00000   0.660845956   0.431752422   0.075531594   0.153561940   0.005303045   0.011673002
 41100.00000   0.659036987   0.430090692   0.075378305   0.153567990   0.005252637   0.011641888
 41150.00000   0.657236761   0.428437312   0.075225474   0.153573975   0.005202384   0.011610895
 41200.00000   0.655445224   0.426792231   0.075073097   0.153579896   0.005152286   0.011580021
 41250.00000   0.653662323   0.425155397   0.074921174   0.153585752   0.005102341   0.011549243
 41300.00000   0.651888007   0.423526759   0.074769703   0.153591545   0.005052549   0.011518546
 41350.00000   0.650122222   0.421906266   0.074618682   0.153597273   0.005002909   0.011487967
 41400.00000   0.648364916   0.420293869   0.074468109   0.153602939   0.004953419   0.011457506
 41450.00000   0.646616039   0.418689516   0.074317983   0.153608540   0.004904078   0.011427162
 41500.00000   0.644875538   0.417093158   0.074168301   0.153614079   0.004854886   0.011396935
 41550.00000   0.643143363   0.415504746   0.074019062   0.153619555   0.004805841   0.011366825
 41600.00000   0.641419464   0.413924231   0.073870265   0.153624968   0.004756942   0.011336830
 41650.00000   0.639703791   0.412351565   0.073721907   0.153630318   0.004708189   0.011306960
 41700.00000   0.637996293   0.410786699   0.073573988   0.153635606   0.004659579   0.011277267
 41750.00000   0.636296921   0.409229585   0.073426504   0.153640832   0.004611114   0.011247688
 41800.00000   0.634605627   0.407680176   0.073279455   0.153645996   0.004562793   0.011218222
 41850.00000   0.632922362   0.406138425   0.073132839   0.153651099   0.004514617   0.011188868
 41900.00000   0.631247077   0.404604284   0.072986654   0.153656139   0.004466586   0.011159625
 41950.00000   0.629579725   0.403077708   0.072840898   0.153661119   0.004418700   0.011130494
 42000.00000   0.627920258   0.401558651   0.072695571   0.153666037   0.004370958   0.011101474
 42050.00000   0.626268629   0.400047066   0.072550670   0.153670894   0.004323363   0.011072563
 42100.00000   0.624624791   0.398542907   0.072406193   0.153675691   0.004275912   0.011043736
 42150.00000   0.622988697   0.397046131   0.072262139   0.153680426   0.004228606   0.011015012
 42200.00000   0.621360301   0.395556692   0.072118507   0.153685102   0.004181443   0.010986397
 42250.00000   0.619739557   0.394074545   0.071975294   0.153689717   0.004134423   0.010957890
 42300.00000   0.618126420   0.392599647   0.071832500   0.153694273   0.004087543   0.010929490
 42350.00000   0.616520844   0.391131954   0.071690122   0.153698768   0.004040802   0.010901197
 42400.00000   0.614922784   0.389671421   0.071548159   0.153703204   0.003994200   0.010873011
 42450.00000   0.613332197   0.388218007   0.071406609   0.153707581   0.003947735   0.010844931
 42500.00000   0.611749036   0.386771667   0.071265472   0.153711898   0.003901406   0.010816949
 42550.00000   0.610173260   0.385332360   0.071124744   0.153716156   0.003855212   0.010789059
 42600.00000   0.608604823   0.383900042   0.070984425   0.153720356   0.003809153   0.010761275
 42650.00000   0.607043683   0.382474673   0.070844513   0.153724496   0.003763230   0.010733594
 42700.00000   0.605489796   0.381056211   0.070705007   0.153728578   0.003717442   0.010706017
 42750.00000   0.603943120   0.379644613   0.070565905   0.153732602   0.003671791   0.010678543
 42800.00000   0.602403613   0.378239839   0.070427205   0.153736568   0.003626275   0.010651171
 42850.00000   0.600871231   0.376841849   0.070288906   0.153740476   0.003580896   0.010623902
 42900.00000   0.599345934   0.375450601   0.070151007   0.153744326   0.003535654   0.010596733
 42950.00000   0.597827680   0.374066055   0.070013506   0.153748119   0.003490548   0.010569660
 43000.00000   0.596316427   0.372688172   0.069876401   0.153751854   0.003445578   0.010542687
 43050.00000   0.594812135   0.371316912   0.069739691   0.153755532   0.003400742   0.010515814
 43100.00000   0.593314763   0.369952235   0.069603375   0.153759153   0.003356040   0.010489040
 43150.00000   0.591824270   0.368594102   0.069467450   0.153762717   0.003311471   0.010462365
 43200.00000   0.590340616   0.367242476   0.069331916   0.153766225   0.003267033   0.010435789
 43250.00000   0.588863763   0.365897316   0.069196771   0.153769676   0.003222726   0.010409311
 43300.00000   0.587393669   0.364558585   0.069062014   0.153773070   0.003178548   0.010382931
 43350.00000   0.585930296   0.363226245   0.068927642   0.153776409   0.003134498   0.010356687
 43400.00000   0.584473605   0.361900257   0.068793656   0.153779692   0.003090576   0.010330625
 43450.00000   0.583023557   0.360580586   0.068660052   0.153782919   0.003046780   0.010304658
 43500.00000   0.581580113   0.359267193   0.068526831   0.153786090   0.003003112   0.010278786
 43550.00000   0.580143236   0.357960041   0.068393990   0.153789206   0.002959571   0.010253008
 43600.00000   0.578712887   0.356659094   0.068261527   0.153792266   0.002916157   0.010227325
 43650.00000   0.577289029   0.355364315   0.068129442   0.153795272   0.002872869   0.010201735
 43700.00000   0.575871625   0.354075669   0.067997734   0.153798222   0.002829708   0.010176238
 43750.00000   0.574460637   0.352793119   0.067866400   0.153801118   0.002786673   0.010150835
 43800.00000   0.573056028   0.351516629   0.067735439   0.153803960   0.002743764   0.010125424
 43850.00000   0.571657762   0.350246165   0.067604850   0.153806747   0.002700981   0.010100053
 43900.00000   0.570265802   0.348981691   0.067474632   0.153809479   0.002658324   0.010074775
 43950.00000   0.568880113   0.347723172   0.067344783   0.153812158   0.002615790   0.010049589
 44000.00000   0.567500658   0.346470573   0.067215302   0.153814783   0.002573381   0.010024494
 44050.00000   0.566127402   0.345223860   0.067086187   0.153817354   0.002531095   0.009999490
 44100.00000   0.564760309   0.343983000   0.066957437   0.153819872   0.002488932   0.009974577
 44150.00000   0.563399344   0.342747957   0.066829051   0.153822336   0.002446892   0.009949754
 44200.00000   0.562044472   0.341518698   0.066701028   0.153824747   0.002404973   0.009925020
 44250.00000   0.560695659   0.340295189   0.066573365   0.153827105   0.002363175   0.009900433
 44300.00000   0.559352871   0.339077399   0.066446062   0.153829410   0.002321498   0.009875942
 44350.00000   0.558016072   0.337865292   0.066319118   0.153831662   0.002279941   0.009851538
 44400.00000   0.556685230   0.336658837   0.066192530   0.153833862   0.002238503   0.009827222
 44450.00000   0.555360309   0.335458001   0.066066299   0.153836010   0.002197184   0.009802994
 44500.00000   0.554041278   0.334262752   0.065940421   0.153838105   0.002155982   0.009778852
 44550.00000   0.552728102   0.333073057   0.065814897   0.153840148   0.002114898   0.009754797
 44600.00000   0.551420748   0.331888884   0.065689725   0.153842139   0.002073931   0.009730827
 44650.00000   0.550119184   0.330710203   0.065564903   0.153844079   0.002033079   0.009706943
 44700.00000   0.548823378   0.329536980   0.065440430   0.153845967   0.001992344   0.009683130
 44750.00000   0.547533295   0.328369186   0.065316306   0.153847803   0.001951723   0.009659403
 44800.00000   0.546248906   0.327206789   0.065192528   0.153849589   0.001911219   0.009635760
 44850.00000   0.544970177   0.326049758   0.065069095   0.153851323   0.001870831   0.009612201
 44900.00000   0.543697077   0.324898063   0.064946007   0.153853006   0.001830558   0.009588726
 44950.00000   0.542429574   0.323751673   0.064823262   0.153854639   0.001790402   0.009565334
 45000.00000   0.541167637   0.322610558   0.064700858   0.153856221   0.001750362   0.009542025
 45050.00000   0.539911235   0.321474688   0.064578795   0.153857752   0.001710439   0.009518799
 45100.00000   0.538660337   0.320344033   0.064457071   0.153859233   0.001670633   0.009495656
 45150.00000   0.537414912   0.319218564   0.064335684   0.153860664   0.001630943   0.009472601
 45200.00000   0.536174930   0.318098250   0.064214635   0.153862045   0.001591369   0.009449629
 45250.00000   0.534940361   0.316983064   0.064093921   0.153863376   0.001551909   0.009426737
 45300.00000   0.533711174   0.315872976   0.063973541   0.153864658   0.001512562   0.009403926
 45350.00000   0.532487340   0.314767957   0.063853494   0.153865889   0.001473328   0.009381195
 45400.00000   0.531268829   0.313667978   0.063733779   0.153867072   0.001434204   0.009358544
 45450.00000   0.530055612   0.312573011   0.063614395   0.153868205   0.001395190   0.009335972
 45500.00000   0.528847659   0.311483029   0.063495340   0.153869290   0.001356285   0.009313480
 45550.00000   0.527644940   0.310398002   0.063376614   0.153870325   0.001317486   0.009291066
 45600.00000   0.526447429   0.309317903   0.063258214   0.153871311   0.001278794   0.009268728
 45650.00000   0.525255094   0.308242704   0.063140141   0.153872249   0.001240209   0.009246468
 45700.00000   0.524067909   0.307172378   0.063022392   0.153873139   0.001201730   0.009224285
 45750.00000   0.522885844   0.306106898   0.062904967   0.153873980   0.001163358   0.009202180
 45800.00000   0.521708873   0.305046236   0.062787864   0.153874773   0.001125093   0.009180152
 45850.00000   0.520536965   0.303990366   0.062671082   0.153875518   0.001086935   0.009158201
 45900.00000   0.519370095   0.302939260   0.062554620   0.153876215   0.001048884   0.009136326
 45950.00000   0.518208234   0.301892893   0.062438477   0.153876864   0.001010941   0.009114527
 46000.00000   0.517051355   0.300851237   0.062322652   0.153877465   9.731060e-4   0.009092803
 46050.00000   0.515899430   0.299814267   0.062207144   0.153878020   9.353785e-4   0.009071152
 46100.00000   0.514752434   0.298781956   0.062091951   0.153878527   8.977582e-4   0.009049575
 46150.00000   0.513610338   0.297754278   0.061977073   0.153878986   8.602446e-4   0.009028072
 46200.00000   0.512473116   0.296731209   0.061862508   0.153879399   8.228371e-4   0.009006644
 46250.00000   0.511340741   0.295712722   0.061748254   0.153879765   7.855351e-4   0.008985290
 46300.00000   0.510213188   0.294698792   0.061634312   0.153880084   7.483381e-4   0.008964010
 46350.00000   0.509090430   0.293689394   0.061520680   0.153880357   7.112454e-4   0.008942803
 46400.00000   0.507972441   0.292684502   0.061407357   0.153880583   6.742565e-4   0.008921669
 46450.00000   0.506859196   0.291684092   0.061294341   0.153880763   6.373707e-4   0.008900607
 46500.00000   0.505750668   0.290688140   0.061181632   0.153880897   6.005875e-4   0.008879623
 46550.00000   0.504646832   0.289696620   0.061069228   0.153880984   5.639065e-4   0.008858712
 46600.00000   0.503547663   0.288709508   0.060957129   0.153881026   5.273273e-4   0.008837872
 46650.00000   0.502453135   0.287726780   0.060845333   0.153881022   4.908495e-4   0.008817104
 46700.00000   0.501363224   0.286748412   0.060733839   0.153880973   4.544727e-4   0.008796407
 46750.00000   0.500277905   0.285774381   0.060622647   0.153880878   4.181967e-4   0.008775781
 46800.00000   0.499197153   0.284804661   0.060511755   0.153880737   3.820209e-4   0.008755225
 46850.00000   0.498120944   0.283839230   0.060401162   0.153880552   3.459451e-4   0.008734739
 46900.00000   0.497049252   0.282878065   0.060290866   0.153880322   3.099689e-4   0.008714322
 46950.00000   0.495982055   0.281921141   0.060180868   0.153880046   2.740919e-4   0.008693973
 47000.00000   0.494919328   0.280968436   0.060071166   0.153879726   2.383137e-4   0.008673690
 47050.00000   0.493861047   0.280019927   0.059961758   0.153879361   2.026340e-4   0.008653475
 47100.00000   0.492807188   0.279075591   0.059852645   0.153878952   1.670524e-4   0.008633329
 47150.00000   0.491757727   0.278135405   0.059743824   0.153878498   1.315685e-4   0.008613252
 47200.00000   0.490712643   0.277199347   0.059635295   0.153878000   9.618202e-5   0.008593242
 47250.00000   0.489671910   0.276267395   0.059527056   0.153877458   6.089250e-5   0.008573300
 47300.00000   0.488635506   0.275339525   0.059419108   0.153876873   2.569960e-5   0.008553425
 47350.00000   0.487603407   0.274415717   0.059311448   0.153876243  -9.397060e-6   0.008533618
 47400.00000   0.486575592   0.273495947   0.059204076   0.153875569  -4.439784e-5   0.008513877
 47450.00000   0.485552038   0.272580195   0.059096990   0.153874852  -7.930314e-5   0.008494207
 47500.00000   0.484532721   0.271668439   0.058990190   0.153874092  -1.141134e-4   0.008474602
 47550.00000   0.483517619   0.270760656   0.058883675   0.153873288  -1.488293e-4   0.008455064
 47600.00000   0.482506710   0.269856826   0.058777443   0.153872441  -1.834511e-4   0.008435591
 47650.00000   0.481499973   0.268956927   0.058671494   0.153871551  -2.179794e-4   0.008416183
 47700.00000   0.480497384   0.268060938   0.058565827   0.153870619  -2.524147e-4   0.008396840
 47750.00000   0.479498923   0.267168839   0.058460441   0.153869643  -2.867574e-4   0.008377562
 47800.00000   0.478504566   0.266280608   0.058355334   0.153868625  -3.210082e-4   0.008358348
 47850.00000   0.477514294   0.265396224   0.058250506   0.153867564  -3.551674e-4   0.008339198
 47900.00000   0.476528084   0.264515668   0.058145956   0.153866461  -3.892356e-4   0.008320114
 47950.00000   0.475545916   0.263638918   0.058041683   0.153865315  -4.232129e-4   0.008301095
 48000.00000   0.474567767   0.262765954   0.057937685   0.153864128  -4.570992e-4   0.008282139
 48050.00000   0.473593617   0.261896756   0.057833963   0.153862898  -4.908943e-4   0.008263246
 48100.00000   0.472623445   0.261031304   0.057730514   0.153861627  -5.245982e-4   0.008244415
 48150.00000   0.471657231   0.260169578   0.057627339   0.153860314  -5.582107e-4   0.008225647
 48200.00000   0.470694953   0.259311558   0.057524435   0.153858959  -5.917319e-4   0.008206941
 48250.00000   0.469736591   0.258457225   0.057421803   0.153857562  -6.251614e-4   0.008188297
 48300.00000   0.468782124   0.257606559   0.057319441   0.153856125  -6.584993e-4   0.008169715
 48350.00000   0.467831534   0.256759540   0.057217348   0.153854646  -6.917455e-4   0.008151194
 48400.00000   0.466884798   0.255916149   0.057115524   0.153853126  -7.249000e-4   0.008132735
 48450.00000   0.465941898   0.255076367   0.057013967   0.153851565  -7.579633e-4   0.008114338
 48500.00000   0.465002813   0.254240175   0.056912676   0.153849963  -7.909363e-4   0.008096001
 48550.00000   0.464067524   0.253407553   0.056811651   0.153848320  -8.238197e-4   0.008077724
 48600.00000   0.463136011   0.252578484   0.056710890   0.153846636  -8.566141e-4   0.008059507
 48650.00000   0.462208255   0.251752948   0.056610394   0.153844913  -8.893203e-4   0.008041350
 48700.00000   0.461284235   0.250930927   0.056510160   0.153843148  -9.219390e-4   0.008023253
 48750.00000   0.460363934   0.250112402   0.056410188   0.153841344  -9.544710e-4   0.008005215
 48800.00000   0.459447331   0.249297355   0.056310477   0.153839499  -9.869168e-4   0.007987235
 48850.00000   0.458534408   0.248485767   0.056211026   0.153837614  -0.001019277   0.007969311
 48900.00000   0.457625145   0.247677621   0.056111835   0.153835689  -0.001051553   0.007951438
 48950.00000   0.456719525   0.246872898   0.056012902   0.153833725  -0.001083744   0.007933624
 49000.00000   0.455817528   0.246071581   0.055914226   0.153831721  -0.001115849   0.007915868
 49050.00000   0.454919136   0.245273651   0.055815807   0.153829677  -0.001147870   0.007898169
 49100.00000   0.454024330   0.244479092   0.055717644   0.153827594  -0.001179806   0.007880528
 49150.00000   0.453133092   0.243687884   0.055619736   0.153825471  -0.001211657   0.007862945
 49200.00000   0.452245403   0.242900012   0.055522081   0.153823310  -0.001243423   0.007845418
 49250.00000   0.451361246   0.242115457   0.055424680   0.153821109  -0.001275104   0.007827949
 49300.00000   0.450480603   0.241334203   0.055327531   0.153818869  -0.001306700   0.007810535
 49350.00000   0.449603456   0.240556232   0.055230633   0.153816591  -0.001338211   0.007793184
 49400.00000   0.448729786   0.239781526   0.055133986   0.153814273  -0.001369638   0.007775891
 49450.00000   0.447859577   0.239010070   0.055037589   0.153811917  -0.001400980   0.007758654
 49500.00000   0.446992810   0.238241847   0.054941441   0.153809523  -0.001432240   0.007741473
 49550.00000   0.446129469   0.237476839   0.054845540   0.153807090  -0.001463417   0.007724347
 49600.00000   0.445269535   0.236715029   0.054749887   0.153804619  -0.001494512   0.007707276
 49650.00000   0.444412992   0.235956403   0.054654480   0.153802110  -0.001525526   0.007690260
 49700.00000   0.443559823   0.235200942   0.054559318   0.153799562  -0.001556459   0.007673299
 49750.00000   0.442710010   0.234448631   0.054464402   0.153796977  -0.001587312   0.007656392
 49800.00000   0.441863536   0.233699454   0.054369729   0.153794354  -0.001618087   0.007639539
 49850.00000   0.441020385   0.232953393   0.054275299   0.153791693  -0.001648782   0.007622737
 49900.00000   0.440180540   0.232210435   0.054181111   0.153788995  -0.001679399   0.007605989
 49950.00000   0.439343985   0.231470561   0.054087165   0.153786259  -0.001709938   0.007589293
 50000.00000   0.438510702   0.230733757   0.053993459   0.153783485  -0.001740398   0.007572651