     Energy       F.Density    GA.Brill.            PL            PC          PL45
         eV  ph/s/mr^2/0.1%  F.Dens/mm^2             -             -             -
1.00000e+02       5.182e+10    6.376e+10  9.929784e-01  0.000000e+00  0.000000e+00
1.49900e+02       6.774e+10    8.336e+10  9.910470e-01  0.000000e+00  0.000000e+00
1.99800e+02       8.183e+10    1.007e+11  9.894095e-01  0.000000e+00  0.000000e+00
2.49700e+02       9.467e+10    1.165e+11  9.879723e-01  0.000000e+00  0.000000e+00
2.99600e+02       1.066e+11    1.312e+11  9.866844e-01  0.000000e+00  0.000000e+00
3.49500e+02       1.177e+11    1.449e+11  9.855136e-01  0.000000e+00  0.000000e+00
3.99400e+02       1.282e+11    1.578e+11  9.844383e-01  0.000000e+00  0.000000e+00
4.49300e+02       1.381e+11    1.700e+11  9.834430e-01  0.000000e+00  0.000000e+00
4.99200e+02       1.475e+11    1.816e+11  9.825158e-01  0.000000e+00  0.000000e+00
5.49100e+02       1.566e+11    1.928e+11  9.816478e-01  0.000000e+00  0.000000e+00
5.99000e+02       1.652e+11    2.034e+11  9.808317e-01  0.000000e+00  0.000000e+00
6.48900e+02       1.735e+11    2.136e+11  9.800617e-01  0.000000e+00  0.000000e+00
6.98800e+02       1.815e+11    2.234e+11  9.793329e-01  0.000000e+00  0.000000e+00
7.48700e+02       1.891e+11    2.328e+11  9.786413e-01  0.000000e+00  0.000000e+00
7.98600e+02       1.965e+11    2.419e+11  9.779834e-01  0.000000e+00  0.000000e+00
8.48500e+02       2.036e+11    2.507e+11  9.773562e-01  0.000000e+00  0.000000e+00
8.98400e+02       2.105e+11    2.591e+11  9.767573e-01  0.000000e+00  0.000000e+00
9.48300e+02       2.171e+11    2.673e+11  9.761844e-01  0.000000e+00  0.000000e+00
9.98200e+02       2.236e+11    2.752e+11  9.756355e-01  0.000000e+00  0.000000e+00
1.04810e+03       2.298e+11    2.829e+11  9.751089e-01  0.000000e+00  0.000000e+00
1.09800e+03       2.358e+11    2.902e+11  9.746031e-01  0.000000e+00  0.000000e+00
1.14790e+03       2.416e+11    2.974e+11  9.741166e-01  0.000000e+00  0.000000e+00
1.19780e+03       2.472e+11    3.043e+11  9.736483e-01  0.000000e+00  0.000000e+00
1.24770e+03       2.526e+11    3.110e+11  9.731970e-01  0.000000e+00  0.000000e+00
1.29760e+03       2.579e+11    3.175e+11  9.727617e-01  0.000000e+00  0.000000e+00
1.34750e+03       2.630e+11    3.238e+11  9.723414e-01  0.000000e+00  0.000000e+00
1.39740e+03       2.680e+11    3.299e+11  9.719354e-01  0.000000e+00  0.000000e+00
1.44730e+03       2.728e+11    3.359e+11  9.715429e-01  0.000000e+00  0.000000e+00
1.49720e+03       2.775e+11    3.416e+11  9.711630e-01  0.000000e+00  0.000000e+00
1.54710e+03       2.820e+11    3.471e+11  9.707953e-01  0.000000e+00  0.000000e+00
1.59700e+03       2.863e+11    3.525e+11  9.704390e-01  0.000000e+00  0.000000e+00
1.64690e+03       2.906e+11    3.577e+11  9.700937e-01  0.000000e+00  0.000000e+00
1.69680e+03       2.947e+11    3.628e+11  9.697588e-01  0.000000e+00  0.000000e+00
1.74670e+03       2.987e+11    3.677e+11  9.694338e-01  0.000000e+00  0.000000e+00
1.79660e+03       3.025e+11    3.725e+11  9.691183e-01  0.000000e+00  0.000000e+00
1.84650e+03       3.063e+11    3.771e+11  9.688118e-01  0.000000e+00  0.000000e+00
1.89640e+03       3.099e+11    3.815e+11  9.685140e-01  0.000000e+00  0.000000e+00
1.94630e+03       3.134e+11    3.859e+11  9.682245e-01  0.000000e+00  0.000000e+00
1.99620e+03       3.168e+11    3.900e+11  9.679429e-01  0.000000e+00  0.000000e+00
2.04610e+03       3.201e+11    3.941e+11  9.676690e-01  0.000000e+00  0.000000e+00
2.09600e+03       3.233e+11    3.980e+11  9.674024e-01  0.000000e+00  0.000000e+00
2.14590e+03       3.264e+11    4.018e+11  9.671428e-01  0.000000e+00  0.000000e+00
2.19580e+03       3.294e+11    4.055e+11  9.668900e-01  0.000000e+00  0.000000e+00
2.24570e+03       3.323e+11    4.090e+11  9.666437e-01  0.000000e+00  0.000000e+00
2.29560e+03       3.350e+11    4.125e+11  9.664037e-01  0.000000e+00  0.000000e+00
2.34550e+03       3.377e+11    4.158e+11  9.661697e-01  0.000000e+00  0.000000e+00
2.39540e+03       3.404e+11    4.190e+11  9.659416e-01  0.000000e+00  0.000000e+00
2.44530e+03       3.429e+11    4.221e+11  9.657191e-01  0.000000e+00  0.000000e+00
2.49520e+03       3.453e+11    4.251e+11  9.655020e-01  0.000000e+00  0.000000e+00
2.54510e+03       3.477e+11    4.280e+11  9.652902e-01  0.000000e+00  0.000000e+00
2.59500e+03       3.499e+11    4.308e+11  9.650834e-01  0.000000e+00  0.000000e+00
2.64490e+03       3.521e+11    4.335e+11  9.648815e-01  0.000000e+00  0.000000e+00
2.69480e+03       3.542e+11    4.361e+11  9.646844e-01  0.000000e+00  0.000000e+00
2.74470e+03       3.563e+11    4.386e+11  9.644919e-01  0.000000e+00  0.000000e+00
2.79460e+03       3.582e+11    4.410e+11  9.643038e-01  0.000000e+00  0.000000e+00
2.84450e+03       3.601e+11    4.433e+11  9.641200e-01  0.000000e+00  0.000000e+00
2.89440e+03       3.619e+11    4.456e+11  9.639404e-01  0.000000e+00  0.000000e+00
2.94430e+03       3.636e+11    4.477e+11  9.637648e-01  0.000000e+00  0.000000e+00
2.99420e+03       3.653e+11    4.498e+11  9.635932e-01  0.000000e+00  0.000000e+00
3.04410e+03       3.669e+11    4.517e+11  9.634254e-01  0.000000e+00  0.000000e+00
3.09400e+03       3.685e+11    4.536e+11  9.632612e-01  0.000000e+00  0.000000e+00
3.14390e+03       3.699e+11    4.554e+11  9.631007e-01  0.000000e+00  0.000000e+00
3.19380e+03       3.713e+11    4.572e+11  9.629437e-01  0.000000e+00  0.000000e+00
3.24370e+03       3.727e+11    4.588e+11  9.627900e-01  0.000000e+00  0.000000e+00
3.29360e+03       3.739e+11    4.604e+11  9.626397e-01  0.000000e+00  0.000000e+00
3.34350e+03       3.752e+11    4.619e+11  9.624925e-01  0.000000e+00  0.000000e+00
3.39340e+03       3.763e+11    4.633e+11  9.623485e-01  0.000000e+00  0.000000e+00
3.44330e+03       3.774e+11    4.647e+11  9.622075e-01  0.000000e+00  0.000000e+00
3.49320e+03       3.785e+11    4.660e+11  9.620695e-01  0.000000e+00  0.000000e+00
3.54310e+03       3.795e+11    4.672e+11  9.619344e-01  0.000000e+00  0.000000e+00
3.59300e+03       3.804e+11    4.684e+11  9.618020e-01  0.000000e+00  0.000000e+00
3.64290e+03       3.813e+11    4.694e+11  9.616724e-01  0.000000e+00  0.000000e+00
3.69280e+03       3.821e+11    4.705e+11  9.615455e-01  0.000000e+00  0.000000e+00
3.74270e+03       3.829e+11    4.714e+11  9.614211e-01  0.000000e+00  0.000000e+00
3.79260e+03       3.837e+11    4.723e+11  9.612993e-01  0.000000e+00  0.000000e+00
3.84250e+03       3.843e+11    4.732e+11  9.611800e-01  0.000000e+00  0.000000e+00
3.89240e+03       3.850e+11    4.740e+11  9.610630e-01  0.000000e+00  0.000000e+00
3.94230e+03       3.856e+11    4.747e+11  9.609485e-01  0.000000e+00  0.000000e+00
3.99220e+03       3.861e+11    4.754e+11  9.608362e-01  0.000000e+00  0.000000e+00
4.04210e+03       3.866e+11    4.760e+11  9.607261e-01  0.000000e+00  0.000000e+00
4.09200e+03       3.871e+11    4.765e+11  9.606183e-01  0.000000e+00  0.000000e+00
4.14190e+03       3.875e+11    4.770e+11  9.605125e-01  0.000000e+00  0.000000e+00
4.19180e+03       3.878e+11    4.775e+11  9.604089e-01  0.000000e+00  0.000000e+00
4.24170e+03       3.882e+11    4.779e+11  9.603073e-01  0.000000e+00  0.000000e+00
4.29160e+03       3.885e+11    4.783e+11  9.602077e-01  0.000000e+00  0.000000e+00
4.34150e+03       3.887e+11    4.786e+11  9.601100e-01  0.000000e+00  0.000000e+00
4.39140e+03       3.889e+11    4.788e+11  9.600143e-01  0.000000e+00  0.000000e+00
4.44130e+03       3.891e+11    4.790e+11  9.599204e-01  0.000000e+00  0.000000e+00
4.49120e+03       3.892e+11    4.792e+11  9.598283e-01  0.000000e+00  0.000000e+00
4.54110e+03       3.893e+11    4.793e+11  9.597380e-01  0.000000e+00  0.000000e+00
4.59100e+03       3.894e+11    4.794e+11  9.596494e-01  0.000000e+00  0.000000e+00
4.64090e+03       3.894e+11    4.794e+11  9.595626e-01  0.000000e+00  0.000000e+00
4.69080e+03       3.894e+11    4.794e+11  9.594774e-01  0.000000e+00  0.000000e+00
4.74070e+03       3.893e+11    4.793e+11  9.593939e-01  0.000000e+00  0.000000e+00
4.79060e+03       3.893e+11    4.792e+11  9.593120e-01  0.000000e+00  0.000000e+00
4.84050e+03       3.892e+11    4.791e+11  9.592316e-01  0.000000e+00  0.000000e+00
4.89040e+03       3.890e+11    4.789e+11  9.591527e-01  0.000000e+00  0.000000e+00
4.94030e+03       3.888e+11    4.787e+11  9.590754e-01  0.000000e+00  0.000000e+00
4.99020e+03       3.886e+11    4.785e+11  9.589996e-01  0.000000e+00  0.000000e+00
5.04010e+03       3.884e+11    4.782e+11  9.589251e-01  0.000000e+00  0.000000e+00
5.09000e+03       3.881e+11    4.779e+11  9.588521e-01  0.000000e+00  0.000000e+00
5.13990e+03       3.879e+11    4.775e+11  9.587805e-01  0.000000e+00  0.000000e+00
5.18980e+03       3.875e+11    4.771e+11  9.587103e-01  0.000000e+00  0.000000e+00
5.23970e+03       3.872e+11    4.767e+11  9.586413e-01  0.000000e+00  0.000000e+00
5.28960e+03       3.868e+11    4.762e+11  9.585737e-01  0.000000e+00  0.000000e+00
5.33950e+03       3.864e+11    4.757e+11  9.585074e-01  0.000000e+00  0.000000e+00
5.38940e+03       3.860e+11    4.752e+11  9.584423e-01  0.000000e+00  0.000000e+00
5.43930e+03       3.855e+11    4.746e+11  9.583785e-01  0.000000e+00  0.000000e+00
5.48920e+03       3.851e+11    4.741e+11  9.583158e-01  0.000000e+00  0.000000e+00
5.53910e+03       3.846e+11    4.734e+11  9.582544e-01  0.000000e+00  0.000000e+00
5.58900e+03       3.840e+11    4.728e+11  9.581941e-01  0.000000e+00  0.000000e+00
5.63890e+03       3.835e+11    4.721e+11  9.581349e-01  0.000000e+00  0.000000e+00
5.68880e+03       3.829e+11    4.714e+11  9.580769e-01  0.000000e+00  0.000000e+00
5.73870e+03       3.823e+11    4.707e+11  9.580200e-01  0.000000e+00  0.000000e+00
5.78860e+03       3.817e+11    4.699e+11  9.579641e-01  0.000000e+00  0.000000e+00
5.83850e+03       3.811e+11    4.692e+11  9.579094e-01  0.000000e+00  0.000000e+00
5.88840e+03       3.804e+11    4.684e+11  9.578556e-01  0.000000e+00  0.000000e+00
5.93830e+03       3.797e+11    4.675e+11  9.578029e-01  0.000000e+00  0.000000e+00
5.98820e+03       3.791e+11    4.667e+11  9.577512e-01  0.000000e+00  0.000000e+00
6.03810e+03       3.783e+11    4.658e+11  9.577005e-01  0.000000e+00  0.000000e+00
6.08800e+03       3.776e+11    4.649e+11  9.576507e-01  0.000000e+00  0.000000e+00
6.13790e+03       3.769e+11    4.640e+11  9.576019e-01  0.000000e+00  0.000000e+00
6.18780e+03       3.761e+11    4.630e+11  9.575541e-01  0.000000e+00  0.000000e+00
6.23770e+03       3.753e+11    4.620e+11  9.575071e-01  0.000000e+00  0.000000e+00
6.28760e+03       3.745e+11    4.611e+11  9.574611e-01  0.000000e+00  0.000000e+00
6.33750e+03       3.737e+11    4.600e+11  9.574159e-01  0.000000e+00  0.000000e+00
6.38740e+03       3.728e+11    4.590e+11  9.573716e-01  0.000000e+00  0.000000e+00
6.43730e+03       3.720e+11    4.580e+11  9.573282e-01  0.000000e+00  0.000000e+00
6.48720e+03       3.711e+11    4.569e+11  9.572856e-01  0.000000e+00  0.000000e+00
6.53710e+03       3.702e+11    4.558e+11  9.572439e-01  0.000000e+00  0.000000e+00
6.58700e+03       3.693e+11    4.547e+11  9.572029e-01  0.000000e+00  0.000000e+00
6.63690e+03       3.684e+11    4.536e+11  9.571628e-01  0.000000e+00  0.000000e+00
6.68680e+03       3.675e+11    4.524e+11  9.571235e-01  0.000000e+00  0.000000e+00
6.73670e+03       3.665e+11    4.513e+11  9.570849e-01  0.000000e+00  0.000000e+00
6.78660e+03       3.656e+11    4.501e+11  9.570471e-01  0.000000e+00  0.000000e+00
6.83650e+03       3.646e+11    4.489e+11  9.570101e-01  0.000000e+00  0.000000e+00
6.88640e+03       3.636e+11    4.477e+11  9.569738e-01  0.000000e+00  0.000000e+00
6.93630e+03       3.626e+11    4.465e+11  9.569382e-01  0.000000e+00  0.000000e+00
6.98620e+03       3.616e+11    4.452e+11  9.569033e-01  0.000000e+00  0.000000e+00
7.03610e+03       3.606e+11    4.440e+11  9.568691e-01  0.000000e+00  0.000000e+00
7.08600e+03       3.596e+11    4.427e+11  9.568357e-01  0.000000e+00  0.000000e+00
7.13590e+03       3.586e+11    4.414e+11  9.568029e-01  0.000000e+00  0.000000e+00
7.18580e+03       3.575e+11    4.401e+11  9.567708e-01  0.000000e+00  0.000000e+00
7.23570e+03       3.564e+11    4.388e+11  9.567393e-01  0.000000e+00  0.000000e+00
7.28560e+03       3.554e+11    4.375e+11  9.567085e-01  0.000000e+00  0.000000e+00
7.33550e+03       3.543e+11    4.362e+11  9.566783e-01  0.000000e+00  0.000000e+00
7.38540e+03       3.532e+11    4.348e+11  9.566488e-01  0.000000e+00  0.000000e+00
7.43530e+03       3.521e+11    4.335e+11  9.566199e-01  0.000000e+00  0.000000e+00
7.48520e+03       3.510e+11    4.321e+11  9.565916e-01  0.000000e+00  0.000000e+00
7.53510e+03       3.499e+11    4.307e+11  9.565638e-01  0.000000e+00  0.000000e+00
7.58500e+03       3.487e+11    4.293e+11  9.565368e-01  0.000000e+00  0.000000e+00
7.63490e+03       3.476e+11    4.279e+11  9.565102e-01  0.000000e+00  0.000000e+00
7.68480e+03       3.465e+11    4.265e+11  9.564843e-01  0.000000e+00  0.000000e+00
7.73470e+03       3.453e+11    4.251e+11  9.564589e-01  0.000000e+00  0.000000e+00
7.78460e+03       3.441e+11    4.237e+11  9.564340e-01  0.000000e+00  0.000000e+00
7.83450e+03       3.430e+11    4.223e+11  9.564098e-01  0.000000e+00  0.000000e+00
7.88440e+03       3.418e+11    4.208e+11  9.563860e-01  0.000000e+00  0.000000e+00
7.93430e+03       3.406e+11    4.194e+11  9.563628e-01  0.000000e+00  0.000000e+00
7.98420e+03       3.394e+11    4.179e+11  9.563401e-01  0.000000e+00  0.000000e+00
8.03410e+03       3.382e+11    4.164e+11  9.563179e-01  0.000000e+00  0.000000e+00
8.08400e+03       3.370e+11    4.149e+11  9.562963e-01  0.000000e+00  0.000000e+00
8.13390e+03       3.358e+11    4.135e+11  9.562751e-01  0.000000e+00  0.000000e+00
8.18380e+03       3.346e+11    4.120e+11  9.562545e-01  0.000000e+00  0.000000e+00
8.23370e+03       3.334e+11    4.105e+11  9.562343e-01  0.000000e+00  0.000000e+00
8.28360e+03       3.322e+11    4.090e+11  9.562146e-01  0.000000e+00  0.000000e+00
8.33350e+03       3.309e+11    4.074e+11  9.561954e-01  0.000000e+00  0.000000e+00
8.38340e+03       3.297e+11    4.059e+11  9.561766e-01  0.000000e+00  0.000000e+00
8.43330e+03       3.285e+11    4.044e+11  9.561583e-01  0.000000e+00  0.000000e+00
8.48320e+03       3.272e+11    4.029e+11  9.561405e-01  0.000000e+00  0.000000e+00
8.53310e+03       3.260e+11    4.013e+11  9.561233e-01  0.000000e+00  0.000000e+00
8.58300e+03       3.247e+11    3.998e+11  9.561064e-01  0.000000e+00  0.000000e+00
8.63290e+03       3.235e+11    3.983e+11  9.560899e-01  0.000000e+00  0.000000e+00
8.68280e+03       3.222e+11    3.967e+11  9.560738e-01  0.000000e+00  0.000000e+00
8.73270e+03       3.210e+11    3.952e+11  9.560582e-01  0.000000e+00  0.000000e+00
8.78260e+03       3.197e+11    3.936e+11  9.560430e-01  0.000000e+00  0.000000e+00
8.83250e+03       3.184e+11    3.920e+11  9.560281e-01  0.000000e+00  0.000000e+00
8.88240e+03       3.172e+11    3.905e+11  9.560137e-01  0.000000e+00  0.000000e+00
8.93230e+03       3.159e+11    3.889e+11  9.559997e-01  0.000000e+00  0.000000e+00
8.98220e+03       3.146e+11    3.873e+11  9.559861e-01  0.000000e+00  0.000000e+00
9.03210e+03       3.133e+11    3.857e+11  9.559729e-01  0.000000e+00  0.000000e+00
9.08200e+03       3.120e+11    3.842e+11  9.559600e-01  0.000000e+00  0.000000e+00
9.13190e+03       3.107e+11    3.826e+11  9.559476e-01  0.000000e+00  0.000000e+00
9.18180e+03       3.095e+11    3.810e+11  9.559355e-01  0.000000e+00  0.000000e+00
9.23170e+03       3.082e+11    3.794e+11  9.559238e-01  0.000000e+00  0.000000e+00
9.28160e+03       3.069e+11    3.778e+11  9.559124e-01  0.000000e+00  0.000000e+00
9.33150e+03       3.056e+11    3.762e+11  9.559014e-01  0.000000e+00  0.000000e+00
9.38140e+03       3.043e+11    3.746e+11  9.558908e-01  0.000000e+00  0.000000e+00
9.43130e+03       3.030e+11    3.730e+11  9.558805e-01  0.000000e+00  0.000000e+00
9.48120e+03       3.017e+11    3.714e+11  9.558705e-01  0.000000e+00  0.000000e+00
9.53110e+03       3.004e+11    3.698e+11  9.558612e-01  0.000000e+00  0.000000e+00
9.58100e+03       2.991e+11    3.682e+11  9.558519e-01  0.000000e+00  0.000000e+00
9.63090e+03       2.978e+11    3.666e+11  9.558430e-01  0.000000e+00  0.000000e+00
9.68080e+03       2.965e+11    3.650e+11  9.558344e-01  0.000000e+00  0.000000e+00
9.73070e+03       2.952e+11    3.634e+11  9.558261e-01  0.000000e+00  0.000000e+00
9.78060e+03       2.939e+11    3.618e+11  9.558181e-01  0.000000e+00  0.000000e+00
9.83050e+03       2.926e+11    3.602e+11  9.558105e-01  0.000000e+00  0.000000e+00
9.88040e+03       2.913e+11    3.586e+11  9.558032e-01  0.000000e+00  0.000000e+00
9.93030e+03       2.900e+11    3.570e+11  9.557962e-01  0.000000e+00  0.000000e+00
9.98020e+03       2.887e+11    3.554e+11  9.557894e-01  0.000000e+00  0.000000e+00
1.00301e+04       2.874e+11    3.538e+11  9.557830e-01  0.000000e+00  0.000000e+00
1.00800e+04       2.861e+11    3.522e+11  9.557769e-01  0.000000e+00  0.000000e+00
1.01299e+04       2.848e+11    3.506e+11  9.557710e-01  0.000000e+00  0.000000e+00
1.01798e+04       2.835e+11    3.490e+11  9.557655e-01  0.000000e+00  0.000000e+00
1.02297e+04       2.822e+11    3.474e+11  9.557602e-01  0.000000e+00  0.000000e+00
1.02796e+04       2.809e+11    3.458e+11  9.557553e-01  0.000000e+00  0.000000e+00
1.03295e+04       2.796e+11    3.442e+11  9.557505e-01  0.000000e+00  0.000000e+00
1.03794e+04       2.783e+11    3.426e+11  9.557468e-01  0.000000e+00  0.000000e+00
1.04293e+04       2.770e+11    3.410e+11  9.557426e-01  0.000000e+00  0.000000e+00
1.04792e+04       2.757e+11    3.394e+11  9.557388e-01  0.000000e+00  0.000000e+00
1.05291e+04       2.744e+11    3.378e+11  9.557352e-01  0.000000e+00  0.000000e+00
1.05790e+04       2.731e+11    3.362e+11  9.557319e-01  0.000000e+00  0.000000e+00
1.06289e+04       2.718e+11    3.346e+11  9.557288e-01  0.000000e+00  0.000000e+00
1.06788e+04       2.705e+11    3.330e+11  9.557260e-01  0.000000e+00  0.000000e+00
1.07287e+04       2.692e+11    3.314e+11  9.557234e-01  0.000000e+00  0.000000e+00
1.07786e+04       2.679e+11    3.298e+11  9.557211e-01  0.000000e+00  0.000000e+00
1.08285e+04       2.666e+11    3.282e+11  9.557190e-01  0.000000e+00  0.000000e+00
1.08784e+04       2.653e+11    3.266e+11  9.557172e-01  0.000000e+00  0.000000e+00
1.09283e+04       2.640e+11    3.250e+11  9.557156e-01  0.000000e+00  0.000000e+00
1.09782e+04       2.627e+11    3.235e+11  9.557143e-01  0.000000e+00  0.000000e+00
1.10281e+04       2.615e+11    3.219e+11  9.557132e-01  0.000000e+00  0.000000e+00
1.10780e+04       2.602e+11    3.203e+11  9.557123e-01  0.000000e+00  0.000000e+00
1.11279e+04       2.589e+11    3.187e+11  9.557117e-01  0.000000e+00  0.000000e+00
1.11778e+04       2.576e+11    3.172e+11  9.557112e-01  0.000000e+00  0.000000e+00
1.12277e+04       2.563e+11    3.156e+11  9.557110e-01  0.000000e+00  0.000000e+00
1.12776e+04       2.551e+11    3.140e+11  9.557110e-01  0.000000e+00  0.000000e+00
1.13275e+04       2.538e+11    3.125e+11  9.557113e-01  0.000000e+00  0.000000e+00
1.13774e+04       2.525e+11    3.109e+11  9.557117e-01  0.000000e+00  0.000000e+00
1.14273e+04       2.513e+11    3.093e+11  9.557124e-01  0.000000e+00  0.000000e+00
1.14772e+04       2.500e+11    3.078e+11  9.557132e-01  0.000000e+00  0.000000e+00
1.15271e+04       2.487e+11    3.062e+11  9.557134e-01  0.000000e+00  0.000000e+00
1.15770e+04       2.475e+11    3.047e+11  9.557146e-01  0.000000e+00  0.000000e+00
1.16269e+04       2.462e+11    3.031e+11  9.557160e-01  0.000000e+00  0.000000e+00
1.16768e+04       2.450e+11    3.016e+11  9.557176e-01  0.000000e+00  0.000000e+00
1.17267e+04       2.437e+11    3.000e+11  9.557191e-01  0.000000e+00  0.000000e+00
1.17766e+04       2.425e+11    2.985e+11  9.557211e-01  0.000000e+00  0.000000e+00
1.18265e+04       2.412e+11    2.970e+11  9.557233e-01  0.000000e+00  0.000000e+00
1.18764e+04       2.400e+11    2.954e+11  9.557256e-01  0.000000e+00  0.000000e+00
1.19263e+04       2.387e+11    2.939e+11  9.557282e-01  0.000000e+00  0.000000e+00
1.19762e+04       2.375e+11    2.924e+11  9.557309e-01  0.000000e+00  0.000000e+00
1.20261e+04       2.363e+11    2.909e+11  9.557338e-01  0.000000e+00  0.000000e+00
1.20760e+04       2.350e+11    2.894e+11  9.557369e-01  0.000000e+00  0.000000e+00
1.21259e+04       2.338e+11    2.879e+11  9.557402e-01  0.000000e+00  0.000000e+00
1.21758e+04       2.326e+11    2.863e+11  9.557437e-01  0.000000e+00  0.000000e+00
1.22257e+04       2.314e+11    2.848e+11  9.557473e-01  0.000000e+00  0.000000e+00
1.22756e+04       2.301e+11    2.833e+11  9.557511e-01  0.000000e+00  0.000000e+00
1.23255e+04       2.289e+11    2.818e+11  9.557551e-01  0.000000e+00  0.000000e+00
1.23754e+04       2.277e+11    2.804e+11  9.557592e-01  0.000000e+00  0.000000e+00
1.24253e+04       2.265e+11    2.789e+11  9.557635e-01  0.000000e+00  0.000000e+00
1.24752e+04       2.253e+11    2.774e+11  9.557680e-01  0.000000e+00  0.000000e+00
1.25251e+04       2.241e+11    2.759e+11  9.557726e-01  0.000000e+00  0.000000e+00
1.25750e+04       2.229e+11    2.744e+11  9.557774e-01  0.000000e+00  0.000000e+00
1.26249e+04       2.217e+11    2.730e+11  9.557823e-01  0.000000e+00  0.000000e+00
1.26748e+04       2.205e+11    2.715e+11  9.557875e-01  0.000000e+00  0.000000e+00
1.27247e+04       2.193e+11    2.700e+11  9.557927e-01  0.000000e+00  0.000000e+00
1.27746e+04       2.182e+11    2.686e+11  9.557981e-01  0.000000e+00  0.000000e+00
1.28245e+04       2.170e+11    2.671e+11  9.558037e-01  0.000000e+00  0.000000e+00
1.28744e+04       2.158e+11    2.657e+11  9.558094e-01  0.000000e+00  0.000000e+00
1.29243e+04       2.146e+11    2.642e+11  9.558152e-01  0.000000e+00  0.000000e+00
1.29742e+04       2.135e+11    2.628e+11  9.558212e-01  0.000000e+00  0.000000e+00
1.30241e+04       2.123e+11    2.614e+11  9.558274e-01  0.000000e+00  0.000000e+00
1.30740e+04       2.111e+11    2.599e+11  9.558337e-01  0.000000e+00  0.000000e+00
1.31239e+04       2.100e+11    2.585e+11  9.558401e-01  0.000000e+00  0.000000e+00
1.31738e+04       2.088e+11    2.571e+11  9.558467e-01  0.000000e+00  0.000000e+00
1.32237e+04       2.077e+11    2.557e+11  9.558534e-01  0.000000e+00  0.000000e+00
1.32736e+04       2.065e+11    2.543e+11  9.558602e-01  0.000000e+00  0.000000e+00
1.33235e+04       2.054e+11    2.529e+11  9.558672e-01  0.000000e+00  0.000000e+00
1.33734e+04       2.043e+11    2.515e+11  9.558743e-01  0.000000e+00  0.000000e+00
1.34233e+04       2.031e+11    2.501e+11  9.558815e-01  0.000000e+00  0.000000e+00
1.34732e+04       2.020e+11    2.487e+11  9.558889e-01  0.000000e+00  0.000000e+00
1.35231e+04       2.009e+11    2.473e+11  9.558964e-01  0.000000e+00  0.000000e+00
1.35730e+04       1.997e+11    2.459e+11  9.559040e-01  0.000000e+00  0.000000e+00
1.36229e+04       1.986e+11    2.445e+11  9.559118e-01  0.000000e+00  0.000000e+00
1.36728e+04       1.975e+11    2.432e+11  9.559197e-01  0.000000e+00  0.000000e+00
1.37227e+04       1.964e+11    2.418e+11  9.559277e-01  0.000000e+00  0.000000e+00
1.37726e+04       1.953e+11    2.404e+11  9.559358e-01  0.000000e+00  0.000000e+00
1.38225e+04       1.942e+11    2.391e+11  9.559440e-01  0.000000e+00  0.000000e+00
1.38724e+04       1.931e+11    2.377e+11  9.559524e-01  0.000000e+00  0.000000e+00
1.39223e+04       1.920e+11    2.364e+11  9.559608e-01  0.000000e+00  0.000000e+00
1.39722e+04       1.909e+11    2.351e+11  9.559694e-01  0.000000e+00  0.000000e+00
1.40221e+04       1.898e+11    2.337e+11  9.559781e-01  0.000000e+00  0.000000e+00
1.40720e+04       1.888e+11    2.324e+11  9.559869e-01  0.000000e+00  0.000000e+00
1.41219e+04       1.877e+11    2.311e+11  9.559959e-01  0.000000e+00  0.000000e+00
1.41718e+04       1.866e+11    2.297e+11  9.560049e-01  0.000000e+00  0.000000e+00
1.42217e+04       1.855e+11    2.284e+11  9.560140e-01  0.000000e+00  0.000000e+00
1.42716e+04       1.845e+11    2.271e+11  9.560233e-01  0.000000e+00  0.000000e+00
1.43215e+04       1.834e+11    2.258e+11  9.560327e-01  0.000000e+00  0.000000e+00
1.43714e+04       1.824e+11    2.245e+11  9.560421e-01  0.000000e+00  0.000000e+00
1.44213e+04       1.813e+11    2.232e+11  9.560517e-01  0.000000e+00  0.000000e+00
1.44712e+04       1.803e+11    2.219e+11  9.560614e-01  0.000000e+00  0.000000e+00
1.45211e+04       1.792e+11    2.207e+11  9.560711e-01  0.000000e+00  0.000000e+00
1.45710e+04       1.782e+11    2.194e+11  9.560810e-01  0.000000e+00  0.000000e+00
1.46209e+04       1.772e+11    2.181e+11  9.560910e-01  0.000000e+00  0.000000e+00
1.46708e+04       1.761e+11    2.168e+11  9.561011e-01  0.000000e+00  0.000000e+00
1.47207e+04       1.751e+11    2.156e+11  9.561112e-01  0.000000e+00  0.000000e+00
1.47706e+04       1.741e+11    2.143e+11  9.561215e-01  0.000000e+00  0.000000e+00
1.48205e+04       1.731e+11    2.131e+11  9.561319e-01  0.000000e+00  0.000000e+00
1.48704e+04       1.721e+11    2.118e+11  9.561423e-01  0.000000e+00  0.000000e+00
1.49203e+04       1.710e+11    2.106e+11  9.561529e-01  0.000000e+00  0.000000e+00
1.49702e+04       1.700e+11    2.093e+11  9.561635e-01  0.000000e+00  0.000000e+00
1.50201e+04       1.690e+11    2.081e+11  9.561743e-01  0.000000e+00  0.000000e+00
1.50700e+04       1.680e+11    2.069e+11  9.561851e-01  0.000000e+00  0.000000e+00
1.51199e+04       1.671e+11    2.057e+11  9.561960e-01  0.000000e+00  0.000000e+00
1.51698e+04       1.661e+11    2.045e+11  9.562070e-01  0.000000e+00  0.000000e+00
1.52197e+04       1.651e+11    2.032e+11  9.562181e-01  0.000000e+00  0.000000e+00
1.52696e+04       1.641e+11    2.020e+11  9.562293e-01  0.000000e+00  0.000000e+00
1.53195e+04       1.631e+11    2.008e+11  9.562405e-01  0.000000e+00  0.000000e+00
1.53694e+04       1.622e+11    1.997e+11  9.562519e-01  0.000000e+00  0.000000e+00
1.54193e+04       1.612e+11    1.985e+11  9.562633e-01  0.000000e+00  0.000000e+00
1.54692e+04       1.602e+11    1.973e+11  9.562748e-01  0.000000e+00  0.000000e+00
1.55191e+04       1.593e+11    1.961e+11  9.562864e-01  0.000000e+00  0.000000e+00
1.55690e+04       1.583e+11    1.949e+11  9.562981e-01  0.000000e+00  0.000000e+00
1.56189e+04       1.574e+11    1.938e+11  9.563098e-01  0.000000e+00  0.000000e+00
1.56688e+04       1.564e+11    1.926e+11  9.563216e-01  0.000000e+00  0.000000e+00
1.57187e+04       1.555e+11    1.915e+11  9.563336e-01  0.000000e+00  0.000000e+00
1.57686e+04       1.546e+11    1.903e+11  9.563455e-01  0.000000e+00  0.000000e+00
1.58185e+04       1.536e+11    1.892e+11  9.563576e-01  0.000000e+00  0.000000e+00
1.58684e+04       1.527e+11    1.880e+11  9.563697e-01  0.000000e+00  0.000000e+00
1.59183e+04       1.518e+11    1.869e+11  9.563819e-01  0.000000e+00  0.000000e+00
1.59682e+04       1.509e+11    1.858e+11  9.563942e-01  0.000000e+00  0.000000e+00
1.60181e+04       1.500e+11    1.846e+11  9.564066e-01  0.000000e+00  0.000000e+00
1.60680e+04       1.491e+11    1.835e+11  9.564190e-01  0.000000e+00  0.000000e+00
1.61179e+04       1.482e+11    1.824e+11  9.564315e-01  0.000000e+00  0.000000e+00
1.61678e+04       1.473e+11    1.813e+11  9.564441e-01  0.000000e+00  0.000000e+00
1.62177e+04       1.464e+11    1.802e+11  9.564567e-01  0.000000e+00  0.000000e+00
1.62676e+04       1.455e+11    1.791e+11  9.564694e-01  0.000000e+00  0.000000e+00
1.63175e+04       1.446e+11    1.780e+11  9.564822e-01  0.000000e+00  0.000000e+00
1.63674e+04       1.437e+11    1.769e+11  9.564950e-01  0.000000e+00  0.000000e+00
1.64173e+04       1.428e+11    1.758e+11  9.565080e-01  0.000000e+00  0.000000e+00
1.64672e+04       1.420e+11    1.748e+11  9.565209e-01  0.000000e+00  0.000000e+00
1.65171e+04       1.411e+11    1.737e+11  9.565340e-01  0.000000e+00  0.000000e+00
1.65670e+04       1.402e+11    1.726e+11  9.565471e-01  0.000000e+00  0.000000e+00
1.66169e+04       1.394e+11    1.716e+11  9.565602e-01  0.000000e+00  0.000000e+00
1.66668e+04       1.385e+11    1.705e+11  9.565735e-01  0.000000e+00  0.000000e+00
1.67167e+04       1.376e+11    1.695e+11  9.565868e-01  0.000000e+00  0.000000e+00
1.67666e+04       1.368e+11    1.684e+11  9.566001e-01  0.000000e+00  0.000000e+00
1.68165e+04       1.360e+11    1.674e+11  9.566135e-01  0.000000e+00  0.000000e+00
1.68664e+04       1.351e+11    1.663e+11  9.566270e-01  0.000000e+00  0.000000e+00
1.69163e+04       1.343e+11    1.653e+11  9.566405e-01  0.000000e+00  0.000000e+00
1.69662e+04       1.334e+11    1.643e+11  9.566541e-01  0.000000e+00  0.000000e+00
1.70161e+04       1.326e+11    1.633e+11  9.566678e-01  0.000000e+00  0.000000e+00
1.70660e+04       1.318e+11    1.623e+11  9.566815e-01  0.000000e+00  0.000000e+00
1.71159e+04       1.310e+11    1.613e+11  9.566953e-01  0.000000e+00  0.000000e+00
1.71658e+04       1.302e+11    1.603e+11  9.567091e-01  0.000000e+00  0.000000e+00
1.72157e+04       1.294e+11    1.593e+11  9.567230e-01  0.000000e+00  0.000000e+00
1.72656e+04       1.285e+11    1.583e+11  9.567369e-01  0.000000e+00  0.000000e+00
1.73155e+04       1.277e+11    1.573e+11  9.567509e-01  0.000000e+00  0.000000e+00
1.73654e+04       1.269e+11    1.563e+11  9.567649e-01  0.000000e+00  0.000000e+00
1.74153e+04       1.262e+11    1.553e+11  9.567790e-01  0.000000e+00  0.000000e+00
1.74652e+04       1.254e+11    1.543e+11  9.567931e-01  0.000000e+00  0.000000e+00
1.75151e+04       1.246e+11    1.534e+11  9.568073e-01  0.000000e+00  0.000000e+00
1.75650e+04       1.238e+11    1.524e+11  9.568216e-01  0.000000e+00  0.000000e+00
1.76149e+04       1.230e+11    1.515e+11  9.568359e-01  0.000000e+00  0.000000e+00
1.76648e+04       1.222e+11    1.505e+11  9.568502e-01  0.000000e+00  0.000000e+00
1.77147e+04       1.215e+11    1.496e+11  9.568646e-01  0.000000e+00  0.000000e+00
1.77646e+04       1.207e+11    1.486e+11  9.568791e-01  0.000000e+00  0.000000e+00
1.78145e+04       1.199e+11    1.477e+11  9.568935e-01  0.000000e+00  0.000000e+00
1.78644e+04       1.192e+11    1.467e+11  9.569081e-01  0.000000e+00  0.000000e+00
1.79143e+04       1.184e+11    1.458e+11  9.569227e-01  0.000000e+00  0.000000e+00
1.79642e+04       1.177e+11    1.449e+11  9.569373e-01  0.000000e+00  0.000000e+00
1.80141e+04       1.169e+11    1.440e+11  9.569520e-01  0.000000e+00  0.000000e+00
1.80640e+04       1.162e+11    1.431e+11  9.569667e-01  0.000000e+00  0.000000e+00
1.81139e+04       1.155e+11    1.422e+11  9.569815e-01  0.000000e+00  0.000000e+00
1.81638e+04       1.147e+11    1.412e+11  9.569963e-01  0.000000e+00  0.000000e+00
1.82137e+04       1.140e+11    1.404e+11  9.570111e-01  0.000000e+00  0.000000e+00
1.82636e+04       1.133e+11    1.395e+11  9.570260e-01  0.000000e+00  0.000000e+00
1.83135e+04       1.126e+11    1.386e+11  9.570410e-01  0.000000e+00  0.000000e+00
1.83634e+04       1.118e+11    1.377e+11  9.570560e-01  0.000000e+00  0.000000e+00
1.84133e+04       1.111e+11    1.368e+11  9.570710e-01  0.000000e+00  0.000000e+00
1.84632e+04       1.104e+11    1.359e+11  9.570861e-01  0.000000e+00  0.000000e+00
1.85131e+04       1.097e+11    1.351e+11  9.571012e-01  0.000000e+00  0.000000e+00
1.85630e+04       1.090e+11    1.342e+11  9.571163e-01  0.000000e+00  0.000000e+00
1.86129e+04       1.083e+11    1.333e+11  9.571315e-01  0.000000e+00  0.000000e+00
1.86628e+04       1.076e+11    1.325e+11  9.571468e-01  0.000000e+00  0.000000e+00
1.87127e+04       1.069e+11    1.316e+11  9.571620e-01  0.000000e+00  0.000000e+00
1.87626e+04       1.062e+11    1.308e+11  9.571773e-01  0.000000e+00  0.000000e+00
1.88125e+04       1.055e+11    1.299e+11  9.571927e-01  0.000000e+00  0.000000e+00
1.88624e+04       1.049e+11    1.291e+11  9.572081e-01  0.000000e+00  0.000000e+00
1.89123e+04       1.042e+11    1.283e+11  9.572235e-01  0.000000e+00  0.000000e+00
1.89622e+04       1.035e+11    1.274e+11  9.572389e-01  0.000000e+00  0.000000e+00
1.90121e+04       1.029e+11    1.266e+11  9.572544e-01  0.000000e+00  0.000000e+00
1.90620e+04       1.022e+11    1.258e+11  9.572700e-01  0.000000e+00  0.000000e+00
1.91119e+04       1.015e+11    1.250e+11  9.572855e-01  0.000000e+00  0.000000e+00
1.91618e+04       1.009e+11    1.242e+11  9.573011e-01  0.000000e+00  0.000000e+00
1.92117e+04       1.002e+11    1.234e+11  9.573167e-01  0.000000e+00  0.000000e+00
1.92616e+04       9.957e+10    1.226e+11  9.573324e-01  0.000000e+00  0.000000e+00
1.93115e+04       9.892e+10    1.218e+11  9.573481e-01  0.000000e+00  0.000000e+00
1.93614e+04       9.828e+10    1.210e+11  9.573638e-01  0.000000e+00  0.000000e+00
1.94113e+04       9.764e+10    1.202e+11  9.573796e-01  0.000000e+00  0.000000e+00
1.94612e+04       9.700e+10    1.194e+11  9.573954e-01  0.000000e+00  0.000000e+00
1.95111e+04       9.637e+10    1.187e+11  9.574112e-01  0.000000e+00  0.000000e+00
1.95610e+04       9.575e+10    1.179e+11  9.574271e-01  0.000000e+00  0.000000e+00
1.96109e+04       9.512e+10    1.171e+11  9.574430e-01  0.000000e+00  0.000000e+00
1.96608e+04       9.450e+10    1.163e+11  9.574589e-01  0.000000e+00  0.000000e+00
1.97107e+04       9.388e+10    1.156e+11  9.574749e-01  0.000000e+00  0.000000e+00
1.97606e+04       9.327e+10    1.148e+11  9.574909e-01  0.000000e+00  0.000000e+00
1.98105e+04       9.266e+10    1.141e+11  9.575069e-01  0.000000e+00  0.000000e+00
1.98604e+04       9.205e+10    1.133e+11  9.575229e-01  0.000000e+00  0.000000e+00
1.99103e+04       9.145e+10    1.126e+11  9.575390e-01  0.000000e+00  0.000000e+00
1.99602e+04       9.085e+10    1.118e+11  9.575551e-01  0.000000e+00  0.000000e+00
2.00101e+04       9.025e+10    1.111e+11  9.575712e-01  0.000000e+00  0.000000e+00
2.00600e+04       8.966e+10    1.104e+11  9.575874e-01  0.000000e+00  0.000000e+00
2.01099e+04       8.907e+10    1.097e+11  9.576036e-01  0.000000e+00  0.000000e+00
2.01598e+04       8.848e+10    1.089e+11  9.576198e-01  0.000000e+00  0.000000e+00
2.02097e+04       8.790e+10    1.082e+11  9.576360e-01  0.000000e+00  0.000000e+00
2.02596e+04       8.732e+10    1.075e+11  9.576523e-01  0.000000e+00  0.000000e+00
2.03095e+04       8.675e+10    1.068e+11  9.576686e-01  0.000000e+00  0.000000e+00
2.03594e+04       8.617e+10    1.061e+11  9.576849e-01  0.000000e+00  0.000000e+00
2.04093e+04       8.561e+10    1.054e+11  9.577013e-01  0.000000e+00  0.000000e+00
2.04592e+04       8.504e+10    1.047e+11  9.577176e-01  0.000000e+00  0.000000e+00
2.05091e+04       8.448e+10    1.040e+11  9.577340e-01  0.000000e+00  0.000000e+00
2.05590e+04       8.392e+10    1.033e+11  9.577504e-01  0.000000e+00  0.000000e+00
2.06089e+04       8.336e+10    1.026e+11  9.577669e-01  0.000000e+00  0.000000e+00
2.06588e+04       8.281e+10    1.020e+11  9.577834e-01  0.000000e+00  0.000000e+00
2.07087e+04       8.226e+10    1.013e+11  9.577998e-01  0.000000e+00  0.000000e+00
2.07586e+04       8.171e+10    1.006e+11  9.578164e-01  0.000000e+00  0.000000e+00
2.08085e+04       8.117e+10    9.993e+10  9.578329e-01  0.000000e+00  0.000000e+00
2.08584e+04       8.063e+10    9.927e+10  9.578495e-01  0.000000e+00  0.000000e+00
2.09083e+04       8.009e+10    9.861e+10  9.578660e-01  0.000000e+00  0.000000e+00
2.09582e+04       7.956e+10    9.795e+10  9.578826e-01  0.000000e+00  0.000000e+00
2.10081e+04       7.903e+10    9.730e+10  9.578993e-01  0.000000e+00  0.000000e+00
2.10580e+04       7.850e+10    9.665e+10  9.579159e-01  0.000000e+00  0.000000e+00
2.11079e+04       7.798e+10    9.601e+10  9.579326e-01  0.000000e+00  0.000000e+00
2.11578e+04       7.746e+10    9.537e+10  9.579493e-01  0.000000e+00  0.000000e+00
2.12077e+04       7.694e+10    9.473e+10  9.579660e-01  0.000000e+00  0.000000e+00
2.12576e+04       7.643e+10    9.409e+10  9.579827e-01  0.000000e+00  0.000000e+00
2.13075e+04       7.592e+10    9.347e+10  9.579994e-01  0.000000e+00  0.000000e+00
2.13574e+04       7.541e+10    9.284e+10  9.580162e-01  0.000000e+00  0.000000e+00
2.14073e+04       7.490e+10    9.222e+10  9.580330e-01  0.000000e+00  0.000000e+00
2.14572e+04       7.440e+10    9.160e+10  9.580498e-01  0.000000e+00  0.000000e+00
2.15071e+04       7.390e+10    9.099e+10  9.580666e-01  0.000000e+00  0.000000e+00
2.15570e+04       7.341e+10    9.037e+10  9.580835e-01  0.000000e+00  0.000000e+00
2.16069e+04       7.291e+10    8.977e+10  9.581003e-01  0.000000e+00  0.000000e+00
2.16568e+04       7.242e+10    8.916e+10  9.581172e-01  0.000000e+00  0.000000e+00
2.17067e+04       7.194e+10    8.856e+10  9.581341e-01  0.000000e+00  0.000000e+00
2.17566e+04       7.145e+10    8.797e+10  9.581510e-01  0.000000e+00  0.000000e+00
2.18065e+04       7.097e+10    8.738e+10  9.581680e-01  0.000000e+00  0.000000e+00
2.18564e+04       7.049e+10    8.679e+10  9.581849e-01  0.000000e+00  0.000000e+00
2.19063e+04       7.002e+10    8.620e+10  9.582019e-01  0.000000e+00  0.000000e+00
2.19562e+04       6.954e+10    8.562e+10  9.582189e-01  0.000000e+00  0.000000e+00
2.20061e+04       6.907e+10    8.504e+10  9.582359e-01  0.000000e+00  0.000000e+00
2.20560e+04       6.861e+10    8.447e+10  9.582529e-01  0.000000e+00  0.000000e+00
2.21059e+04       6.814e+10    8.390e+10  9.582699e-01  0.000000e+00  0.000000e+00
2.21558e+04       6.768e+10    8.333e+10  9.582870e-01  0.000000e+00  0.000000e+00
2.22057e+04       6.723e+10    8.276e+10  9.583040e-01  0.000000e+00  0.000000e+00
2.22556e+04       6.677e+10    8.220e+10  9.583211e-01  0.000000e+00  0.000000e+00
2.23055e+04       6.632e+10    8.165e+10  9.583382e-01  0.000000e+00  0.000000e+00
2.23554e+04       6.587e+10    8.109e+10  9.583553e-01  0.000000e+00  0.000000e+00
2.24053e+04       6.542e+10    8.054e+10  9.583724e-01  0.000000e+00  0.000000e+00
2.24552e+04       6.498e+10    8.000e+10  9.583895e-01  0.000000e+00  0.000000e+00
2.25051e+04       6.454e+10    7.945e+10  9.584067e-01  0.000000e+00  0.000000e+00
2.25550e+04       6.410e+10    7.891e+10  9.584238e-01  0.000000e+00  0.000000e+00
2.26049e+04       6.366e+10    7.838e+10  9.584410e-01  0.000000e+00  0.000000e+00
2.26548e+04       6.323e+10    7.784e+10  9.584582e-01  0.000000e+00  0.000000e+00
2.27047e+04       6.280e+10    7.731e+10  9.584754e-01  0.000000e+00  0.000000e+00
2.27546e+04       6.237e+10    7.679e+10  9.584926e-01  0.000000e+00  0.000000e+00
2.28045e+04       6.194e+10    7.626e+10  9.585099e-01  0.000000e+00  0.000000e+00
2.28544e+04       6.152e+10    7.574e+10  9.585271e-01  0.000000e+00  0.000000e+00
2.29043e+04       6.110e+10    7.522e+10  9.585443e-01  0.000000e+00  0.000000e+00
2.29542e+04       6.068e+10    7.471e+10  9.585616e-01  0.000000e+00  0.000000e+00
2.30041e+04       6.027e+10    7.420e+10  9.585789e-01  0.000000e+00  0.000000e+00
2.30540e+04       5.986e+10    7.369e+10  9.585962e-01  0.000000e+00  0.000000e+00
2.31039e+04       5.945e+10    7.319e+10  9.586135e-01  0.000000e+00  0.000000e+00
2.31538e+04       5.904e+10    7.269e+10  9.586308e-01  0.000000e+00  0.000000e+00
2.32037e+04       5.864e+10    7.219e+10  9.586481e-01  0.000000e+00  0.000000e+00
2.32536e+04       5.823e+10    7.169e+10  9.586654e-01  0.000000e+00  0.000000e+00
2.33035e+04       5.783e+10    7.120e+10  9.586828e-01  0.000000e+00  0.000000e+00
2.33534e+04       5.744e+10    7.071e+10  9.587001e-01  0.000000e+00  0.000000e+00
2.34033e+04       5.704e+10    7.023e+10  9.587175e-01  0.000000e+00  0.000000e+00
2.34532e+04       5.665e+10    6.975e+10  9.587348e-01  0.000000e+00  0.000000e+00
2.35031e+04       5.626e+10    6.927e+10  9.587522e-01  0.000000e+00  0.000000e+00
2.35530e+04       5.588e+10    6.879e+10  9.587696e-01  0.000000e+00  0.000000e+00
2.36029e+04       5.549e+10    6.832e+10  9.587870e-01  0.000000e+00  0.000000e+00
2.36528e+04       5.511e+10    6.785e+10  9.588044e-01  0.000000e+00  0.000000e+00
2.37027e+04       5.473e+10    6.738e+10  9.588218e-01  0.000000e+00  0.000000e+00
2.37526e+04       5.435e+10    6.692e+10  9.588393e-01  0.000000e+00  0.000000e+00
2.38025e+04       5.398e+10    6.646e+10  9.588567e-01  0.000000e+00  0.000000e+00
2.38524e+04       5.361e+10    6.600e+10  9.588741e-01  0.000000e+00  0.000000e+00
2.39023e+04       5.324e+10    6.554e+10  9.588916e-01  0.000000e+00  0.000000e+00
2.39522e+04       5.287e+10    6.509e+10  9.589090e-01  0.000000e+00  0.000000e+00
2.40021e+04       5.250e+10    6.464e+10  9.589265e-01  0.000000e+00  0.000000e+00
2.40520e+04       5.214e+10    6.419e+10  9.589440e-01  0.000000e+00  0.000000e+00
2.41019e+04       5.178e+10    6.375e+10  9.589615e-01  0.000000e+00  0.000000e+00
2.41518e+04       5.142e+10    6.331e+10  9.589789e-01  0.000000e+00  0.000000e+00
2.42017e+04       5.106e+10    6.287e+10  9.589964e-01  0.000000e+00  0.000000e+00
2.42516e+04       5.071e+10    6.243e+10  9.590139e-01  0.000000e+00  0.000000e+00
2.43015e+04       5.036e+10    6.200e+10  9.590315e-01  0.000000e+00  0.000000e+00
2.43514e+04       5.001e+10    6.157e+10  9.590490e-01  0.000000e+00  0.000000e+00
2.44013e+04       4.966e+10    6.114e+10  9.590665e-01  0.000000e+00  0.000000e+00
2.44512e+04       4.932e+10    6.072e+10  9.590840e-01  0.000000e+00  0.000000e+00
2.45011e+04       4.898e+10    6.030e+10  9.591016e-01  0.000000e+00  0.000000e+00
2.45510e+04       4.864e+10    5.988e+10  9.591191e-01  0.000000e+00  0.000000e+00
2.46009e+04       4.830e+10    5.946e+10  9.591367e-01  0.000000e+00  0.000000e+00
2.46508e+04       4.796e+10    5.905e+10  9.591542e-01  0.000000e+00  0.000000e+00
2.47007e+04       4.763e+10    5.864e+10  9.591718e-01  0.000000e+00  0.000000e+00
2.47506e+04       4.730e+10    5.823e+10  9.591893e-01  0.000000e+00  0.000000e+00
2.48005e+04       4.697e+10    5.782e+10  9.592069e-01  0.000000e+00  0.000000e+00
2.48504e+04       4.664e+10    5.742e+10  9.592245e-01  0.000000e+00  0.000000e+00
2.49003e+04       4.632e+10    5.702e+10  9.592421e-01  0.000000e+00  0.000000e+00
2.49502e+04       4.599e+10    5.662e+10  9.592596e-01  0.000000e+00  0.000000e+00
2.50001e+04       4.567e+10    5.623e+10  9.592772e-01  0.000000e+00  0.000000e+00
2.50500e+04       4.535e+10    5.584e+10  9.592948e-01  0.000000e+00  0.000000e+00
2.50999e+04       4.504e+10    5.545e+10  9.593124e-01  0.000000e+00  0.000000e+00
2.51498e+04       4.472e+10    5.506e+10  9.593300e-01  0.000000e+00  0.000000e+00
2.51997e+04       4.441e+10    5.467e+10  9.593476e-01  0.000000e+00  0.000000e+00
2.52496e+04       4.410e+10    5.429e+10  9.593653e-01  0.000000e+00  0.000000e+00
2.52995e+04       4.379e+10    5.391e+10  9.593829e-01  0.000000e+00  0.000000e+00
2.53494e+04       4.348e+10    5.353e+10  9.594005e-01  0.000000e+00  0.000000e+00
2.53993e+04       4.318e+10    5.316e+10  9.594181e-01  0.000000e+00  0.000000e+00
2.54492e+04       4.288e+10    5.279e+10  9.594357e-01  0.000000e+00  0.000000e+00
2.54991e+04       4.257e+10    5.242e+10  9.594534e-01  0.000000e+00  0.000000e+00
2.55490e+04       4.228e+10    5.205e+10  9.594710e-01  0.000000e+00  0.000000e+00
2.55989e+04       4.198e+10    5.168e+10  9.594886e-01  0.000000e+00  0.000000e+00
2.56488e+04       4.168e+10    5.132e+10  9.595063e-01  0.000000e+00  0.000000e+00
2.56987e+04       4.139e+10    5.096e+10  9.595239e-01  0.000000e+00  0.000000e+00
2.57486e+04       4.110e+10    5.060e+10  9.595416e-01  0.000000e+00  0.000000e+00
2.57985e+04       4.081e+10    5.025e+10  9.595592e-01  0.000000e+00  0.000000e+00
2.58484e+04       4.053e+10    4.989e+10  9.595769e-01  0.000000e+00  0.000000e+00
2.58983e+04       4.024e+10    4.954e+10  9.595945e-01  0.000000e+00  0.000000e+00
2.59482e+04       3.996e+10    4.919e+10  9.596122e-01  0.000000e+00  0.000000e+00
2.59981e+04       3.968e+10    4.885e+10  9.596298e-01  0.000000e+00  0.000000e+00
2.60480e+04       3.940e+10    4.850e+10  9.596475e-01  0.000000e+00  0.000000e+00
2.60979e+04       3.912e+10    4.816e+10  9.596651e-01  0.000000e+00  0.000000e+00
2.61478e+04       3.884e+10    4.782e+10  9.596828e-01  0.000000e+00  0.000000e+00
2.61977e+04       3.857e+10    4.748e+10  9.597005e-01  0.000000e+00  0.000000e+00
2.62476e+04       3.830e+10    4.715e+10  9.597181e-01  0.000000e+00  0.000000e+00
2.62975e+04       3.803e+10    4.682e+10  9.597358e-01  0.000000e+00  0.000000e+00
2.63474e+04       3.776e+10    4.649e+10  9.597535e-01  0.000000e+00  0.000000e+00
2.63973e+04       3.749e+10    4.616e+10  9.597711e-01  0.000000e+00  0.000000e+00
2.64472e+04       3.723e+10    4.583e+10  9.597888e-01  0.000000e+00  0.000000e+00
2.64971e+04       3.696e+10    4.551e+10  9.598065e-01  0.000000e+00  0.000000e+00
2.65470e+04       3.670e+10    4.518e+10  9.598241e-01  0.000000e+00  0.000000e+00
2.65969e+04       3.644e+10    4.487e+10  9.598418e-01  0.000000e+00  0.000000e+00
2.66468e+04       3.618e+10    4.455e+10  9.598595e-01  0.000000e+00  0.000000e+00
2.66967e+04       3.593e+10    4.423e+10  9.598772e-01  0.000000e+00  0.000000e+00
2.67466e+04       3.567e+10    4.392e+10  9.598948e-01  0.000000e+00  0.000000e+00
2.67965e+04       3.542e+10    4.361e+10  9.599125e-01  0.000000e+00  0.000000e+00
2.68464e+04       3.517e+10    4.330e+10  9.599302e-01  0.000000e+00  0.000000e+00
2.68963e+04       3.492e+10    4.299e+10  9.599478e-01  0.000000e+00  0.000000e+00
2.69462e+04       3.467e+10    4.269e+10  9.599655e-01  0.000000e+00  0.000000e+00
2.69961e+04       3.442e+10    4.238e+10  9.599832e-01  0.000000e+00  0.000000e+00
2.70460e+04       3.418e+10    4.208e+10  9.600009e-01  0.000000e+00  0.000000e+00
2.70959e+04       3.394e+10    4.178e+10  9.600185e-01  0.000000e+00  0.000000e+00
2.71458e+04       3.370e+10    4.149e+10  9.600362e-01  0.000000e+00  0.000000e+00
2.71957e+04       3.346e+10    4.119e+10  9.600539e-01  0.000000e+00  0.000000e+00
2.72456e+04       3.322e+10    4.090e+10  9.600716e-01  0.000000e+00  0.000000e+00
2.72955e+04       3.298e+10    4.061e+10  9.600892e-01  0.000000e+00  0.000000e+00
2.73454e+04       3.275e+10    4.032e+10  9.601069e-01  0.000000e+00  0.000000e+00
2.73953e+04       3.251e+10    4.003e+10  9.601246e-01  0.000000e+00  0.000000e+00
2.74452e+04       3.228e+10    3.974e+10  9.601422e-01  0.000000e+00  0.000000e+00
2.74951e+04       3.205e+10    3.946e+10  9.601599e-01  0.000000e+00  0.000000e+00
2.75450e+04       3.182e+10    3.918e+10  9.601776e-01  0.000000e+00  0.000000e+00
2.75949e+04       3.160e+10    3.890e+10  9.601952e-01  0.000000e+00  0.000000e+00
2.76448e+04       3.137e+10    3.862e+10  9.602129e-01  0.000000e+00  0.000000e+00
2.76947e+04       3.115e+10    3.835e+10  9.602305e-01  0.000000e+00  0.000000e+00
2.77446e+04       3.092e+10    3.807e+10  9.602482e-01  0.000000e+00  0.000000e+00
2.77945e+04       3.070e+10    3.780e+10  9.602659e-01  0.000000e+00  0.000000e+00
2.78444e+04       3.048e+10    3.753e+10  9.602835e-01  0.000000e+00  0.000000e+00
2.78943e+04       3.027e+10    3.726e+10  9.603012e-01  0.000000e+00  0.000000e+00
2.79442e+04       3.005e+10    3.700e+10  9.603188e-01  0.000000e+00  0.000000e+00
2.79941e+04       2.984e+10    3.673e+10  9.603365e-01  0.000000e+00  0.000000e+00
2.80440e+04       2.962e+10    3.647e+10  9.603541e-01  0.000000e+00  0.000000e+00
2.80939e+04       2.941e+10    3.621e+10  9.603718e-01  0.000000e+00  0.000000e+00
2.81438e+04       2.920e+10    3.595e+10  9.603894e-01  0.000000e+00  0.000000e+00
2.81937e+04       2.899e+10    3.569e+10  9.604071e-01  0.000000e+00  0.000000e+00
2.82436e+04       2.878e+10    3.543e+10  9.604247e-01  0.000000e+00  0.000000e+00
2.82935e+04       2.858e+10    3.518e+10  9.604423e-01  0.000000e+00  0.000000e+00
2.83434e+04       2.837e+10    3.493e+10  9.604600e-01  0.000000e+00  0.000000e+00
2.83933e+04       2.817e+10    3.468e+10  9.604776e-01  0.000000e+00  0.000000e+00
2.84432e+04       2.796e+10    3.443e+10  9.604952e-01  0.000000e+00  0.000000e+00
2.84931e+04       2.776e+10    3.418e+10  9.605128e-01  0.000000e+00  0.000000e+00
2.85430e+04       2.756e+10    3.394e+10  9.605305e-01  0.000000e+00  0.000000e+00
2.85929e+04       2.737e+10    3.369e+10  9.605481e-01  0.000000e+00  0.000000e+00
2.86428e+04       2.717e+10    3.345e+10  9.605657e-01  0.000000e+00  0.000000e+00
2.86927e+04       2.697e+10    3.321e+10  9.605833e-01  0.000000e+00  0.000000e+00
2.87426e+04       2.678e+10    3.297e+10  9.606009e-01  0.000000e+00  0.000000e+00
2.87925e+04       2.659e+10    3.273e+10  9.606185e-01  0.000000e+00  0.000000e+00
2.88424e+04       2.640e+10    3.250e+10  9.606361e-01  0.000000e+00  0.000000e+00
2.88923e+04       2.621e+10    3.226e+10  9.606537e-01  0.000000e+00  0.000000e+00
2.89422e+04       2.602e+10    3.203e+10  9.606713e-01  0.000000e+00  0.000000e+00
2.89921e+04       2.583e+10    3.180e+10  9.606889e-01  0.000000e+00  0.000000e+00
2.90420e+04       2.564e+10    3.157e+10  9.607065e-01  0.000000e+00  0.000000e+00
2.90919e+04       2.546e+10    3.134e+10  9.607241e-01  0.000000e+00  0.000000e+00
2.91418e+04       2.528e+10    3.112e+10  9.607417e-01  0.000000e+00  0.000000e+00
2.91917e+04       2.509e+10    3.089e+10  9.607593e-01  0.000000e+00  0.000000e+00
2.92416e+04       2.491e+10    3.067e+10  9.607768e-01  0.000000e+00  0.000000e+00
2.92915e+04       2.473e+10    3.045e+10  9.607944e-01  0.000000e+00  0.000000e+00
2.93414e+04       2.455e+10    3.023e+10  9.608120e-01  0.000000e+00  0.000000e+00
2.93913e+04       2.438e+10    3.001e+10  9.608295e-01  0.000000e+00  0.000000e+00
2.94412e+04       2.420e+10    2.979e+10  9.608471e-01  0.000000e+00  0.000000e+00
2.94911e+04       2.402e+10    2.958e+10  9.608646e-01  0.000000e+00  0.000000e+00
2.95410e+04       2.385e+10    2.936e+10  9.608822e-01  0.000000e+00  0.000000e+00
2.95909e+04       2.368e+10    2.915e+10  9.608997e-01  0.000000e+00  0.000000e+00
2.96408e+04       2.351e+10    2.894e+10  9.609173e-01  0.000000e+00  0.000000e+00
2.96907e+04       2.334e+10    2.873e+10  9.609348e-01  0.000000e+00  0.000000e+00
2.97406e+04       2.317e+10    2.852e+10  9.609523e-01  0.000000e+00  0.000000e+00
2.97905e+04       2.300e+10    2.832e+10  9.609699e-01  0.000000e+00  0.000000e+00
2.98404e+04       2.283e+10    2.811e+10  9.609874e-01  0.000000e+00  0.000000e+00
2.98903e+04       2.267e+10    2.791e+10  9.610049e-01  0.000000e+00  0.000000e+00
2.99402e+04       2.250e+10    2.771e+10  9.610224e-01  0.000000e+00  0.000000e+00
2.99901e+04       2.234e+10    2.750e+10  9.610399e-01  0.000000e+00  0.000000e+00
3.00400e+04       2.218e+10    2.730e+10  9.610574e-01  0.000000e+00  0.000000e+00
3.00899e+04       2.202e+10    2.711e+10  9.610749e-01  0.000000e+00  0.000000e+00
3.01398e+04       2.186e+10    2.691e+10  9.610924e-01  0.000000e+00  0.000000e+00
3.01897e+04       2.170e+10    2.671e+10  9.611099e-01  0.000000e+00  0.000000e+00
3.02396e+04       2.154e+10    2.652e+10  9.611274e-01  0.000000e+00  0.000000e+00
3.02895e+04       2.138e+10    2.633e+10  9.611448e-01  0.000000e+00  0.000000e+00
3.03394e+04       2.123e+10    2.614e+10  9.611623e-01  0.000000e+00  0.000000e+00
3.03893e+04       2.107e+10    2.595e+10  9.611798e-01  0.000000e+00  0.000000e+00
3.04392e+04       2.092e+10    2.576e+10  9.611972e-01  0.000000e+00  0.000000e+00
3.04891e+04       2.077e+10    2.557e+10  9.612147e-01  0.000000e+00  0.000000e+00
3.05390e+04       2.062e+10    2.538e+10  9.612321e-01  0.000000e+00  0.000000e+00
3.05889e+04       2.047e+10    2.520e+10  9.612496e-01  0.000000e+00  0.000000e+00
3.06388e+04       2.032e+10    2.502e+10  9.612670e-01  0.000000e+00  0.000000e+00
3.06887e+04       2.017e+10    2.483e+10  9.612844e-01  0.000000e+00  0.000000e+00
3.07386e+04       2.002e+10    2.465e+10  9.613019e-01  0.000000e+00  0.000000e+00
3.07885e+04       1.988e+10    2.447e+10  9.613193e-01  0.000000e+00  0.000000e+00
3.08384e+04       1.973e+10    2.429e+10  9.613367e-01  0.000000e+00  0.000000e+00
3.08883e+04       1.959e+10    2.412e+10  9.613541e-01  0.000000e+00  0.000000e+00
3.09382e+04       1.945e+10    2.394e+10  9.613715e-01  0.000000e+00  0.000000e+00
3.09881e+04       1.930e+10    2.377e+10  9.613889e-01  0.000000e+00  0.000000e+00
3.10380e+04       1.916e+10    2.359e+10  9.614063e-01  0.000000e+00  0.000000e+00
3.10879e+04       1.902e+10    2.342e+10  9.614237e-01  0.000000e+00  0.000000e+00
3.11378e+04       1.888e+10    2.325e+10  9.614411e-01  0.000000e+00  0.000000e+00
3.11877e+04       1.875e+10    2.308e+10  9.614584e-01  0.000000e+00  0.000000e+00
3.12376e+04       1.861e+10    2.291e+10  9.614758e-01  0.000000e+00  0.000000e+00
3.12875e+04       1.847e+10    2.274e+10  9.614932e-01  0.000000e+00  0.000000e+00
3.13374e+04       1.834e+10    2.258e+10  9.615105e-01  0.000000e+00  0.000000e+00
3.13873e+04       1.820e+10    2.241e+10  9.615278e-01  0.000000e+00  0.000000e+00
3.14372e+04       1.807e+10    2.225e+10  9.615452e-01  0.000000e+00  0.000000e+00
3.14871e+04       1.794e+10    2.209e+10  9.615625e-01  0.000000e+00  0.000000e+00
3.15370e+04       1.781e+10    2.192e+10  9.615798e-01  0.000000e+00  0.000000e+00
3.15869e+04       1.768e+10    2.176e+10  9.615972e-01  0.000000e+00  0.000000e+00
3.16368e+04       1.755e+10    2.160e+10  9.616145e-01  0.000000e+00  0.000000e+00
3.16867e+04       1.742e+10    2.145e+10  9.616318e-01  0.000000e+00  0.000000e+00
3.17366e+04       1.729e+10    2.129e+10  9.616491e-01  0.000000e+00  0.000000e+00
3.17865e+04       1.716e+10    2.113e+10  9.616664e-01  0.000000e+00  0.000000e+00
3.18364e+04       1.704e+10    2.098e+10  9.616837e-01  0.000000e+00  0.000000e+00
3.18863e+04       1.691e+10    2.082e+10  9.617009e-01  0.000000e+00  0.000000e+00
3.19362e+04       1.679e+10    2.067e+10  9.617182e-01  0.000000e+00  0.000000e+00
3.19861e+04       1.667e+10    2.052e+10  9.617355e-01  0.000000e+00  0.000000e+00
3.20360e+04       1.654e+10    2.037e+10  9.617527e-01  0.000000e+00  0.000000e+00
3.20859e+04       1.642e+10    2.022e+10  9.617700e-01  0.000000e+00  0.000000e+00
3.21358e+04       1.630e+10    2.007e+10  9.617872e-01  0.000000e+00  0.000000e+00
3.21857e+04       1.618e+10    1.992e+10  9.618045e-01  0.000000e+00  0.000000e+00
3.22356e+04       1.606e+10    1.978e+10  9.618217e-01  0.000000e+00  0.000000e+00
3.22855e+04       1.595e+10    1.963e+10  9.618389e-01  0.000000e+00  0.000000e+00
3.23354e+04       1.583e+10    1.949e+10  9.618561e-01  0.000000e+00  0.000000e+00
3.23853e+04       1.571e+10    1.934e+10  9.618733e-01  0.000000e+00  0.000000e+00
3.24352e+04       1.560e+10    1.920e+10  9.618905e-01  0.000000e+00  0.000000e+00
3.24851e+04       1.548e+10    1.906e+10  9.619077e-01  0.000000e+00  0.000000e+00
3.25350e+04       1.537e+10    1.892e+10  9.619249e-01  0.000000e+00  0.000000e+00
3.25849e+04       1.525e+10    1.878e+10  9.619421e-01  0.000000e+00  0.000000e+00
3.26348e+04       1.514e+10    1.864e+10  9.619593e-01  0.000000e+00  0.000000e+00
3.26847e+04       1.503e+10    1.850e+10  9.619764e-01  0.000000e+00  0.000000e+00
3.27346e+04       1.492e+10    1.837e+10  9.619936e-01  0.000000e+00  0.000000e+00
3.27845e+04       1.481e+10    1.823e+10  9.620107e-01  0.000000e+00  0.000000e+00
3.28344e+04       1.470e+10    1.810e+10  9.620279e-01  0.000000e+00  0.000000e+00
3.28843e+04       1.459e+10    1.796e+10  9.620450e-01  0.000000e+00  0.000000e+00
3.29342e+04       1.448e+10    1.783e+10  9.620621e-01  0.000000e+00  0.000000e+00
3.29841e+04       1.438e+10    1.770e+10  9.620793e-01  0.000000e+00  0.000000e+00
3.30340e+04       1.427e+10    1.757e+10  9.620964e-01  0.000000e+00  0.000000e+00
3.30839e+04       1.417e+10    1.744e+10  9.621135e-01  0.000000e+00  0.000000e+00
3.31338e+04       1.406e+10    1.731e+10  9.621306e-01  0.000000e+00  0.000000e+00
3.31837e+04       1.396e+10    1.718e+10  9.621477e-01  0.000000e+00  0.000000e+00
3.32336e+04       1.385e+10    1.706e+10  9.621647e-01  0.000000e+00  0.000000e+00
3.32835e+04       1.375e+10    1.693e+10  9.621818e-01  0.000000e+00  0.000000e+00
3.33334e+04       1.365e+10    1.681e+10  9.621989e-01  0.000000e+00  0.000000e+00
3.33833e+04       1.355e+10    1.668e+10  9.622159e-01  0.000000e+00  0.000000e+00
3.34332e+04       1.345e+10    1.656e+10  9.622330e-01  0.000000e+00  0.000000e+00
3.34831e+04       1.335e+10    1.644e+10  9.622500e-01  0.000000e+00  0.000000e+00
3.35330e+04       1.325e+10    1.631e+10  9.622670e-01  0.000000e+00  0.000000e+00
3.35829e+04       1.315e+10    1.619e+10  9.622841e-01  0.000000e+00  0.000000e+00
3.36328e+04       1.306e+10    1.607e+10  9.623011e-01  0.000000e+00  0.000000e+00
3.36827e+04       1.296e+10    1.595e+10  9.623181e-01  0.000000e+00  0.000000e+00
3.37326e+04       1.286e+10    1.584e+10  9.623351e-01  0.000000e+00  0.000000e+00
3.37825e+04       1.277e+10    1.572e+10  9.623521e-01  0.000000e+00  0.000000e+00
3.38324e+04       1.267e+10    1.560e+10  9.623691e-01  0.000000e+00  0.000000e+00
3.38823e+04       1.258e+10    1.549e+10  9.623860e-01  0.000000e+00  0.000000e+00
3.39322e+04       1.249e+10    1.537e+10  9.624030e-01  0.000000e+00  0.000000e+00
3.39821e+04       1.239e+10    1.526e+10  9.624200e-01  0.000000e+00  0.000000e+00
3.40320e+04       1.230e+10    1.515e+10  9.624369e-01  0.000000e+00  0.000000e+00
3.40819e+04       1.221e+10    1.503e+10  9.624538e-01  0.000000e+00  0.000000e+00
3.41318e+04       1.212e+10    1.492e+10  9.624708e-01  0.000000e+00  0.000000e+00
3.41817e+04       1.203e+10    1.481e+10  9.624877e-01  0.000000e+00  0.000000e+00
3.42316e+04       1.194e+10    1.470e+10  9.625046e-01  0.000000e+00  0.000000e+00
3.42815e+04       1.185e+10    1.459e+10  9.625215e-01  0.000000e+00  0.000000e+00
3.43314e+04       1.176e+10    1.448e+10  9.625384e-01  0.000000e+00  0.000000e+00
3.43813e+04       1.168e+10    1.438e+10  9.625553e-01  0.000000e+00  0.000000e+00
3.44312e+04       1.159e+10    1.427e+10  9.625722e-01  0.000000e+00  0.000000e+00
3.44811e+04       1.150e+10    1.416e+10  9.625891e-01  0.000000e+00  0.000000e+00
3.45310e+04       1.142e+10    1.406e+10  9.626059e-01  0.000000e+00  0.000000e+00
3.45809e+04       1.133e+10    1.395e+10  9.626228e-01  0.000000e+00  0.000000e+00
3.46308e+04       1.125e+10    1.385e+10  9.626396e-01  0.000000e+00  0.000000e+00
3.46807e+04       1.117e+10    1.375e+10  9.626565e-01  0.000000e+00  0.000000e+00
3.47306e+04       1.108e+10    1.364e+10  9.626733e-01  0.000000e+00  0.000000e+00
3.47805e+04       1.100e+10    1.354e+10  9.626901e-01  0.000000e+00  0.000000e+00
3.48304e+04       1.092e+10    1.344e+10  9.627069e-01  0.000000e+00  0.000000e+00
3.48803e+04       1.084e+10    1.334e+10  9.627237e-01  0.000000e+00  0.000000e+00
3.49302e+04       1.076e+10    1.324e+10  9.627405e-01  0.000000e+00  0.000000e+00
3.49801e+04       1.068e+10    1.314e+10  9.627573e-01  0.000000e+00  0.000000e+00
3.50300e+04       1.060e+10    1.305e+10  9.627741e-01  0.000000e+00  0.000000e+00
3.50799e+04       1.052e+10    1.295e+10  9.627908e-01  0.000000e+00  0.000000e+00
3.51298e+04       1.044e+10    1.285e+10  9.628076e-01  0.000000e+00  0.000000e+00
3.51797e+04       1.036e+10    1.276e+10  9.628243e-01  0.000000e+00  0.000000e+00
3.52296e+04       1.028e+10    1.266e+10  9.628411e-01  0.000000e+00  0.000000e+00
3.52795e+04       1.021e+10    1.257e+10  9.628578e-01  0.000000e+00  0.000000e+00
3.53294e+04       1.013e+10    1.247e+10  9.628745e-01  0.000000e+00  0.000000e+00
3.53793e+04       1.006e+10    1.238e+10  9.628912e-01  0.000000e+00  0.000000e+00
3.54292e+04       9.980e+09    1.229e+10  9.629079e-01  0.000000e+00  0.000000e+00
3.54791e+04       9.906e+09    1.220e+10  9.629246e-01  0.000000e+00  0.000000e+00
3.55290e+04       9.832e+09    1.210e+10  9.629413e-01  0.000000e+00  0.000000e+00
3.55789e+04       9.758e+09    1.201e+10  9.629580e-01  0.000000e+00  0.000000e+00
3.56288e+04       9.686e+09    1.192e+10  9.629747e-01  0.000000e+00  0.000000e+00
3.56787e+04       9.613e+09    1.184e+10  9.629913e-01  0.000000e+00  0.000000e+00
3.57286e+04       9.541e+09    1.175e+10  9.630080e-01  0.000000e+00  0.000000e+00
3.57785e+04       9.470e+09    1.166e+10  9.630246e-01  0.000000e+00  0.000000e+00
3.58284e+04       9.399e+09    1.157e+10  9.630412e-01  0.000000e+00  0.000000e+00
3.58783e+04       9.329e+09    1.149e+10  9.630579e-01  0.000000e+00  0.000000e+00
3.59282e+04       9.259e+09    1.140e+10  9.630745e-01  0.000000e+00  0.000000e+00
3.59781e+04       9.190e+09    1.131e+10  9.630911e-01  0.000000e+00  0.000000e+00
3.60280e+04       9.121e+09    1.123e+10  9.631077e-01  0.000000e+00  0.000000e+00
3.60779e+04       9.053e+09    1.115e+10  9.631242e-01  0.000000e+00  0.000000e+00
3.61278e+04       8.985e+09    1.106e+10  9.631408e-01  0.000000e+00  0.000000e+00
3.61777e+04       8.918e+09    1.098e+10  9.631574e-01  0.000000e+00  0.000000e+00
3.62276e+04       8.851e+09    1.090e+10  9.631739e-01  0.000000e+00  0.000000e+00
3.62775e+04       8.785e+09    1.082e+10  9.631905e-01  0.000000e+00  0.000000e+00
3.63274e+04       8.719e+09    1.073e+10  9.632070e-01  0.000000e+00  0.000000e+00
3.63773e+04       8.654e+09    1.065e+10  9.632235e-01  0.000000e+00  0.000000e+00
3.64272e+04       8.589e+09    1.057e+10  9.632401e-01  0.000000e+00  0.000000e+00
3.64771e+04       8.524e+09    1.049e+10  9.632566e-01  0.000000e+00  0.000000e+00
3.65270e+04       8.460e+09    1.042e+10  9.632731e-01  0.000000e+00  0.000000e+00
3.65769e+04       8.397e+09    1.034e+10  9.632896e-01  0.000000e+00  0.000000e+00
3.66268e+04       8.334e+09    1.026e+10  9.633060e-01  0.000000e+00  0.000000e+00
3.66767e+04       8.271e+09    1.018e+10  9.633225e-01  0.000000e+00  0.000000e+00
3.67266e+04       8.209e+09    1.011e+10  9.633390e-01  0.000000e+00  0.000000e+00
3.67765e+04       8.148e+09    1.003e+10  9.633554e-01  0.000000e+00  0.000000e+00
3.68264e+04       8.087e+09    9.956e+09  9.633719e-01  0.000000e+00  0.000000e+00
3.68763e+04       8.026e+09    9.881e+09  9.633883e-01  0.000000e+00  0.000000e+00
3.69262e+04       7.966e+09    9.807e+09  9.634047e-01  0.000000e+00  0.000000e+00
3.69761e+04       7.906e+09    9.733e+09  9.634211e-01  0.000000e+00  0.000000e+00
3.70260e+04       7.846e+09    9.660e+09  9.634375e-01  0.000000e+00  0.000000e+00
3.70759e+04       7.787e+09    9.588e+09  9.634539e-01  0.000000e+00  0.000000e+00
3.71258e+04       7.729e+09    9.515e+09  9.634703e-01  0.000000e+00  0.000000e+00
3.71757e+04       7.671e+09    9.444e+09  9.634867e-01  0.000000e+00  0.000000e+00
3.72256e+04       7.613e+09    9.373e+09  9.635030e-01  0.000000e+00  0.000000e+00
3.72755e+04       7.556e+09    9.302e+09  9.635194e-01  0.000000e+00  0.000000e+00
3.73254e+04       7.499e+09    9.232e+09  9.635357e-01  0.000000e+00  0.000000e+00
3.73753e+04       7.443e+09    9.163e+09  9.635521e-01  0.000000e+00  0.000000e+00
3.74252e+04       7.387e+09    9.094e+09  9.635684e-01  0.000000e+00  0.000000e+00
3.74751e+04       7.331e+09    9.026e+09  9.635847e-01  0.000000e+00  0.000000e+00
3.75250e+04       7.276e+09    8.958e+09  9.636010e-01  0.000000e+00  0.000000e+00
3.75749e+04       7.221e+09    8.890e+09  9.636173e-01  0.000000e+00  0.000000e+00
3.76248e+04       7.167e+09    8.823e+09  9.636336e-01  0.000000e+00  0.000000e+00
3.76747e+04       7.113e+09    8.757e+09  9.636499e-01  0.000000e+00  0.000000e+00
3.77246e+04       7.059e+09    8.691e+09  9.636661e-01  0.000000e+00  0.000000e+00
3.77745e+04       7.006e+09    8.625e+09  9.636824e-01  0.000000e+00  0.000000e+00
3.78244e+04       6.953e+09    8.560e+09  9.636986e-01  0.000000e+00  0.000000e+00
3.78743e+04       6.901e+09    8.496e+09  9.637149e-01  0.000000e+00  0.000000e+00
3.79242e+04       6.849e+09    8.432e+09  9.637311e-01  0.000000e+00  0.000000e+00
3.79741e+04       6.797e+09    8.368e+09  9.637473e-01  0.000000e+00  0.000000e+00
3.80240e+04       6.746e+09    8.305e+09  9.637635e-01  0.000000e+00  0.000000e+00
3.80739e+04       6.695e+09    8.242e+09  9.637797e-01  0.000000e+00  0.000000e+00
3.81238e+04       6.644e+09    8.180e+09  9.637959e-01  0.000000e+00  0.000000e+00
3.81737e+04       6.594e+09    8.119e+09  9.638121e-01  0.000000e+00  0.000000e+00
3.82236e+04       6.545e+09    8.057e+09  9.638282e-01  0.000000e+00  0.000000e+00
3.82735e+04       6.495e+09    7.996e+09  9.638444e-01  0.000000e+00  0.000000e+00
3.83234e+04       6.446e+09    7.936e+09  9.638605e-01  0.000000e+00  0.000000e+00
3.83733e+04       6.397e+09    7.876e+09  9.638767e-01  0.000000e+00  0.000000e+00
3.84232e+04       6.349e+09    7.817e+09  9.638928e-01  0.000000e+00  0.000000e+00
3.84731e+04       6.301e+09    7.758e+09  9.639089e-01  0.000000e+00  0.000000e+00
3.85230e+04       6.254e+09    7.699e+09  9.639250e-01  0.000000e+00  0.000000e+00
3.85729e+04       6.206e+09    7.641e+09  9.639411e-01  0.000000e+00  0.000000e+00
3.86228e+04       6.159e+09    7.583e+09  9.639572e-01  0.000000e+00  0.000000e+00
3.86727e+04       6.113e+09    7.526e+09  9.639733e-01  0.000000e+00  0.000000e+00
3.87226e+04       6.067e+09    7.469e+09  9.639893e-01  0.000000e+00  0.000000e+00
3.87725e+04       6.021e+09    7.412e+09  9.640054e-01  0.000000e+00  0.000000e+00
3.88224e+04       5.975e+09    7.356e+09  9.640214e-01  0.000000e+00  0.000000e+00
3.88723e+04       5.930e+09    7.301e+09  9.640375e-01  0.000000e+00  0.000000e+00
3.89222e+04       5.885e+09    7.245e+09  9.640535e-01  0.000000e+00  0.000000e+00
3.89721e+04       5.841e+09    7.191e+09  9.640695e-01  0.000000e+00  0.000000e+00
3.90220e+04       5.796e+09    7.136e+09  9.640855e-01  0.000000e+00  0.000000e+00
3.90719e+04       5.752e+09    7.082e+09  9.641015e-01  0.000000e+00  0.000000e+00
3.91218e+04       5.709e+09    7.029e+09  9.641175e-01  0.000000e+00  0.000000e+00
3.91717e+04       5.666e+09    6.975e+09  9.641335e-01  0.000000e+00  0.000000e+00
3.92216e+04       5.623e+09    6.922e+09  9.641494e-01  0.000000e+00  0.000000e+00
3.92715e+04       5.580e+09    6.870e+09  9.641654e-01  0.000000e+00  0.000000e+00
3.93214e+04       5.538e+09    6.818e+09  9.641813e-01  0.000000e+00  0.000000e+00
3.93713e+04       5.496e+09    6.766e+09  9.641972e-01  0.000000e+00  0.000000e+00
3.94212e+04       5.454e+09    6.715e+09  9.642132e-01  0.000000e+00  0.000000e+00
3.94711e+04       5.413e+09    6.664e+09  9.642291e-01  0.000000e+00  0.000000e+00
3.95210e+04       5.372e+09    6.614e+09  9.642450e-01  0.000000e+00  0.000000e+00
3.95709e+04       5.331e+09    6.563e+09  9.642609e-01  0.000000e+00  0.000000e+00
3.96208e+04       5.291e+09    6.514e+09  9.642768e-01  0.000000e+00  0.000000e+00
3.96707e+04       5.251e+09    6.464e+09  9.642926e-01  0.000000e+00  0.000000e+00
3.97206e+04       5.211e+09    6.415e+09  9.643085e-01  0.000000e+00  0.000000e+00
3.97705e+04       5.171e+09    6.366e+09  9.643243e-01  0.000000e+00  0.000000e+00
3.98204e+04       5.132e+09    6.318e+09  9.643402e-01  0.000000e+00  0.000000e+00
3.98703e+04       5.093e+09    6.270e+09  9.643560e-01  0.000000e+00  0.000000e+00
3.99202e+04       5.054e+09    6.223e+09  9.643718e-01  0.000000e+00  0.000000e+00
3.99701e+04       5.016e+09    6.175e+09  9.643876e-01  0.000000e+00  0.000000e+00
4.00200e+04       4.978e+09    6.128e+09  9.644034e-01  0.000000e+00  0.000000e+00
4.00699e+04       4.940e+09    6.082e+09  9.644192e-01  0.000000e+00  0.000000e+00
4.01198e+04       4.902e+09    6.036e+09  9.644350e-01  0.000000e+00  0.000000e+00
4.01697e+04       4.865e+09    5.990e+09  9.644508e-01  0.000000e+00  0.000000e+00
4.02196e+04       4.828e+09    5.944e+09  9.644665e-01  0.000000e+00  0.000000e+00
4.02695e+04       4.792e+09    5.899e+09  9.644823e-01  0.000000e+00  0.000000e+00
4.03194e+04       4.755e+09    5.854e+09  9.644980e-01  0.000000e+00  0.000000e+00
4.03693e+04       4.719e+09    5.810e+09  9.645137e-01  0.000000e+00  0.000000e+00
4.04192e+04       4.683e+09    5.766e+09  9.645295e-01  0.000000e+00  0.000000e+00
4.04691e+04       4.647e+09    5.722e+09  9.645452e-01  0.000000e+00  0.000000e+00
4.05190e+04       4.612e+09    5.678e+09  9.645609e-01  0.000000e+00  0.000000e+00
4.05689e+04       4.577e+09    5.635e+09  9.645765e-01  0.000000e+00  0.000000e+00
4.06188e+04       4.542e+09    5.592e+09  9.645922e-01  0.000000e+00  0.000000e+00
4.06687e+04       4.508e+09    5.550e+09  9.646079e-01  0.000000e+00  0.000000e+00
4.07186e+04       4.473e+09    5.507e+09  9.646235e-01  0.000000e+00  0.000000e+00
4.07685e+04       4.439e+09    5.465e+09  9.646392e-01  0.000000e+00  0.000000e+00
4.08184e+04       4.405e+09    5.424e+09  9.646548e-01  0.000000e+00  0.000000e+00
4.08683e+04       4.372e+09    5.382e+09  9.646704e-01  0.000000e+00  0.000000e+00
4.09182e+04       4.339e+09    5.341e+09  9.646860e-01  0.000000e+00  0.000000e+00
4.09681e+04       4.306e+09    5.301e+09  9.647016e-01  0.000000e+00  0.000000e+00
4.10180e+04       4.273e+09    5.260e+09  9.647172e-01  0.000000e+00  0.000000e+00
4.10679e+04       4.240e+09    5.220e+09  9.647328e-01  0.000000e+00  0.000000e+00
4.11178e+04       4.208e+09    5.180e+09  9.647484e-01  0.000000e+00  0.000000e+00
4.11677e+04       4.176e+09    5.141e+09  9.647639e-01  0.000000e+00  0.000000e+00
4.12176e+04       4.144e+09    5.102e+09  9.647795e-01  0.000000e+00  0.000000e+00
4.12675e+04       4.112e+09    5.063e+09  9.647950e-01  0.000000e+00  0.000000e+00
4.13174e+04       4.081e+09    5.024e+09  9.648106e-01  0.000000e+00  0.000000e+00
4.13673e+04       4.050e+09    4.986e+09  9.648261e-01  0.000000e+00  0.000000e+00
4.14172e+04       4.019e+09    4.948e+09  9.648416e-01  0.000000e+00  0.000000e+00
4.14671e+04       3.988e+09    4.910e+09  9.648571e-01  0.000000e+00  0.000000e+00
4.15170e+04       3.958e+09    4.873e+09  9.648726e-01  0.000000e+00  0.000000e+00
4.15669e+04       3.928e+09    4.835e+09  9.648880e-01  0.000000e+00  0.000000e+00
4.16168e+04       3.898e+09    4.799e+09  9.649035e-01  0.000000e+00  0.000000e+00
4.16667e+04       3.868e+09    4.762e+09  9.649190e-01  0.000000e+00  0.000000e+00
4.17166e+04       3.838e+09    4.726e+09  9.649344e-01  0.000000e+00  0.000000e+00
4.17665e+04       3.809e+09    4.689e+09  9.649498e-01  0.000000e+00  0.000000e+00
4.18164e+04       3.780e+09    4.654e+09  9.649653e-01  0.000000e+00  0.000000e+00
4.18663e+04       3.751e+09    4.618e+09  9.649807e-01  0.000000e+00  0.000000e+00
4.19162e+04       3.722e+09    4.583e+09  9.649961e-01  0.000000e+00  0.000000e+00
4.19661e+04       3.694e+09    4.548e+09  9.650115e-01  0.000000e+00  0.000000e+00
4.20160e+04       3.666e+09    4.513e+09  9.650269e-01  0.000000e+00  0.000000e+00
4.20659e+04       3.638e+09    4.479e+09  9.650422e-01  0.000000e+00  0.000000e+00
4.21158e+04       3.610e+09    4.444e+09  9.650576e-01  0.000000e+00  0.000000e+00
4.21657e+04       3.582e+09    4.410e+09  9.650729e-01  0.000000e+00  0.000000e+00
4.22156e+04       3.555e+09    4.377e+09  9.650883e-01  0.000000e+00  0.000000e+00
4.22655e+04       3.528e+09    4.343e+09  9.651036e-01  0.000000e+00  0.000000e+00
4.23154e+04       3.501e+09    4.310e+09  9.651189e-01  0.000000e+00  0.000000e+00
4.23653e+04       3.474e+09    4.277e+09  9.651342e-01  0.000000e+00  0.000000e+00
4.24152e+04       3.447e+09    4.244e+09  9.651495e-01  0.000000e+00  0.000000e+00
4.24651e+04       3.421e+09    4.212e+09  9.651648e-01  0.000000e+00  0.000000e+00
4.25150e+04       3.395e+09    4.179e+09  9.651801e-01  0.000000e+00  0.000000e+00
4.25649e+04       3.369e+09    4.147e+09  9.651954e-01  0.000000e+00  0.000000e+00
4.26148e+04       3.343e+09    4.116e+09  9.652106e-01  0.000000e+00  0.000000e+00
4.26647e+04       3.317e+09    4.084e+09  9.652259e-01  0.000000e+00  0.000000e+00
4.27146e+04       3.292e+09    4.053e+09  9.652411e-01  0.000000e+00  0.000000e+00
4.27645e+04       3.267e+09    4.022e+09  9.652563e-01  0.000000e+00  0.000000e+00
4.28144e+04       3.242e+09    3.991e+09  9.652715e-01  0.000000e+00  0.000000e+00
4.28643e+04       3.217e+09    3.960e+09  9.652867e-01  0.000000e+00  0.000000e+00
4.29142e+04       3.192e+09    3.930e+09  9.653019e-01  0.000000e+00  0.000000e+00
4.29641e+04       3.168e+09    3.900e+09  9.653171e-01  0.000000e+00  0.000000e+00
4.30140e+04       3.144e+09    3.870e+09  9.653323e-01  0.000000e+00  0.000000e+00
4.30639e+04       3.119e+09    3.840e+09  9.653474e-01  0.000000e+00  0.000000e+00
4.31138e+04       3.095e+09    3.811e+09  9.653626e-01  0.000000e+00  0.000000e+00
4.31637e+04       3.072e+09    3.782e+09  9.653777e-01  0.000000e+00  0.000000e+00
4.32136e+04       3.048e+09    3.753e+09  9.653929e-01  0.000000e+00  0.000000e+00
4.32635e+04       3.025e+09    3.724e+09  9.654080e-01  0.000000e+00  0.000000e+00
4.33134e+04       3.002e+09    3.695e+09  9.654231e-01  0.000000e+00  0.000000e+00
4.33633e+04       2.979e+09    3.667e+09  9.654382e-01  0.000000e+00  0.000000e+00
4.34132e+04       2.956e+09    3.639e+09  9.654533e-01  0.000000e+00  0.000000e+00
4.34631e+04       2.933e+09    3.611e+09  9.654683e-01  0.000000e+00  0.000000e+00
4.35130e+04       2.911e+09    3.583e+09  9.654834e-01  0.000000e+00  0.000000e+00
4.35629e+04       2.888e+09    3.556e+09  9.654985e-01  0.000000e+00  0.000000e+00
4.36128e+04       2.866e+09    3.528e+09  9.655135e-01  0.000000e+00  0.000000e+00
4.36627e+04       2.844e+09    3.501e+09  9.655285e-01  0.000000e+00  0.000000e+00
4.37126e+04       2.822e+09    3.474e+09  9.655436e-01  0.000000e+00  0.000000e+00
4.37625e+04       2.800e+09    3.448e+09  9.655586e-01  0.000000e+00  0.000000e+00
4.38124e+04       2.779e+09    3.421e+09  9.655736e-01  0.000000e+00  0.000000e+00
4.38623e+04       2.758e+09    3.395e+09  9.655886e-01  0.000000e+00  0.000000e+00
4.39122e+04       2.736e+09    3.369e+09  9.656035e-01  0.000000e+00  0.000000e+00
4.39621e+04       2.715e+09    3.343e+09  9.656185e-01  0.000000e+00  0.000000e+00
4.40120e+04       2.695e+09    3.317e+09  9.656335e-01  0.000000e+00  0.000000e+00
4.40619e+04       2.674e+09    3.292e+09  9.656484e-01  0.000000e+00  0.000000e+00
4.41118e+04       2.653e+09    3.267e+09  9.656634e-01  0.000000e+00  0.000000e+00
4.41617e+04       2.633e+09    3.241e+09  9.656783e-01  0.000000e+00  0.000000e+00
4.42116e+04       2.613e+09    3.216e+09  9.656932e-01  0.000000e+00  0.000000e+00
4.42615e+04       2.592e+09    3.192e+09  9.657081e-01  0.000000e+00  0.000000e+00
4.43114e+04       2.573e+09    3.167e+09  9.657230e-01  0.000000e+00  0.000000e+00
4.43613e+04       2.553e+09    3.143e+09  9.657379e-01  0.000000e+00  0.000000e+00
4.44112e+04       2.533e+09    3.119e+09  9.657528e-01  0.000000e+00  0.000000e+00
4.44611e+04       2.514e+09    3.095e+09  9.657676e-01  0.000000e+00  0.000000e+00
4.45110e+04       2.494e+09    3.071e+09  9.657825e-01  0.000000e+00  0.000000e+00
4.45609e+04       2.475e+09    3.047e+09  9.657973e-01  0.000000e+00  0.000000e+00
4.46108e+04       2.456e+09    3.024e+09  9.658122e-01  0.000000e+00  0.000000e+00
4.46607e+04       2.437e+09    3.000e+09  9.658270e-01  0.000000e+00  0.000000e+00
4.47106e+04       2.418e+09    2.977e+09  9.658418e-01  0.000000e+00  0.000000e+00
4.47605e+04       2.400e+09    2.954e+09  9.658566e-01  0.000000e+00  0.000000e+00
4.48104e+04       2.381e+09    2.932e+09  9.658714e-01  0.000000e+00  0.000000e+00
4.48603e+04       2.363e+09    2.909e+09  9.658862e-01  0.000000e+00  0.000000e+00
4.49102e+04       2.345e+09    2.887e+09  9.659009e-01  0.000000e+00  0.000000e+00
4.49601e+04       2.327e+09    2.864e+09  9.659157e-01  0.000000e+00  0.000000e+00
4.50100e+04       2.309e+09    2.842e+09  9.659304e-01  0.000000e+00  0.000000e+00
4.50599e+04       2.291e+09    2.820e+09  9.659452e-01  0.000000e+00  0.000000e+00
4.51098e+04       2.273e+09    2.799e+09  9.659599e-01  0.000000e+00  0.000000e+00
4.51597e+04       2.256e+09    2.777e+09  9.659746e-01  0.000000e+00  0.000000e+00
4.52096e+04       2.238e+09    2.756e+09  9.659893e-01  0.000000e+00  0.000000e+00
4.52595e+04       2.221e+09    2.734e+09  9.660040e-01  0.000000e+00  0.000000e+00
4.53094e+04       2.204e+09    2.713e+09  9.660187e-01  0.000000e+00  0.000000e+00
4.53593e+04       2.187e+09    2.692e+09  9.660334e-01  0.000000e+00  0.000000e+00
4.54092e+04       2.170e+09    2.672e+09  9.660480e-01  0.000000e+00  0.000000e+00
4.54591e+04       2.153e+09    2.651e+09  9.660627e-01  0.000000e+00  0.000000e+00
4.55090e+04       2.137e+09    2.631e+09  9.660773e-01  0.000000e+00  0.000000e+00
4.55589e+04       2.120e+09    2.610e+09  9.660920e-01  0.000000e+00  0.000000e+00
4.56088e+04       2.104e+09    2.590e+09  9.661066e-01  0.000000e+00  0.000000e+00
4.56587e+04       2.088e+09    2.570e+09  9.661212e-01  0.000000e+00  0.000000e+00
4.57086e+04       2.071e+09    2.550e+09  9.661358e-01  0.000000e+00  0.000000e+00
4.57585e+04       2.055e+09    2.531e+09  9.661504e-01  0.000000e+00  0.000000e+00
4.58084e+04       2.040e+09    2.511e+09  9.661650e-01  0.000000e+00  0.000000e+00
4.58583e+04       2.024e+09    2.492e+09  9.661795e-01  0.000000e+00  0.000000e+00
4.59082e+04       2.008e+09    2.472e+09  9.661941e-01  0.000000e+00  0.000000e+00
4.59581e+04       1.993e+09    2.453e+09  9.662086e-01  0.000000e+00  0.000000e+00
4.60080e+04       1.977e+09    2.434e+09  9.662232e-01  0.000000e+00  0.000000e+00
4.60579e+04       1.962e+09    2.416e+09  9.662377e-01  0.000000e+00  0.000000e+00
4.61078e+04       1.947e+09    2.397e+09  9.662522e-01  0.000000e+00  0.000000e+00
4.61577e+04       1.932e+09    2.378e+09  9.662667e-01  0.000000e+00  0.000000e+00
4.62076e+04       1.917e+09    2.360e+09  9.662812e-01  0.000000e+00  0.000000e+00
4.62575e+04       1.902e+09    2.342e+09  9.662957e-01  0.000000e+00  0.000000e+00
4.63074e+04       1.887e+09    2.324e+09  9.663102e-01  0.000000e+00  0.000000e+00
4.63573e+04       1.873e+09    2.306e+09  9.663246e-01  0.000000e+00  0.000000e+00
4.64072e+04       1.858e+09    2.288e+09  9.663391e-01  0.000000e+00  0.000000e+00
4.64571e+04       1.844e+09    2.270e+09  9.663535e-01  0.000000e+00  0.000000e+00
4.65070e+04       1.830e+09    2.253e+09  9.663679e-01  0.000000e+00  0.000000e+00
4.65569e+04       1.815e+09    2.235e+09  9.663824e-01  0.000000e+00  0.000000e+00
4.66068e+04       1.801e+09    2.218e+09  9.663968e-01  0.000000e+00  0.000000e+00
4.66567e+04       1.788e+09    2.201e+09  9.664112e-01  0.000000e+00  0.000000e+00
4.67066e+04       1.774e+09    2.184e+09  9.664256e-01  0.000000e+00  0.000000e+00
4.67565e+04       1.760e+09    2.167e+09  9.664399e-01  0.000000e+00  0.000000e+00
4.68064e+04       1.746e+09    2.150e+09  9.664543e-01  0.000000e+00  0.000000e+00
4.68563e+04       1.733e+09    2.133e+09  9.664687e-01  0.000000e+00  0.000000e+00
4.69062e+04       1.719e+09    2.117e+09  9.664830e-01  0.000000e+00  0.000000e+00
4.69561e+04       1.706e+09    2.100e+09  9.664974e-01  0.000000e+00  0.000000e+00
4.70060e+04       1.693e+09    2.084e+09  9.665117e-01  0.000000e+00  0.000000e+00
4.70559e+04       1.680e+09    2.068e+09  9.665260e-01  0.000000e+00  0.000000e+00
4.71058e+04       1.667e+09    2.052e+09  9.665403e-01  0.000000e+00  0.000000e+00
4.71557e+04       1.654e+09    2.036e+09  9.665546e-01  0.000000e+00  0.000000e+00
4.72056e+04       1.641e+09    2.020e+09  9.665689e-01  0.000000e+00  0.000000e+00
4.72555e+04       1.628e+09    2.005e+09  9.665831e-01  0.000000e+00  0.000000e+00
4.73054e+04       1.616e+09    1.989e+09  9.665974e-01  0.000000e+00  0.000000e+00
4.73553e+04       1.603e+09    1.974e+09  9.666117e-01  0.000000e+00  0.000000e+00
4.74052e+04       1.591e+09    1.958e+09  9.666259e-01  0.000000e+00  0.000000e+00
4.74551e+04       1.578e+09    1.943e+09  9.666401e-01  0.000000e+00  0.000000e+00
4.75050e+04       1.566e+09    1.928e+09  9.666544e-01  0.000000e+00  0.000000e+00
4.75549e+04       1.554e+09    1.913e+09  9.666686e-01  0.000000e+00  0.000000e+00
4.76048e+04       1.542e+09    1.898e+09  9.666828e-01  0.000000e+00  0.000000e+00
4.76547e+04       1.530e+09    1.884e+09  9.666970e-01  0.000000e+00  0.000000e+00
4.77046e+04       1.518e+09    1.869e+09  9.667111e-01  0.000000e+00  0.000000e+00
4.77545e+04       1.506e+09    1.855e+09  9.667253e-01  0.000000e+00  0.000000e+00
4.78044e+04       1.495e+09    1.840e+09  9.667395e-01  0.000000e+00  0.000000e+00
4.78543e+04       1.483e+09    1.826e+09  9.667536e-01  0.000000e+00  0.000000e+00
4.79042e+04       1.472e+09    1.812e+09  9.667678e-01  0.000000e+00  0.000000e+00
4.79541e+04       1.460e+09    1.798e+09  9.667819e-01  0.000000e+00  0.000000e+00
4.80040e+04       1.449e+09    1.784e+09  9.667960e-01  0.000000e+00  0.000000e+00
4.80539e+04       1.438e+09    1.770e+09  9.668101e-01  0.000000e+00  0.000000e+00
4.81038e+04       1.426e+09    1.756e+09  9.668242e-01  0.000000e+00  0.000000e+00
4.81537e+04       1.415e+09    1.742e+09  9.668383e-01  0.000000e+00  0.000000e+00
4.82036e+04       1.404e+09    1.729e+09  9.668524e-01  0.000000e+00  0.000000e+00
4.82535e+04       1.393e+09    1.716e+09  9.668664e-01  0.000000e+00  0.000000e+00
4.83034e+04       1.383e+09    1.702e+09  9.668805e-01  0.000000e+00  0.000000e+00
4.83533e+04       1.372e+09    1.689e+09  9.668945e-01  0.000000e+00  0.000000e+00
4.84032e+04       1.361e+09    1.676e+09  9.669086e-01  0.000000e+00  0.000000e+00
4.84531e+04       1.351e+09    1.663e+09  9.669226e-01  0.000000e+00  0.000000e+00
4.85030e+04       1.340e+09    1.650e+09  9.669366e-01  0.000000e+00  0.000000e+00
4.85529e+04       1.330e+09    1.637e+09  9.669506e-01  0.000000e+00  0.000000e+00
4.86028e+04       1.319e+09    1.624e+09  9.669646e-01  0.000000e+00  0.000000e+00
4.86527e+04       1.309e+09    1.612e+09  9.669786e-01  0.000000e+00  0.000000e+00
4.87026e+04       1.299e+09    1.599e+09  9.669925e-01  0.000000e+00  0.000000e+00
4.87525e+04       1.289e+09    1.587e+09  9.670065e-01  0.000000e+00  0.000000e+00
4.88024e+04       1.279e+09    1.574e+09  9.670204e-01  0.000000e+00  0.000000e+00
4.88523e+04       1.269e+09    1.562e+09  9.670344e-01  0.000000e+00  0.000000e+00
4.89022e+04       1.259e+09    1.550e+09  9.670483e-01  0.000000e+00  0.000000e+00
4.89521e+04       1.249e+09    1.538e+09  9.670622e-01  0.000000e+00  0.000000e+00
4.90020e+04       1.240e+09    1.526e+09  9.670761e-01  0.000000e+00  0.000000e+00
4.90519e+04       1.230e+09    1.514e+09  9.670900e-01  0.000000e+00  0.000000e+00
4.91018e+04       1.220e+09    1.502e+09  9.671039e-01  0.000000e+00  0.000000e+00
4.91517e+04       1.211e+09    1.491e+09  9.671178e-01  0.000000e+00  0.000000e+00
4.92016e+04       1.201e+09    1.479e+09  9.671317e-01  0.000000e+00  0.000000e+00
4.92515e+04       1.192e+09    1.468e+09  9.671455e-01  0.000000e+00  0.000000e+00
4.93014e+04       1.183e+09    1.456e+09  9.671594e-01  0.000000e+00  0.000000e+00
4.93513e+04       1.174e+09    1.445e+09  9.671732e-01  0.000000e+00  0.000000e+00
4.94012e+04       1.164e+09    1.434e+09  9.671870e-01  0.000000e+00  0.000000e+00
4.94511e+04       1.155e+09    1.422e+09  9.672009e-01  0.000000e+00  0.000000e+00
4.95010e+04       1.146e+09    1.411e+09  9.672147e-01  0.000000e+00  0.000000e+00
4.95509e+04       1.137e+09    1.400e+09  9.672285e-01  0.000000e+00  0.000000e+00
4.96008e+04       1.129e+09    1.389e+09  9.672422e-01  0.000000e+00  0.000000e+00
4.96507e+04       1.120e+09    1.379e+09  9.672560e-01  0.000000e+00  0.000000e+00
4.97006e+04       1.111e+09    1.368e+09  9.672698e-01  0.000000e+00  0.000000e+00
4.97505e+04       1.102e+09    1.357e+09  9.672835e-01  0.000000e+00  0.000000e+00
4.98004e+04       1.094e+09    1.347e+09  9.672973e-01  0.000000e+00  0.000000e+00
4.98503e+04       1.085e+09    1.336e+09  9.673110e-01  0.000000e+00  0.000000e+00
4.99002e+04       1.077e+09    1.326e+09  9.673247e-01  0.000000e+00  0.000000e+00
4.99501e+04       1.068e+09    1.315e+09  9.673385e-01  0.000000e+00  0.000000e+00
5.00000e+04       1.060e+09    1.305e+09  9.673522e-01  0.000000e+00  0.000000e+00
